#pipeline_block
reference	mutation	count	coverage	freq	score	cqs	has.reference	ancestral.allele	error.rate	minor.count.local	minor.fdr	minor.recall	minor.count.global	read.fraction.in.minors	q.filtered.read.fraction	global.est
SPIKE	S0:T>A	0	0	NaN	9999.0	0.0	FALSE	A	1.6559097E-4	0.0	0.0010381446	0.9801629	0.0	0.031777218	0.98239714	1.0
SPIKE	S0:T>G	0	0	NaN	9999.0	0.0	FALSE	A	3.7216095E-4	0.0	3.5833882E-4	0.95596737	0.0	0.02746196	0.9828715	1.0
SPIKE	S0:T>C	0	0	NaN	9999.0	0.0	FALSE	A	4.8898696E-4	0.0	0.0010654277	0.94254893	0.0	0.035039015	0.9603459	1.0
SPIKE	S1:A>G	0	0	NaN	9999.0	0.0	FALSE	A	6.3569035E-4	0.0	9.1178506E-4	0.9259653	0.0	0.033343524	0.95337516	1.0
SPIKE	S1:A>C	0	0	NaN	9999.0	0.0	FALSE	A	1.17910706E-4	0.0	0.0011363898	0.9858341	0.0	0.037171233	0.89372987	1.0
SPIKE	S1:A>T	0	0	NaN	9999.0	0.0	FALSE	A	1.272553E-4	0.0	0.001222494	0.98472005	0.0	0.032857176	0.9674606	1.0
SPIKE	S2:G>A	0	0	NaN	9999.0	0.0	FALSE	A	2.1311159E-4	0.0	0.0013216847	0.97454315	0.0	0.033256333	0.97319686	1.0
SPIKE	S2:G>C	0	0	NaN	9999.0	0.0	FALSE	A	2.262444E-4	0.0	5.749588E-4	0.97299576	0.0	0.028102433	0.9846662	1.0
SPIKE	S2:G>T	0	0	NaN	9999.0	0.0	FALSE	A	1.6778048E-4	0.0	6.9773453E-4	0.9799032	0.0	0.027884044	0.98740387	1.0
SPIKE	S3:C>A	0	0	NaN	9999.0	0.0	FALSE	A	3.9591505E-5	0.0	0.0021335233	0.9952209	0.0	0.03982074	0.9664032	1.0
SPIKE	S3:C>G	0	0	NaN	9999.0	0.0	FALSE	A	2.3448754E-4	0.0	6.425484E-4	0.97202575	0.0	0.028326692	0.9829702	1.0
SPIKE	S3:C>T	0	0	NaN	9999.0	0.0	FALSE	A	3.5854933E-4	0.0	8.974386E-4	0.9575432	0.0	0.032959227	0.97872424	1.0
SPIKE	S4:G>A	0	0	NaN	9999.0	0.0	FALSE	A	2.1311159E-4	0.0	0.0013216847	0.97454315	0.0	0.033256333	0.97319686	1.0
SPIKE	S4:G>C	0	0	NaN	9999.0	0.0	FALSE	A	2.262444E-4	0.0	5.749588E-4	0.97299576	0.0	0.028102433	0.9846662	1.0
SPIKE	S4:G>T	0	0	NaN	9999.0	0.0	FALSE	A	1.6778048E-4	0.0	6.9773453E-4	0.9799032	0.0	0.027884044	0.98740387	1.0
SPIKE	S5:T>A	0	0	NaN	9999.0	0.0	FALSE	A	1.6559097E-4	0.0	0.0010381446	0.9801629	0.0	0.031777218	0.98239714	1.0
SPIKE	S5:T>G	0	0	NaN	9999.0	0.0	FALSE	A	3.7216095E-4	0.0	3.5833882E-4	0.95596737	0.0	0.02746196	0.9828715	1.0
SPIKE	S5:T>C	0	0	NaN	9999.0	0.0	FALSE	A	4.8898696E-4	0.0	0.0010654277	0.94254893	0.0	0.035039015	0.9603459	1.0
SPIKE	S6:G>A	0	0	NaN	9999.0	0.0	FALSE	A	2.1311159E-4	0.0	0.0013216847	0.97454315	0.0	0.033256333	0.97319686	1.0
SPIKE	S6:G>C	0	0	NaN	9999.0	0.0	FALSE	A	2.262444E-4	0.0	5.749588E-4	0.97299576	0.0	0.028102433	0.9846662	1.0
SPIKE	S6:G>T	0	0	NaN	9999.0	0.0	FALSE	A	1.6778048E-4	0.0	6.9773453E-4	0.9799032	0.0	0.027884044	0.98740387	1.0
SPIKE	S7:A>G	0	0	NaN	9999.0	0.0	FALSE	A	6.3569035E-4	0.0	9.1178506E-4	0.9259653	0.0	0.033343524	0.95337516	1.0
SPIKE	S7:A>C	0	0	NaN	9999.0	0.0	FALSE	A	1.17910706E-4	0.0	0.0011363898	0.9858341	0.0	0.037171233	0.89372987	1.0
SPIKE	S7:A>T	0	0	NaN	9999.0	0.0	FALSE	A	1.272553E-4	0.0	0.001222494	0.98472005	0.0	0.032857176	0.9674606	1.0
SPIKE	S8:A>G	0	0	NaN	9999.0	0.0	FALSE	A	6.3569035E-4	0.0	9.1178506E-4	0.9259653	0.0	0.033343524	0.95337516	1.0
SPIKE	S8:A>C	0	0	NaN	9999.0	0.0	FALSE	A	1.17910706E-4	0.0	0.0011363898	0.9858341	0.0	0.037171233	0.89372987	1.0
SPIKE	S8:A>T	0	0	NaN	9999.0	0.0	FALSE	A	1.272553E-4	0.0	0.001222494	0.98472005	0.0	0.032857176	0.9674606	1.0
SPIKE	S9:G>A	0	0	NaN	9999.0	0.0	FALSE	A	2.1311159E-4	0.0	0.0013216847	0.97454315	0.0	0.033256333	0.97319686	1.0
SPIKE	S9:G>C	0	0	NaN	9999.0	0.0	FALSE	A	2.262444E-4	0.0	5.749588E-4	0.97299576	0.0	0.028102433	0.9846662	1.0
SPIKE	S9:G>T	0	0	NaN	9999.0	0.0	FALSE	A	1.6778048E-4	0.0	6.9773453E-4	0.9799032	0.0	0.027884044	0.98740387	1.0
SPIKE	S10:A>G	0	0	NaN	9999.0	0.0	FALSE	A	6.3569035E-4	0.0	9.1178506E-4	0.9259653	0.0	0.033343524	0.95337516	1.0
SPIKE	S10:A>C	0	0	NaN	9999.0	0.0	FALSE	A	1.17910706E-4	0.0	0.0011363898	0.9858341	0.0	0.037171233	0.89372987	1.0
SPIKE	S10:A>T	0	0	NaN	9999.0	0.0	FALSE	A	1.272553E-4	0.0	0.001222494	0.98472005	0.0	0.032857176	0.9674606	1.0
SPIKE	S11:C>A	0	0	NaN	9999.0	0.0	FALSE	A	3.9591505E-5	0.0	0.0021335233	0.9952209	0.0	0.03982074	0.9664032	1.0
SPIKE	S11:C>G	0	0	NaN	9999.0	0.0	FALSE	A	2.3448754E-4	0.0	6.425484E-4	0.97202575	0.0	0.028326692	0.9829702	1.0
SPIKE	S11:C>T	0	0	NaN	9999.0	0.0	FALSE	A	3.5854933E-4	0.0	8.974386E-4	0.9575432	0.0	0.032959227	0.97872424	1.0
SPIKE	S12:G>A	0	0	NaN	9999.0	0.0	FALSE	A	2.1311159E-4	0.0	0.0013216847	0.97454315	0.0	0.033256333	0.97319686	1.0
SPIKE	S12:G>C	0	0	NaN	9999.0	0.0	FALSE	A	2.262444E-4	0.0	5.749588E-4	0.97299576	0.0	0.028102433	0.9846662	1.0
SPIKE	S12:G>T	0	0	NaN	9999.0	0.0	FALSE	A	1.6778048E-4	0.0	6.9773453E-4	0.9799032	0.0	0.027884044	0.98740387	1.0
SPIKE	S13:A>G	0	0	NaN	9999.0	0.0	FALSE	A	6.3569035E-4	0.0	9.1178506E-4	0.9259653	0.0	0.033343524	0.95337516	1.0
SPIKE	S13:A>C	0	0	NaN	9999.0	0.0	FALSE	A	1.17910706E-4	0.0	0.0011363898	0.9858341	0.0	0.037171233	0.89372987	1.0
SPIKE	S13:A>T	0	0	NaN	9999.0	0.0	FALSE	A	1.272553E-4	0.0	0.001222494	0.98472005	0.0	0.032857176	0.9674606	1.0
SPIKE	S14:C>A	0	0	NaN	9999.0	0.0	FALSE	A	3.9591505E-5	0.0	0.0021335233	0.9952209	0.0	0.03982074	0.9664032	1.0
SPIKE	S14:C>G	0	0	NaN	9999.0	0.0	FALSE	A	2.3448754E-4	0.0	6.425484E-4	0.97202575	0.0	0.028326692	0.9829702	1.0
SPIKE	S14:C>T	0	0	NaN	9999.0	0.0	FALSE	A	3.5854933E-4	0.0	8.974386E-4	0.9575432	0.0	0.032959227	0.97872424	1.0
SPIKE	S15:A>G	0	0	NaN	9999.0	0.0	FALSE	A	6.3569035E-4	0.0	9.1178506E-4	0.9259653	0.0	0.033343524	0.95337516	1.0
SPIKE	S15:A>C	0	0	NaN	9999.0	0.0	FALSE	A	1.17910706E-4	0.0	0.0011363898	0.9858341	0.0	0.037171233	0.89372987	1.0
SPIKE	S15:A>T	0	0	NaN	9999.0	0.0	FALSE	A	1.272553E-4	0.0	0.001222494	0.98472005	0.0	0.032857176	0.9674606	1.0
SPIKE	S16:G>A	0	0	NaN	9999.0	0.0	FALSE	A	2.1311159E-4	0.0	0.0013216847	0.97454315	0.0	0.033256333	0.97319686	1.0
SPIKE	S16:G>C	0	0	NaN	9999.0	0.0	FALSE	A	2.262444E-4	0.0	5.749588E-4	0.97299576	0.0	0.028102433	0.9846662	1.0
SPIKE	S16:G>T	0	0	NaN	9999.0	0.0	FALSE	A	1.6778048E-4	0.0	6.9773453E-4	0.9799032	0.0	0.027884044	0.98740387	1.0
SPIKE	S17:A>G	0	0	NaN	9999.0	0.0	FALSE	A	6.3569035E-4	0.0	9.1178506E-4	0.9259653	0.0	0.033343524	0.95337516	1.0
SPIKE	S17:A>C	0	0	NaN	9999.0	0.0	FALSE	A	1.17910706E-4	0.0	0.0011363898	0.9858341	0.0	0.037171233	0.89372987	1.0
SPIKE	S17:A>T	0	0	NaN	9999.0	0.0	FALSE	A	1.272553E-4	0.0	0.001222494	0.98472005	0.0	0.032857176	0.9674606	1.0
SPIKE	S18:A>G	0	0	NaN	9999.0	0.0	FALSE	A	6.3569035E-4	0.0	9.1178506E-4	0.9259653	0.0	0.033343524	0.95337516	1.0
SPIKE	S18:A>C	0	0	NaN	9999.0	0.0	FALSE	A	1.17910706E-4	0.0	0.0011363898	0.9858341	0.0	0.037171233	0.89372987	1.0
SPIKE	S18:A>T	0	0	NaN	9999.0	0.0	FALSE	A	1.272553E-4	0.0	0.001222494	0.98472005	0.0	0.032857176	0.9674606	1.0
SPIKE	S19:C>A	0	0	NaN	9999.0	0.0	FALSE	A	3.9591505E-5	0.0	0.0021335233	0.9952209	0.0	0.03982074	0.9664032	1.0
SPIKE	S19:C>G	0	0	NaN	9999.0	0.0	FALSE	A	2.3448754E-4	0.0	6.425484E-4	0.97202575	0.0	0.028326692	0.9829702	1.0
SPIKE	S19:C>T	0	0	NaN	9999.0	0.0	FALSE	A	3.5854933E-4	0.0	8.974386E-4	0.9575432	0.0	0.032959227	0.97872424	1.0
SPIKE	S20:C>A	0	0	NaN	9999.0	0.0	FALSE	A	3.9591505E-5	0.0	0.0021335233	0.9952209	0.0	0.03982074	0.9664032	1.0
SPIKE	S20:C>G	0	0	NaN	9999.0	0.0	FALSE	A	2.3448754E-4	0.0	6.425484E-4	0.97202575	0.0	0.028326692	0.9829702	1.0
SPIKE	S20:C>T	0	0	NaN	9999.0	0.0	FALSE	A	3.5854933E-4	0.0	8.974386E-4	0.9575432	0.0	0.032959227	0.97872424	1.0
SPIKE	S21:A>G	0	0	NaN	9999.0	0.0	FALSE	A	6.3569035E-4	0.0	9.1178506E-4	0.9259653	0.0	0.033343524	0.95337516	1.0
SPIKE	S21:A>C	0	0	NaN	9999.0	0.0	FALSE	A	1.17910706E-4	0.0	0.0011363898	0.9858341	0.0	0.037171233	0.89372987	1.0
SPIKE	S21:A>T	0	0	NaN	9999.0	0.0	FALSE	A	1.272553E-4	0.0	0.001222494	0.98472005	0.0	0.032857176	0.9674606	1.0
SPIKE	S22:A>G	0	0	NaN	9999.0	0.0	FALSE	A	6.3569035E-4	0.0	9.1178506E-4	0.9259653	0.0	0.033343524	0.95337516	1.0
SPIKE	S22:A>C	0	0	NaN	9999.0	0.0	FALSE	A	1.17910706E-4	0.0	0.0011363898	0.9858341	0.0	0.037171233	0.89372987	1.0
SPIKE	S22:A>T	0	0	NaN	9999.0	0.0	FALSE	A	1.272553E-4	0.0	0.001222494	0.98472005	0.0	0.032857176	0.9674606	1.0
SPIKE	S23:A>G	0	0	NaN	9999.0	0.0	FALSE	A	6.3569035E-4	0.0	9.1178506E-4	0.9259653	0.0	0.033343524	0.95337516	1.0
SPIKE	S23:A>C	0	0	NaN	9999.0	0.0	FALSE	A	1.17910706E-4	0.0	0.0011363898	0.9858341	0.0	0.037171233	0.89372987	1.0
SPIKE	S23:A>T	0	0	NaN	9999.0	0.0	FALSE	A	1.272553E-4	0.0	0.001222494	0.98472005	0.0	0.032857176	0.9674606	1.0
SPIKE	S24:A>G	0	0	NaN	9999.0	0.0	FALSE	A	6.3569035E-4	0.0	9.1178506E-4	0.9259653	0.0	0.033343524	0.95337516	1.0
SPIKE	S24:A>C	0	0	NaN	9999.0	0.0	FALSE	A	1.17910706E-4	0.0	0.0011363898	0.9858341	0.0	0.037171233	0.89372987	1.0
SPIKE	S24:A>T	0	0	NaN	9999.0	0.0	FALSE	A	1.272553E-4	0.0	0.001222494	0.98472005	0.0	0.032857176	0.9674606	1.0
SPIKE	S25:A>G	0	0	NaN	9999.0	0.0	FALSE	A	6.3569035E-4	0.0	9.1178506E-4	0.9259653	0.0	0.033343524	0.95337516	1.0
SPIKE	S25:A>C	0	0	NaN	9999.0	0.0	FALSE	A	1.17910706E-4	0.0	0.0011363898	0.9858341	0.0	0.037171233	0.89372987	1.0
SPIKE	S25:A>T	0	0	NaN	9999.0	0.0	FALSE	A	1.272553E-4	0.0	0.001222494	0.98472005	0.0	0.032857176	0.9674606	1.0
SPIKE	S26:T>A	0	122027	0.0	9999.0	0.0	TRUE	T	5.020722E-5	193.0	0.0010381446	0.99394333	636.543	0.031777218	0.98239714	0.0
SPIKE	S26:T>G	0	122027	0.0	9999.0	0.0	TRUE	T	3.3295204E-5	148.0	3.5833882E-4	0.99597937	1654.2869	0.02746196	0.9828715	0.0
SPIKE	S26:T>C	0	122027	0.0	9999.0	0.0	TRUE	T	5.0511747E-4	1761.0	0.0010654277	0.9407111	1704.7639	0.035039015	0.9603459	0.0
SPIKE	S27:G>A	0	125306	0.0	9999.0	0.0	TRUE	G	1.2086289E-4	456.0	0.0013216847	0.98548204	804.04236	0.033256333	0.97319686	0.0
SPIKE	S27:G>C	0	125306	0.0	9999.0	0.0	TRUE	G	2.262444E-4	7.0	5.749588E-4	0.97299576	1009.382	0.028102433	0.9846662	1.0
SPIKE	S27:G>T	0	125306	0.0	9999.0	0.0	TRUE	G	6.153043E-4	2767.0	6.9773453E-4	0.9282522	754.5025	0.027884044	0.98740387	0.0
SPIKE	S28:G>A	0	126156	0.0	9999.0	0.0	TRUE	G	9.135274E-5	347.0	0.0013216847	0.9890072	809.4965	0.033256333	0.97319686	0.0
SPIKE	S28:G>C	0	126156	0.0	9999.0	0.0	TRUE	G	6.9015705E-6	31.0	5.749588E-4	0.99916524	1016.22906	0.028102433	0.9846662	0.0
SPIKE	S28:G>T	0	126156	0.0	9999.0	0.0	TRUE	G	1.7669925E-5	80.0	6.9773453E-4	0.99786425	759.6206	0.027884044	0.98740387	0.0
SPIKE	S29:G>A	0	126173	0.0	9999.0	0.0	TRUE	G	1.247705E-4	474.0	0.0013216847	0.98501617	809.6056	0.033256333	0.97319686	0.0
SPIKE	S29:G>C	0	126173	0.0	9999.0	0.0	TRUE	G	9.3492545E-6	42.0	5.749588E-4	0.99886936	1016.366	0.028102433	0.9846662	0.0
SPIKE	S29:G>T	0	126173	0.0	9999.0	0.0	TRUE	G	2.8488916E-5	129.0	6.9773453E-4	0.9965588	759.72296	0.027884044	0.98740387	0.0
SPIKE	S30:A>G	12	126199	9.508792E-5	0.077834345	39.5	TRUE	A	0.0014866956	5632.0	9.1178506E-4	0.83536196	2408.165	0.033343524	0.95337516	0.0
SPIKE	S30:A>T	2	126199	1.5847987E-5	10.743577	40.0	TRUE	A	4.6027388E-5	177.0	0.001222494	0.99444616	489.36493	0.032857176	0.9674606	0.0
SPIKE	S30:A>C	0	126199	0.0	9999.0	0.0	TRUE	A	9.120507E-6	31.0	0.0011363898	0.998897	400.7707	0.037171233	0.89372987	0.0
SPIKE	S31:T>A	1	126199	7.9239935E-6	0.012299165	40.0	TRUE	T	5.224508E-4	2077.0	0.0010381446	0.9387402	658.3059	0.031777218	0.98239714	0.0
SPIKE	S31:T>C	2	126199	1.5847987E-5	0.04054356	39.5	TRUE	T	5.5442884E-4	1999.0	0.0010654277	0.93511486	1763.0483	0.035039015	0.9603459	0.0
SPIKE	S31:T>G	0	126199	0.0	9999.0	0.0	TRUE	T	6.5259123E-6	30.0	3.5833882E-4	0.99921066	1710.8456	0.02746196	0.9828715	0.0
SPIKE	S32:C>T	6	126199	4.754396E-5	0.5022942	39.666668	TRUE	C	6.901712E-4	2645.0	8.974386E-4	0.9198812	1374.0981	0.032959227	0.97872424	0.0
SPIKE	S32:C>A	6	126199	4.754396E-5	79.68568	39.833332	TRUE	C	1.1335179E-5	36.0	0.0021335233	0.9986294	125.740776	0.03982074	0.9664032	0.0
SPIKE	S32:C>G	0	126199	0.0	9999.0	0.0	TRUE	C	2.4674791E-6	11.0	6.425484E-4	0.9997015	1045.3434	0.028326692	0.9829702	0.0
SPIKE	S33:C>T	11	126199	8.716392E-5	58.22729	39.363636	TRUE	C	1.2446566E-4	477.0	8.974386E-4	0.98505247	1374.0981	0.032959227	0.97872424	0.0
SPIKE	S33:C>A	1	126199	7.9239935E-6	10.196656	39.0	TRUE	C	1.3539241E-5	43.0	0.0021335233	0.9983631	125.740776	0.03982074	0.9664032	0.0
SPIKE	S33:C>G	0	126199	0.0	9999.0	0.0	TRUE	C	2.3448754E-4	4.0	6.425484E-4	0.97202575	1045.3434	0.028326692	0.9829702	1.0
SPIKE	S34:A>C	1	126199	7.9239935E-6	0.007719307	39.0	TRUE	A	5.589988E-4	1900.0	0.0011363898	0.93459797	400.7707	0.037171233	0.89372987	0.0
SPIKE	S34:A>T	2	126199	1.5847987E-5	14.617489	40.0	TRUE	A	2.8084509E-5	108.0	0.001222494	0.99660754	489.36493	0.032857176	0.9674606	0.0
SPIKE	S34:A>G	18	126199	1.4263188E-4	48.489307	39.61111	TRUE	A	3.919998E-4	1485.0	9.1178506E-4	0.9536753	2408.165	0.033343524	0.95337516	0.0
SPIKE	S35:T>C	3	126199	2.377198E-5	0.23362952	37.666668	TRUE	T	4.9951294E-4	1801.0	0.0010654277	0.94134927	1763.0483	0.035039015	0.9603459	0.0
SPIKE	D35-36:T>	4	126199	3.1695974E-5	9999.0	39.6133	TRUE		NaN	NaN	NaN	NaN	NaN	NaN	NaN	NaN
SPIKE	S35:T>A	0	126199	0.0	9999.0	0.0	TRUE	T	4.9176277E-4	1955.0	0.0010381446	0.94223243	658.3059	0.031777218	0.98239714	0.0
SPIKE	S35:T>G	0	126199	0.0	9999.0	0.0	TRUE	T	1.044146E-5	48.0	3.5833882E-4	0.9987374	1710.8456	0.02746196	0.9828715	0.0
SPIKE	S36:T>C	3	126199	2.377198E-5	1.5806648	39.666668	TRUE	T	2.9482634E-4	1063.0	0.0010654277	0.96495485	1763.0483	0.035039015	0.9603459	0.0
SPIKE	S36:T>A	3	126199	2.377198E-5	29.22664	38.666668	TRUE	T	1.7859415E-5	71.0	0.0010381446	0.99784136	658.3059	0.031777218	0.98239714	0.0
SPIKE	S36:T>G	1	126199	7.9239935E-6	0.08098936	40.0	TRUE	T	3.7216095E-4	6.0	3.5833882E-4	0.95596737	1710.8456	0.02746196	0.9828715	1.0
SPIKE	S37:A>G	8	126199	6.339195E-5	15.240718	39.875	TRUE	A	2.711002E-4	1027.0	9.1178506E-4	0.9677291	2408.165	0.033343524	0.95337516	0.0
SPIKE	S37:A>C	0	126199	0.0	9999.0	0.0	TRUE	A	4.619095E-5	157.0	0.0011363898	0.9944265	400.7707	0.037171233	0.89372987	0.0
SPIKE	S37:A>T	0	126199	0.0	9999.0	0.0	TRUE	A	4.0774545E-4	1568.0	0.001222494	0.95186013	489.36493	0.032857176	0.9674606	0.0
SPIKE	S38:T>C	5	126199	3.9619965E-5	3.3908076	40.0	TRUE	T	3.4669138E-4	1250.0	0.0010654277	0.95891804	1763.0483	0.035039015	0.9603459	0.0
SPIKE	S38:T>A	2	126199	1.5847987E-5	0.20533416	40.0	TRUE	T	4.0825113E-4	1623.0	0.0010381446	0.9518019	658.3059	0.031777218	0.98239714	0.0
SPIKE	S38:T>G	0	126199	0.0	9999.0	0.0	TRUE	T	1.0006399E-5	46.0	3.5833882E-4	0.99878997	1710.8456	0.02746196	0.9828715	0.0
SPIKE	S39:C>T	14	126199	1.109359E-4	12.606246	39.714287	TRUE	C	6.291126E-4	2411.0	8.974386E-4	0.92670256	1374.0981	0.032959227	0.97872424	0.0
SPIKE	S39:C>A	127	126199	0.0010063471	2788.1506	39.622047	TRUE	C	2.1725758E-5	69.0	0.0021335233	0.99737465	125.740776	0.03982074	0.9664032	0.0
SPIKE	S39:C>G	2	126199	1.5847987E-5	25.489136	38.5	TRUE	C	7.6267534E-6	34.0	6.425484E-4	0.9990776	1045.3434	0.028326692	0.9829702	0.0
SPIKE	S40:G>T	2	126199	1.5847987E-5	27.282232	39.5	TRUE	G	6.1823666E-6	28.0	6.9773453E-4	0.9992522	759.8795	0.027884044	0.98740387	0.0
SPIKE	S40:G>A	19	126199	1.5055586E-4	97.54361	39.63158	TRUE	G	2.036972E-4	774.0	0.0013216847	0.9756539	809.7724	0.033256333	0.97319686	0.0
SPIKE	S40:G>C	0	126199	0.0	9999.0	0.0	TRUE	G	3.2292795E-4	1451.0	5.749588E-4	0.9616793	1016.57544	0.028102433	0.9846662	0.0
SPIKE	S41:G>C	1	126199	7.9239935E-6	12.225839	40.0	TRUE	G	8.457107E-6	38.0	5.749588E-4	0.9989772	1016.57544	0.028102433	0.9846662	0.0
SPIKE	S41:G>T	1	126199	7.9239935E-6	17.635168	40.0	TRUE	G	2.4287867E-6	11.0	6.9773453E-4	0.99970615	759.8795	0.027884044	0.98740387	0.0
SPIKE	S41:G>A	15	126199	1.188599E-4	115.5885	38.6	TRUE	G	8.632129E-5	328.0	0.0013216847	0.9896095	809.7724	0.033256333	0.97319686	0.0
SPIKE	S42:C>T	5	126199	3.9619965E-5	14.429785	39.6	TRUE	C	1.4247013E-4	546.0	8.974386E-4	0.98290884	1374.0981	0.032959227	0.97872424	0.0
SPIKE	S42:C>A	4	126199	3.1695974E-5	52.642056	39.75	TRUE	C	9.131116E-6	29.0	0.0021335233	0.99889576	125.740776	0.03982074	0.9664032	0.0
SPIKE	D42-43:C>	2	126199	1.5847987E-5	9999.0	39.700348	TRUE		NaN	NaN	NaN	NaN	NaN	NaN	NaN	NaN
SPIKE	S42:C>G	0	126199	0.0	9999.0	0.0	TRUE	C	3.4365253E-4	1532.0	6.425484E-4	0.9592707	1045.3434	0.028326692	0.9829702	0.0
SPIKE	S43:G>C	1	126199	7.9239935E-6	0.16917004	40.0	TRUE	G	3.1224528E-4	1403.0	5.749588E-4	0.96292317	1016.57544	0.028102433	0.9846662	0.0
SPIKE	S43:G>T	2	126199	1.5847987E-5	24.24047	40.0	TRUE	G	8.831952E-6	40.0	6.9773453E-4	0.9989319	759.8795	0.027884044	0.98740387	0.0
SPIKE	S43:G>A	24	126199	1.9017584E-4	143.22755	39.541668	TRUE	G	2.005391E-4	762.0	0.0013216847	0.9760268	809.7724	0.033256333	0.97319686	0.0
SPIKE	S44:G>T	1	126199	7.9239935E-6	15.263206	36.0	TRUE	G	4.195177E-6	19.0	6.9773453E-4	0.9994925	759.8795	0.027884044	0.98740387	0.0
SPIKE	S44:G>A	12	126199	9.508792E-5	80.10534	39.083332	TRUE	G	9.3163835E-5	354.0	0.0013216847	0.98879045	809.7724	0.033256333	0.97319686	0.0
SPIKE	S44:G>C	0	126199	0.0	9999.0	0.0	TRUE	G	1.29082155E-5	58.0	5.749588E-4	0.9984393	1016.57544	0.028102433	0.9846662	0.0
SPIKE	S45:C>T	13	126199	1.0301191E-4	245.46896	38.23077	TRUE	C	5.47962E-6	21.0	8.974386E-4	0.9993372	1374.0981	0.032959227	0.97872424	0.0
SPIKE	S45:C>A	3	126199	2.377198E-5	46.14523	39.333332	TRUE	C	4.722991E-6	15.0	0.0021335233	0.9994287	125.740776	0.03982074	0.9664032	0.0
SPIKE	S45:C>G	1	126199	7.9239935E-6	0.081913225	40.0	TRUE	C	3.7124346E-4	1655.0	6.425484E-4	0.9560735	1045.3434	0.028326692	0.9829702	0.0
SPIKE	S46:G>T	2	126199	1.5847987E-5	30.167618	40.0	TRUE	G	4.415976E-6	20.0	6.9773453E-4	0.9994658	759.8795	0.027884044	0.98740387	0.0
SPIKE	S46:G>A	13	126199	1.0301191E-4	70.12902	39.53846	TRUE	G	1.3842988E-4	526.0	0.0013216847	0.9833895	809.7724	0.033256333	0.97319686	0.0
SPIKE	S46:G>C	0	126199	0.0	9999.0	0.0	TRUE	G	3.0734908E-4	1381.0	5.749588E-4	0.96349376	1016.57544	0.028102433	0.9846662	0.0
SPIKE	S47:A>T	2	126199	1.5847987E-5	22.047703	38.0	TRUE	A	1.1441836E-5	44.0	0.001222494	0.9986165	489.36493	0.032857176	0.9674606	0.0
SPIKE	S47:A>G	14	126199	1.109359E-4	5.658045	39.714287	TRUE	A	8.441854E-4	3198.0	9.1178506E-4	0.9028973	2408.165	0.033343524	0.95337516	0.0
SPIKE	S47:A>C	0	126199	0.0	9999.0	0.0	TRUE	A	5.0015683E-6	17.0	0.0011363898	0.999395	400.7707	0.037171233	0.89372987	0.0
SPIKE	S48:A>T	2	126199	1.5847987E-5	21.672827	39.5	TRUE	A	1.196192E-5	46.0	0.001222494	0.99855363	489.36493	0.032857176	0.9674606	0.0
SPIKE	S48:A>G	31	126199	2.4564378E-4	115.283	39.48387	TRUE	A	4.6353647E-4	1756.0	9.1178506E-4	0.945456	2408.165	0.033343524	0.95337516	0.0
SPIKE	S48:A>C	0	126199	0.0	9999.0	0.0	TRUE	A	1.2356815E-5	42.0	0.0011363898	0.99850595	400.7707	0.037171233	0.89372987	0.0
SPIKE	S49:T>C	5	126199	3.9619965E-5	0.46590456	39.2	TRUE	T	6.1128626E-4	2204.0	0.0010654277	0.9287036	1763.0483	0.035039015	0.9603459	0.0
SPIKE	D49-50:T>	25	126199	1.9809982E-4	9999.0	39.62315	TRUE		NaN	NaN	NaN	NaN	NaN	NaN	NaN	NaN
SPIKE	S49:T>A	0	126199	0.0	9999.0	0.0	TRUE	T	4.0271724E-4	1601.0	0.0010381446	0.9524394	658.3059	0.031777218	0.98239714	0.0
SPIKE	S49:T>G	0	126199	0.0	9999.0	0.0	TRUE	T	8.701217E-6	40.0	3.5833882E-4	0.9989477	1710.8456	0.02746196	0.9828715	0.0
SPIKE	S50:T>C	6	126199	4.754396E-5	2.9361422	39.666668	TRUE	T	4.3794056E-4	1579.0	0.0010654277	0.94838876	1763.0483	0.035039015	0.9603459	0.0
SPIKE	S50:T>A	14	126199	1.109359E-4	152.30801	39.57143	TRUE	T	3.79827E-5	151.0	0.0010381446	0.9954146	658.3059	0.031777218	0.98239714	0.0
SPIKE	S50:T>G	0	126199	0.0	9999.0	0.0	TRUE	T	1.0876521E-5	50.0	3.5833882E-4	0.9986848	1710.8456	0.02746196	0.9828715	0.0
SPIKE	S51:T>C	4	126199	3.1695974E-5	2.8189783	38.0	TRUE	T	3.0148283E-4	1087.0	0.0010654277	0.9641779	1763.0483	0.035039015	0.9603459	0.0
SPIKE	S51:T>G	1	126199	7.9239935E-6	13.804209	40.0	TRUE	T	5.8733212E-6	27.0	3.5833882E-4	0.9992896	1710.8456	0.02746196	0.9828715	0.0
SPIKE	S51:T>A	10	126199	7.923993E-5	108.71803	37.3	TRUE	T	2.8927223E-5	115.0	0.0010381446	0.9965059	658.3059	0.031777218	0.98239714	0.0
SPIKE	S52:A>G	13	126199	1.0301191E-4	29.51452	39.615383	TRUE	A	3.4448467E-4	1305.0	9.1178506E-4	0.95917416	2408.165	0.033343524	0.95337516	0.0
SPIKE	S52:A>C	0	126199	0.0	9999.0	0.0	TRUE	A	1.6769964E-5	57.0	0.0011363898	0.9979729	400.7707	0.037171233	0.89372987	0.0
SPIKE	S52:A>T	0	126199	0.0	9999.0	0.0	TRUE	A	9.049453E-5	348.0	0.001222494	0.9891099	489.36493	0.032857176	0.9674606	0.0
SPIKE	S53:C>T	18	126200	1.4263074E-4	134.66382	39.666668	TRUE	C	1.0646035E-4	408.0	8.974386E-4	0.9872009	1374.109	0.032959227	0.97872424	0.0
SPIKE	S53:C>G	2	126200	1.584786E-5	22.921068	39.5	TRUE	C	1.03184675E-5	46.0	6.425484E-4	0.99875224	1045.3517	0.028326692	0.9829702	0.0
SPIKE	S53:C>A	202	126200	0.001600634	Infinity	39.475246	TRUE	C	1.0453471E-4	332.0	0.0021335233	0.98743093	125.74177	0.03982074	0.9664032	0.0
SPIKE	D53-54:C>	13	126200	1.03011094E-4	9999.0	39.81863	TRUE		NaN	NaN	NaN	NaN	NaN	NaN	NaN	NaN
SPIKE	D53-55:CC>	2	126200	1.584786E-5	9999.0	39.81863	TRUE		NaN	NaN	NaN	NaN	NaN	NaN	NaN	NaN
SPIKE	S54:C>T	13	126200	1.03011094E-4	64.867775	40.0	TRUE	C	1.5421095E-4	591.0	8.974386E-4	0.9815135	1374.109	0.032959227	0.97872424	0.0
SPIKE	S54:C>A	141	126200	0.0011172742	2889.806	40.0	TRUE	C	3.36904E-5	107.0	0.0021335233	0.99593174	125.74177	0.03982074	0.9664032	0.0
SPIKE	S54:C>G	0	126200	0.0	9999.0	0.0	TRUE	C	3.3647175E-6	15.0	6.425484E-4	0.99959296	1045.3517	0.028326692	0.9829702	0.0
SPIKE	S55:A>T	6	126200	4.754358E-5	20.354479	40.0	TRUE	A	1.3678087E-4	526.0	0.001222494	0.9835857	489.3688	0.032857176	0.9674606	0.0
SPIKE	S55:A>G	25	126200	1.9809826E-4	32.02511	40.0	TRUE	A	8.594891E-4	3256.0	9.1178506E-4	0.90122694	2408.184	0.033343524	0.95337516	0.0
SPIKE	D55-56:A>	1	126200	7.92393E-6	9999.0	39.999462	TRUE		NaN	NaN	NaN	NaN	NaN	NaN	NaN	NaN
SPIKE	S55:A>C	0	126200	0.0	9999.0	0.0	TRUE	A	6.4755086E-4	2201.0	0.0011363898	0.9246374	400.77386	0.037171233	0.89372987	0.0
SPIKE	S56:C>T	15	126200	1.1885895E-4	103.89512	40.0	TRUE	C	1.0489476E-4	402.0	8.974386E-4	0.98738796	1374.109	0.032959227	0.97872424	0.0
SPIKE	S56:C>G	1	126200	7.92393E-6	12.191765	40.0	TRUE	C	8.523951E-6	38.0	6.425484E-4	0.99896914	1045.3517	0.028326692	0.9829702	0.0
SPIKE	S56:C>A	110	126200	8.716323E-4	1270.7173	40.0	TRUE	C	2.1253292E-4	675.0	0.0021335233	0.97461134	125.74177	0.03982074	0.9664032	0.0
SPIKE	D56-57:C>	1	126200	7.92393E-6	9999.0	39.999977	TRUE		NaN	NaN	NaN	NaN	NaN	NaN	NaN	NaN
SPIKE	S57:C>T	13	126200	1.03011094E-4	71.59084	40.0	TRUE	C	1.343801E-4	515.0	8.974386E-4	0.98387146	1374.109	0.032959227	0.97872424	0.0
SPIKE	S57:C>A	16	126200	1.2678288E-4	197.57547	40.0	TRUE	C	2.991204E-5	95.0	0.0021335233	0.9963872	125.74177	0.03982074	0.9664032	0.0
SPIKE	S57:C>G	0	126200	0.0	9999.0	0.0	TRUE	C	2.9160885E-6	13.0	6.425484E-4	0.9996472	1045.3517	0.028326692	0.9829702	0.0
SPIKE	S58:A>T	3	126200	2.377179E-5	18.964605	40.0	TRUE	A	4.160635E-5	160.0	0.001222494	0.9949783	489.3688	0.032857176	0.9674606	0.0
SPIKE	S58:A>C	1	126200	7.92393E-6	0.3205086	40.0	TRUE	A	2.5978527E-4	883.0	0.0011363898	0.9690549	400.77386	0.037171233	0.89372987	0.0
SPIKE	S58:A>G	16	126200	1.2678288E-4	42.81853	40.0	TRUE	A	3.5715254E-4	1353.0	9.1178506E-4	0.957705	2408.184	0.033343524	0.95337516	0.0
SPIKE	S59:T>C	22	126200	1.7432647E-4	38.59358	40.0	TRUE	T	6.401259E-4	2308.0	0.0010654277	0.92546844	1763.0623	0.035039015	0.9603459	0.0
SPIKE	S59:T>A	1	126200	7.92393E-6	0.5565659	40.0	TRUE	T	2.1431128E-4	852.0	0.0010381446	0.97440165	658.3111	0.031777218	0.98239714	0.0
SPIKE	D59-60:T>	1	126200	7.92393E-6	9999.0	39.999992	TRUE		NaN	NaN	NaN	NaN	NaN	NaN	NaN	NaN
SPIKE	S59:T>G	0	126200	0.0	9999.0	0.0	TRUE	T	1.000632E-5	46.0	3.5833882E-4	0.99878997	1710.8591	0.02746196	0.9828715	0.0
SPIKE	S60:T>C	17	126200	1.3470682E-4	24.848976	40.0	TRUE	T	5.7550316E-4	2075.0	0.0010654277	0.93273336	1763.0623	0.035039015	0.9603459	0.0
SPIKE	S60:T>G	1	126200	7.92393E-6	6.8828516	40.0	TRUE	T	2.9583902E-5	136.0	3.5833882E-4	0.99642676	1710.8591	0.02746196	0.9828715	0.0
SPIKE	S60:T>A	2	126200	1.584786E-5	20.760826	40.0	TRUE	T	1.3331571E-5	53.0	0.0010381446	0.9983882	658.3111	0.031777218	0.98239714	0.0
SPIKE	S61:G>A	14	126200	1.1093503E-4	79.76302	40.0	TRUE	G	1.3579705E-4	516.0	0.0013216847	0.98370284	809.7789	0.033256333	0.97319686	0.0
SPIKE	D61-62:G>	2	126200	1.584786E-5	9999.0	39.999146	TRUE		NaN	NaN	NaN	NaN	NaN	NaN	NaN	NaN
SPIKE	S61:G>C	0	126200	0.0	9999.0	0.0	TRUE	G	2.262444E-4	3.0	5.749588E-4	0.97299576	1016.5835	0.028102433	0.9846662	1.0
SPIKE	S61:G>T	0	126200	0.0	9999.0	0.0	TRUE	G	1.7752084E-4	804.0	6.9773453E-4	0.97874904	759.88556	0.027884044	0.98740387	0.0
SPIKE	S62:A>T	2	126200	1.584786E-5	6.9598575	40.0	TRUE	A	7.7751865E-5	299.0	0.001222494	0.99063617	489.3688	0.032857176	0.9674606	0.0
SPIKE	S62:A>G	34	126200	2.6941363E-4	50.292152	40.0	TRUE	A	0.0010421568	3948.0	9.1178506E-4	0.8815258	2408.184	0.033343524	0.95337516	0.0
SPIKE	D62-63:A>	4	126200	3.169572E-5	9999.0	39.999985	TRUE		NaN	NaN	NaN	NaN	NaN	NaN	NaN	NaN
SPIKE	S62:A>C	0	126200	0.0	9999.0	0.0	TRUE	A	1.0297264E-5	35.0	0.0011363898	0.9987548	400.77386	0.037171233	0.89372987	0.0
SPIKE	S63:A>T	1	126200	7.92393E-6	7.256757	40.0	TRUE	A	2.7044127E-5	104.0	0.001222494	0.996733	489.3688	0.032857176	0.9674606	0.0
SPIKE	S63:A>C	1	126200	7.92393E-6	11.375374	40.0	TRUE	A	1.0297264E-5	35.0	0.0011363898	0.9987548	400.77386	0.037171233	0.89372987	0.0
SPIKE	S63:A>G	36	126200	2.8526149E-4	70.09893	40.0	TRUE	A	9.2389795E-4	3500.0	9.1178506E-4	0.89423054	2408.184	0.033343524	0.95337516	0.0
SPIKE	S64:A>G	38	126200	3.0110934E-4	105.54317	40.0	TRUE	A	7.3859043E-4	2798.0	9.1178506E-4	0.9145076	2408.184	0.033343524	0.95337516	0.0
SPIKE	S64:A>C	1	126200	7.92393E-6	10.106051	40.0	TRUE	A	1.38277555E-5	47.0	0.0011363898	0.99832827	400.77386	0.037171233	0.89372987	0.0
SPIKE	S64:A>T	6	126200	4.754358E-5	56.32845	40.0	TRUE	A	2.8604365E-5	110.0	0.001222494	0.99654484	489.3688	0.032857176	0.9674606	0.0
SPIKE	S65:A>G	36	126200	2.8526149E-4	140.00555	40.0	TRUE	A	5.057681E-4	1916.0	9.1178506E-4	0.94063705	2408.184	0.033343524	0.95337516	0.0
SPIKE	S65:A>C	4	126200	3.169572E-5	6.832961	40.0	TRUE	A	1.8858704E-4	641.0	0.0011363898	0.97743934	400.77386	0.037171233	0.89372987	0.0
SPIKE	S65:A>T	7	126200	5.5467513E-5	73.34072	40.0	TRUE	A	2.444373E-5	94.0	0.001222494	0.99704665	489.3688	0.032857176	0.9674606	0.0
SPIKE	S66:C>A	62	126200	4.9128366E-4	650.152	40.0	TRUE	C	1.5806152E-4	502.0	0.0021335233	0.9810563	125.74177	0.03982074	0.9664032	0.0
SPIKE	S66:C>G	1	126200	7.92393E-6	13.671101	40.0	TRUE	C	6.0564917E-6	27.0	6.425484E-4	0.99926746	1045.3517	0.028326692	0.9829702	0.0
SPIKE	S66:C>T	13	126200	1.03011094E-4	90.97275	40.0	TRUE	C	9.1587215E-5	351.0	8.974386E-4	0.9889791	1374.109	0.032959227	0.97872424	0.0
SPIKE	D66-67:C>	19	126200	1.5055467E-4	9999.0	39.999985	TRUE		NaN	NaN	NaN	NaN	NaN	NaN	NaN	NaN
SPIKE	S67:C>A	81	126200	6.4183836E-4	915.67535	40.0	TRUE	C	1.6782229E-4	533.0	0.0021335233	0.9798983	125.74177	0.03982074	0.9664032	0.0
SPIKE	S67:C>T	9	126200	7.131537E-5	41.75823	40.0	TRUE	C	1.2733493E-4	488.0	8.974386E-4	0.9847106	1374.109	0.032959227	0.97872424	0.0
SPIKE	S67:C>G	0	126200	0.0	9999.0	0.0	TRUE	C	2.3448754E-4	5.0	6.425484E-4	0.97202575	1045.3517	0.028326692	0.9829702	1.0
SPIKE	S68:A>G	16	126200	1.2678288E-4	29.03388	40.0	TRUE	A	4.7857914E-4	1813.0	9.1178506E-4	0.9437367	2408.184	0.033343524	0.95337516	0.0
SPIKE	S68:A>C	1	126200	7.92393E-6	1.4693644	40.0	TRUE	A	1.3533547E-4	460.0	0.0011363898	0.98375773	400.77386	0.037171233	0.89372987	0.0
SPIKE	S68:A>T	3	126200	2.377179E-5	11.5825815	40.0	TRUE	A	8.087234E-5	311.0	0.001222494	0.99026215	489.3688	0.032857176	0.9674606	0.0
SPIKE	S69:G>A	12	126200	9.508716E-5	42.330242	40.0	TRUE	G	2.179069E-4	828.0	0.0013216847	0.9739778	809.7789	0.033256333	0.97319686	0.0
SPIKE	S69:G>C	1	126200	7.92393E-6	1.3592299	40.0	TRUE	G	1.4154414E-4	636.0	5.749588E-4	0.983019	1016.5835	0.028102433	0.9846662	0.0
SPIKE	S69:G>T	3	126200	2.377179E-5	50.725365	40.0	TRUE	G	3.3119559E-6	15.0	6.9773453E-4	0.99959934	759.88556	0.027884044	0.98740387	0.0
SPIKE	S70:C>A	69	126200	5.467512E-4	1412.3895	40.0	TRUE	C	1.7002634E-5	54.0	0.0021335233	0.9979448	125.74177	0.03982074	0.9664032	0.0
SPIKE	S70:C>G	5	126200	3.9619652E-5	19.497904	40.0	TRUE	C	1.0497919E-4	468.0	6.425484E-4	0.9873779	1045.3517	0.028326692	0.9829702	0.0
SPIKE	S70:C>T	14	126200	1.1093503E-4	103.626656	40.0	TRUE	C	8.793416E-5	337.0	8.974386E-4	0.98941636	1374.109	0.032959227	0.97872424	0.0
SPIKE	S71:C>A	4	126200	3.169572E-5	31.185717	40.0	TRUE	C	3.3060674E-5	105.0	0.0021335233	0.9960076	125.74177	0.03982074	0.9664032	0.0
SPIKE	S71:C>T	25	126200	1.9809826E-4	140.00708	40.0	TRUE	C	2.2883757E-4	877.0	8.974386E-4	0.97269046	1374.109	0.032959227	0.97872424	0.0
SPIKE	S71:C>G	0	126200	0.0	9999.0	0.0	TRUE	C	9.802544E-5	437.0	6.425484E-4	0.988209	1045.3517	0.028326692	0.9829702	0.0
SPIKE	S72:G>A	22	126200	1.7432647E-4	127.20291	40.0	TRUE	G	1.9501089E-4	741.0	0.0013216847	0.9766799	809.7789	0.033256333	0.97319686	0.0
SPIKE	S72:G>C	1	126200	7.92393E-6	2.332606	40.0	TRUE	G	9.94815E-5	447.0	5.749588E-4	0.9880349	1016.5835	0.028102433	0.9846662	0.0
SPIKE	S72:G>T	6	126200	4.754358E-5	33.99603	40.0	TRUE	G	7.264223E-5	329.0	6.9773453E-4	0.9912488	759.88556	0.027884044	0.98740387	0.0
SPIKE	D72-76:GTGG>	1	126200	7.92393E-6	9999.0	39.99947	TRUE		NaN	NaN	NaN	NaN	NaN	NaN	NaN	NaN
SPIKE	S73:T>A	3	126200	2.377179E-5	13.927457	40.0	TRUE	T	6.489708E-5	258.0	0.0010381446	0.9921782	658.3111	0.031777218	0.98239714	0.0
SPIKE	S73:T>G	1	126200	7.92393E-6	0.26583913	40.0	TRUE	T	2.751738E-4	1265.0	3.5833882E-4	0.9672522	1710.8591	0.02746196	0.9828715	0.0
SPIKE	S73:T>C	9	126200	7.131537E-5	1.6820015	40.0	TRUE	T	7.507889E-4	2707.0	0.0010654277	0.91315883	1763.0623	0.035039015	0.9603459	0.0
SPIKE	S74:G>A	11	126200	8.716324E-5	57.701027	40.0	TRUE	G	1.2605966E-4	479.0	0.0013216847	0.9848625	809.7789	0.033256333	0.97319686	0.0
SPIKE	S74:G>C	0	126200	0.0	9999.0	0.0	TRUE	G	1.446599E-5	65.0	5.749588E-4	0.99825114	1016.5835	0.028102433	0.9846662	0.0
SPIKE	S74:G>T	0	126200	0.0	9999.0	0.0	TRUE	G	9.140998E-5	414.0	6.9773453E-4	0.9890003	759.88556	0.027884044	0.98740387	0.0
SPIKE	S75:G>A	14	126200	1.1093503E-4	96.30506	40.0	TRUE	G	1.0026876E-4	381.0	0.0013216847	0.9879408	809.7789	0.033256333	0.97319686	0.0
SPIKE	S75:G>C	1	126200	7.92393E-6	13.547678	40.0	TRUE	G	6.231503E-6	28.0	5.749588E-4	0.9992463	1016.5835	0.028102433	0.9846662	0.0
SPIKE	S75:G>T	0	126200	0.0	9999.0	0.0	TRUE	G	1.17464035E-4	532.0	6.9773453E-4	0.9858874	759.88556	0.027884044	0.98740387	0.0
SPIKE	I76:>T	1	126200	7.92393E-6	9999.0	40.0	TRUE		NaN	NaN	NaN	NaN	NaN	NaN	NaN	NaN
SPIKE	D76-78:TT>	3	126200	2.377179E-5	9999.0	40.0	TRUE		NaN	NaN	NaN	NaN	NaN	NaN	NaN	NaN
SPIKE	S76:T>A	2	126200	1.584786E-5	18.926899	40.0	TRUE	T	1.6601578E-5	66.0	0.0010381446	0.99799323	658.3111	0.031777218	0.98239714	0.0
SPIKE	S76:T>G	3	126200	2.377179E-5	5.992285	40.0	TRUE	T	1.4661434E-4	674.0	3.5833882E-4	0.9824161	1710.8591	0.02746196	0.9828715	0.0
SPIKE	S76:T>C	25	126200	1.9809826E-4	63.63211	40.0	TRUE	T	5.4582657E-4	1968.0	0.0010654277	0.93608874	1763.0623	0.035039015	0.9603459	0.0
SPIKE	D76-77:T>	2	126200	1.584786E-5	9999.0	40.0	TRUE		NaN	NaN	NaN	NaN	NaN	NaN	NaN	NaN
SPIKE	S77:T>A	50	126200	3.9619653E-4	846.6872	40.0	TRUE	T	2.8423914E-5	113.0	0.0010381446	0.9965666	658.3111	0.031777218	0.98239714	0.0
SPIKE	S77:T>G	1	126200	7.92393E-6	8.434932	40.0	TRUE	T	2.0447696E-5	94.0	3.5833882E-4	0.9975289	1710.8591	0.02746196	0.9828715	0.0
SPIKE	S77:T>C	15	126200	1.1885895E-4	16.013832	40.0	TRUE	T	6.140549E-4	2214.0	0.0010654277	0.9283925	1763.0623	0.035039015	0.9603459	0.0
SPIKE	S78:T>A	13	126200	1.03011094E-4	169.58327	40.0	TRUE	T	2.1380822E-5	85.0	0.0010381446	0.99741626	658.3111	0.031777218	0.98239714	0.0
SPIKE	S78:T>C	24	126200	1.9017432E-4	59.416058	40.0	TRUE	T	5.3861545E-4	1942.0	0.0010654277	0.93690586	1763.0623	0.035039015	0.9603459	0.0
SPIKE	S78:T>G	0	126200	0.0	9999.0	0.0	TRUE	T	1.311698E-4	603.0	3.5833882E-4	0.98425376	1710.8591	0.02746196	0.9828715	0.0
SPIKE	S79:G>A	19	126200	1.5055467E-4	127.81697	40.0	TRUE	G	1.3474436E-4	512.0	0.0013216847	0.9838281	809.7789	0.033256333	0.97319686	0.0
SPIKE	S79:G>T	1	126200	7.92393E-6	2.8111382	40.0	TRUE	G	8.566926E-5	388.0	6.9773453E-4	0.98968756	759.88556	0.027884044	0.98740387	0.0
SPIKE	S79:G>C	0	126200	0.0	9999.0	0.0	TRUE	G	1.3620286E-4	612.0	5.749588E-4	0.9836545	1016.5835	0.028102433	0.9846662	0.0
SPIKE	S80:C>A	2	126200	1.584786E-5	19.710003	40.0	TRUE	C	1.5113452E-5	48.0	0.0021335233	0.99817294	125.74177	0.03982074	0.9664032	0.0
SPIKE	S80:C>T	19	126200	1.5055467E-4	71.61077	40.0	TRUE	C	2.9694088E-4	1138.0	8.974386E-4	0.964708	1374.109	0.032959227	0.97872424	0.0
SPIKE	D80-81:C>	3	126200	2.377179E-5	9999.0	39.998837	TRUE		NaN	NaN	NaN	NaN	NaN	NaN	NaN	NaN
SPIKE	S80:C>G	0	126200	0.0	9999.0	0.0	TRUE	C	1.7810572E-4	794.0	6.425484E-4	0.9786798	1045.3517	0.028326692	0.9829702	0.0
SPIKE	S81:G>A	26	126200	2.0602219E-4	151.61818	40.0	TRUE	G	2.236967E-4	850.0	0.0013216847	0.97329575	809.7789	0.033256333	0.97319686	0.0
SPIKE	S81:G>T	4	126200	3.169572E-5	34.380516	40.0	TRUE	G	2.7158037E-5	123.0	6.9773453E-4	0.99671924	759.88556	0.027884044	0.98740387	0.0
SPIKE	S81:G>C	1	126200	7.92393E-6	4.4790144	40.0	TRUE	G	5.385799E-5	242.0	5.749588E-4	0.99350435	1016.5835	0.028102433	0.9846662	0.0
SPIKE	S82:G>A	13	126200	1.03011094E-4	86.45339	40.0	TRUE	G	1.00005585E-4	380.0	0.0013216847	0.98797226	809.7789	0.033256333	0.97319686	0.0
SPIKE	S82:G>T	3	126200	2.377179E-5	51.617424	40.0	TRUE	G	3.0911588E-6	14.0	6.9773453E-4	0.99962604	759.88556	0.027884044	0.98740387	0.0
SPIKE	S82:G>C	0	126200	0.0	9999.0	0.0	TRUE	G	1.17730895E-4	529.0	5.749588E-4	0.9858555	1016.5835	0.028102433	0.9846662	0.0
SPIKE	S83:C>A	9	126200	7.131537E-5	144.6082	40.0	TRUE	C	7.871589E-6	25.0	0.0021335233	0.999048	125.74177	0.03982074	0.9664032	0.0
SPIKE	S83:C>T	13	126200	1.03011094E-4	52.756798	40.0	TRUE	C	1.9935223E-4	764.0	8.974386E-4	0.97616696	1374.109	0.032959227	0.97872424	0.0
SPIKE	S83:C>G	0	126200	0.0	9999.0	0.0	TRUE	C	2.0008854E-4	892.0	6.425484E-4	0.97608	1045.3517	0.028326692	0.9829702	0.0
SPIKE	S84:G>A	20	126200	1.5847861E-4	68.56837	40.0	TRUE	G	3.4265072E-4	1302.0	0.0013216847	0.959387	809.7789	0.033256333	0.97319686	0.0
SPIKE	S84:G>T	4	126200	3.169572E-5	50.10809	40.0	TRUE	G	1.0598259E-5	48.0	6.9773453E-4	0.99871844	759.88556	0.027884044	0.98740387	0.0
SPIKE	S84:G>C	1	126200	7.92393E-6	4.163584	40.0	TRUE	G	5.853162E-5	263.0	5.749588E-4	0.9929427	1016.5835	0.028102433	0.9846662	0.0
SPIKE	S85:A>G	24	126200	1.9017432E-4	71.4939	40.0	TRUE	A	4.5957323E-4	1741.0	9.1178506E-4	0.9459095	2408.184	0.033343524	0.95337516	0.0
SPIKE	S85:A>T	1	126200	7.92393E-6	1.4241625	40.0	TRUE	A	1.3782103E-4	530.0	0.001222494	0.9834619	489.3688	0.032857176	0.9674606	0.0
SPIKE	S85:A>C	0	126200	0.0	9999.0	0.0	TRUE	A	5.884151E-6	20.0	0.0011363898	0.99928826	400.77386	0.037171233	0.89372987	0.0
SPIKE	S86:T>C	6	126199	4.754396E-5	0.26589444	37.833332	TRUE	T	7.718737E-4	2783.0	0.0010654277	0.9108321	1763.0483	0.035039015	0.9603459	0.0
SPIKE	D86-87:T>	6	126199	4.754396E-5	9999.0	39.61213	TRUE		NaN	NaN	NaN	NaN	NaN	NaN	NaN	NaN
SPIKE	S86:T>A	0	126199	0.0	9999.0	0.0	TRUE	T	7.370153E-5	293.0	0.0010381446	0.99112177	658.3059	0.031777218	0.98239714	0.0
SPIKE	S86:T>G	0	126199	0.0	9999.0	0.0	TRUE	T	9.353808E-6	43.0	3.5833882E-4	0.9988688	1710.8456	0.02746196	0.9828715	0.0
SPIKE	S87:T>A	1	126199	7.9239935E-6	6.5650506	40.0	TRUE	T	3.1945714E-5	127.0	0.0010381446	0.996142	658.3059	0.031777218	0.98239714	0.0
SPIKE	S87:T>C	5	126199	3.9619965E-5	2.5671403	39.0	TRUE	T	3.8607552E-4	1392.0	0.0010654277	0.95435923	1763.0483	0.035039015	0.9603459	0.0
SPIKE	S87:T>G	0	126199	0.0	9999.0	0.0	TRUE	T	2.4580937E-5	113.0	3.5833882E-4	0.99703014	1710.8456	0.02746196	0.9828715	0.0
SPIKE	S88:T>A	3	126199	2.377198E-5	24.995161	40.0	TRUE	T	2.5154106E-5	100.0	0.0010381446	0.996961	658.3059	0.031777218	0.98239714	0.0
SPIKE	S88:T>C	3	126199	2.377198E-5	1.8848394	36.333332	TRUE	T	2.7513428E-4	992.0	0.0010654277	0.9672568	1763.0483	0.035039015	0.9603459	0.0
SPIKE	S88:T>G	0	126199	0.0	9999.0	0.0	TRUE	T	4.1330777E-6	19.0	3.5833882E-4	0.99950004	1710.8456	0.02746196	0.9828715	0.0
SPIKE	S89:A>G	11	126199	8.716392E-5	58.448128	39.727272	TRUE	A	1.238033E-4	469.0	9.1178506E-4	0.98513144	2408.165	0.033343524	0.95337516	0.0
SPIKE	S89:A>C	0	126199	0.0	9999.0	0.0	TRUE	A	3.2363087E-6	11.0	0.0011363898	0.99960846	400.7707	0.037171233	0.89372987	0.0
SPIKE	S89:A>T	0	126199	0.0	9999.0	0.0	TRUE	A	3.6405843E-5	140.0	0.001222494	0.9956046	489.36493	0.032857176	0.9674606	0.0
SPIKE	S90:T>A	3	126199	2.377198E-5	20.680141	39.666668	TRUE	T	3.5970374E-5	143.0	0.0010381446	0.995657	658.3059	0.031777218	0.98239714	0.0
SPIKE	S90:T>C	4	126199	3.1695974E-5	0.55184966	39.5	TRUE	T	5.0117704E-4	1807.0	0.0010654277	0.9411597	1763.0483	0.035039015	0.9603459	0.0
SPIKE	S90:T>G	0	126199	0.0	9999.0	0.0	TRUE	T	6.0908515E-6	28.0	3.5833882E-4	0.9992633	1710.8456	0.02746196	0.9828715	0.0
SPIKE	S91:C>G	2	126199	1.5847987E-5	28.467041	40.0	TRUE	C	5.3835906E-6	24.0	6.425484E-4	0.9993488	1045.3434	0.028326692	0.9829702	0.0
SPIKE	S91:C>A	41	126199	3.248837E-4	875.3106	39.634148	TRUE	C	8.501384E-6	27.0	0.0021335233	0.9989719	125.740776	0.03982074	0.9664032	0.0
SPIKE	S91:C>T	6	126199	4.754396E-5	14.797158	39.333332	TRUE	C	1.8317587E-4	702.0	8.974386E-4	0.97807956	1374.0981	0.032959227	0.97872424	0.0
SPIKE	S92:G>A	19	126199	1.5055586E-4	89.69935	39.63158	TRUE	G	2.2764609E-4	865.0	0.0013216847	0.9728307	809.7724	0.033256333	0.97319686	0.0
SPIKE	S92:G>T	2	126199	1.5847987E-5	32.087334	39.5	TRUE	G	3.5327807E-6	16.0	6.9773453E-4	0.99957263	759.8795	0.027884044	0.98740387	0.0
SPIKE	S92:G>C	0	126199	0.0	9999.0	0.0	TRUE	G	2.1810434E-5	98.0	5.749588E-4	0.9973644	1016.57544	0.028102433	0.9846662	0.0
SPIKE	S93:T>A	2	126199	1.5847987E-5	10.784449	38.5	TRUE	T	4.5780474E-5	182.0	0.0010381446	0.9944759	658.3059	0.031777218	0.98239714	0.0
SPIKE	S93:T>C	8	126199	6.339195E-5	11.734076	39.625	TRUE	T	3.2089755E-4	1157.0	0.0010654277	0.96191555	1763.0483	0.035039015	0.9603459	0.0
SPIKE	S93:T>G	0	126199	0.0	9999.0	0.0	TRUE	T	1.0876521E-5	50.0	3.5833882E-4	0.9986848	1710.8456	0.02746196	0.9828715	0.0
SPIKE	S94:C>G	1	126199	7.9239935E-6	14.181567	40.0	TRUE	C	5.3835906E-6	24.0	6.425484E-4	0.9993488	1045.3434	0.028326692	0.9829702	0.0
SPIKE	S94:C>A	21	126199	1.6640386E-4	400.44864	39.714287	TRUE	C	7.871652E-6	25.0	0.0021335233	0.999048	125.740776	0.03982074	0.9664032	0.0
SPIKE	S94:C>T	8	126199	6.339195E-5	19.726362	38.375	TRUE	C	2.2309883E-4	855.0	8.974386E-4	0.97336614	1374.0981	0.032959227	0.97872424	0.0
SPIKE	S95:G>A	19	126199	1.5055586E-4	122.73605	39.0	TRUE	G	1.4421972E-4	548.0	0.0013216847	0.98270077	809.7724	0.033256333	0.97319686	0.0
SPIKE	S95:G>T	1	126199	7.9239935E-6	17.25744	38.0	TRUE	G	2.6495857E-6	12.0	6.9773453E-4	0.99967945	759.8795	0.027884044	0.98740387	0.0
SPIKE	S95:G>C	1	126199	7.9239935E-6	9.978896	36.0	TRUE	G	1.4243548E-5	64.0	5.749588E-4	0.998278	1016.57544	0.028102433	0.9846662	0.0
SPIKE	S96:T>C	8	126199	6.339195E-5	3.2510188	39.25	TRUE	T	5.613627E-4	2024.0	0.0010654277	0.93433064	1763.0483	0.035039015	0.9603459	0.0
SPIKE	S96:T>A	9	126199	7.131594E-5	63.52062	39.11111	TRUE	T	6.766454E-5	269.0	0.0010381446	0.991846	658.3059	0.031777218	0.98239714	0.0
SPIKE	S96:T>G	0	126199	0.0	9999.0	0.0	TRUE	T	8.701217E-6	40.0	3.5833882E-4	0.9989477	1710.8456	0.02746196	0.9828715	0.0
SPIKE	S97:C>T	19	126199	1.5055586E-4	124.60991	39.789474	TRUE	C	1.4064359E-4	539.0	8.974386E-4	0.9831261	1374.0981	0.032959227	0.97872424	0.0
SPIKE	S97:C>A	4	126199	3.1695974E-5	60.798378	38.75	TRUE	C	5.6675894E-6	18.0	0.0021335233	0.9993144	125.740776	0.03982074	0.9664032	0.0
SPIKE	S97:C>G	0	126199	0.0	9999.0	0.0	TRUE	C	2.3448754E-4	4.0	6.425484E-4	0.97202575	1045.3434	0.028326692	0.9829702	1.0
SPIKE	S98:A>C	1	126199	7.9239935E-6	13.006456	40.0	TRUE	A	7.061037E-6	24.0	0.0011363898	0.999146	400.7707	0.037171233	0.89372987	0.0
SPIKE	S98:A>G	21	126199	1.6640386E-4	71.10364	39.285713	TRUE	A	3.619069E-4	1371.0	9.1178506E-4	0.9571542	2408.165	0.033343524	0.95337516	0.0
SPIKE	D98-101:ATC>	1	126199	7.9239935E-6	9999.0	39.76953	TRUE		NaN	NaN	NaN	NaN	NaN	NaN	NaN	NaN
SPIKE	S98:A>T	0	126199	0.0	9999.0	0.0	TRUE	A	9.621544E-6	37.0	0.001222494	0.99883646	489.36493	0.032857176	0.9674606	0.0
SPIKE	S99:T>C	2	126199	1.5847987E-5	0.0189321	40.0	TRUE	T	6.2071625E-4	2238.0	0.0010654277	0.92764455	1763.0483	0.035039015	0.9603459	0.0
SPIKE	S99:T>A	3	126199	2.377198E-5	32.89377	39.666668	TRUE	T	1.3331676E-5	53.0	0.0010381446	0.9983882	658.3059	0.031777218	0.98239714	0.0
SPIKE	S99:T>G	0	126199	0.0	9999.0	0.0	TRUE	T	5.655791E-6	26.0	3.5833882E-4	0.99931586	1710.8456	0.02746196	0.9828715	0.0
SPIKE	S100:C>T	4	126199	3.1695974E-5	5.0853906	40.0	TRUE	C	2.259691E-4	866.0	8.974386E-4	0.9730282	1374.0981	0.032959227	0.97872424	0.0
SPIKE	S100:C>A	32	126199	2.535678E-4	580.9675	39.5625	TRUE	C	1.4168973E-5	45.0	0.0021335233	0.998287	125.740776	0.03982074	0.9664032	0.0
SPIKE	S100:C>G	2	126199	1.5847987E-5	24.769001	39.5	TRUE	C	8.299702E-6	37.0	6.425484E-4	0.99899626	1045.3434	0.028326692	0.9829702	0.0
SPIKE	S101:G>T	1	126199	7.9239935E-6	0.98195106	39.0	TRUE	G	1.6778048E-4	9.0	6.9773453E-4	0.9799032	759.8795	0.027884044	0.98740387	1.0
SPIKE	S101:G>A	16	126199	1.267839E-4	83.50133	39.625	TRUE	G	1.7211624E-4	654.0	0.0013216847	0.9793893	809.7724	0.033256333	0.97319686	0.0
SPIKE	S101:G>C	0	126199	0.0	9999.0	0.0	TRUE	G	1.1350327E-5	51.0	5.749588E-4	0.99862754	1016.57544	0.028102433	0.9846662	0.0
SPIKE	D102-104:TG>	2	126199	1.5847987E-5	9999.0	39.675346	TRUE		NaN	NaN	NaN	NaN	NaN	NaN	NaN	NaN
SPIKE	S102:T>C	10	126199	7.923993E-5	19.712502	39.4	TRUE	T	3.117449E-4	1124.0	0.0010654277	0.96298146	1763.0483	0.035039015	0.9603459	0.0
SPIKE	S102:T>A	16	126199	1.267839E-4	181.9214	39.3125	TRUE	T	3.773116E-5	150.0	0.0010381446	0.99544495	658.3059	0.031777218	0.98239714	0.0
SPIKE	S102:T>G	0	126199	0.0	9999.0	0.0	TRUE	T	1.5444659E-5	71.0	3.5833882E-4	0.99813294	1710.8456	0.02746196	0.9828715	0.0
SPIKE	S103:G>T	2	126199	1.5847987E-5	2.544466	39.5	TRUE	G	1.6778048E-4	3.0	6.9773453E-4	0.9799032	759.8795	0.027884044	0.98740387	1.0
SPIKE	S103:G>A	16	126199	1.267839E-4	116.96877	39.5	TRUE	G	1.0053272E-4	382.0	0.0013216847	0.98790926	809.7724	0.033256333	0.97319686	0.0
SPIKE	S103:G>C	0	126199	0.0	9999.0	0.0	TRUE	G	2.262444E-4	1.0	5.749588E-4	0.97299576	1016.57544	0.028102433	0.9846662	1.0
SPIKE	S104:G>A	9	126199	7.131594E-5	55.46051	37.666668	TRUE	G	8.500542E-5	323.0	0.0013216847	0.9897671	809.7724	0.033256333	0.97319686	0.0
SPIKE	S104:G>C	0	126199	0.0	9999.0	0.0	TRUE	G	1.3575882E-5	61.0	5.749588E-4	0.99835867	1016.57544	0.028102433	0.9846662	0.0
SPIKE	S104:G>T	0	126199	0.0	9999.0	0.0	TRUE	G	3.5327807E-6	16.0	6.9773453E-4	0.99957263	759.8795	0.027884044	0.98740387	0.0
SPIKE	S105:C>T	12	126199	9.508792E-5	64.052376	34.25	TRUE	C	1.3177183E-4	505.0	8.974386E-4	0.98418206	1374.0981	0.032959227	0.97872424	0.0
SPIKE	S105:C>A	62	126199	4.9128756E-4	1227.3108	39.35484	TRUE	C	1.7947366E-5	57.0	0.0021335233	0.99783075	125.740776	0.03982074	0.9664032	0.0
SPIKE	D105-106:C>	2	126199	1.5847987E-5	9999.0	39.810814	TRUE		NaN	NaN	NaN	NaN	NaN	NaN	NaN	NaN
SPIKE	D105-107:CG>	30	126199	2.377198E-4	9999.0	39.810814	TRUE		NaN	NaN	NaN	NaN	NaN	NaN	NaN	NaN
SPIKE	S105:C>G	0	126199	0.0	9999.0	0.0	TRUE	C	1.6150772E-5	72.0	6.425484E-4	0.99804765	1045.3434	0.028326692	0.9829702	0.0
SPIKE	S106:G>C	1	126199	7.9239935E-6	13.868792	40.0	TRUE	G	5.7864418E-6	26.0	5.749588E-4	0.99930006	1016.57544	0.028102433	0.9846662	0.0
SPIKE	S106:G>T	2	126199	1.5847987E-5	24.03071	39.5	TRUE	G	9.052751E-6	41.0	6.9773453E-4	0.99890524	759.8795	0.027884044	0.98740387	0.0
SPIKE	S106:G>A	24	126199	1.9017584E-4	138.52533	39.125	TRUE	G	2.1106609E-4	802.0	0.0013216847	0.9747844	809.7724	0.033256333	0.97319686	0.0
SPIKE	S107:G>A	14	126199	1.109359E-4	92.928566	39.714287	TRUE	G	1.0658574E-4	405.0	0.0013216847	0.98718596	809.7724	0.033256333	0.97319686	0.0
SPIKE	S107:G>C	0	126199	0.0	9999.0	0.0	TRUE	G	8.457107E-6	38.0	5.749588E-4	0.9989772	1016.57544	0.028102433	0.9846662	0.0
SPIKE	S107:G>T	0	126199	0.0	9999.0	0.0	TRUE	G	4.8575735E-6	22.0	6.9773453E-4	0.9994124	759.8795	0.027884044	0.98740387	0.0
SPIKE	S108:C>T	9	126199	7.131594E-5	55.867176	38.77778	TRUE	C	8.4020845E-5	322.0	8.974386E-4	0.989885	1374.0981	0.032959227	0.97872424	0.0
SPIKE	S108:C>A	7	126199	5.546795E-5	109.52599	39.857143	TRUE	C	7.24192E-6	23.0	0.0021335233	0.9991241	125.740776	0.03982074	0.9664032	0.0
SPIKE	S108:C>G	1	126199	7.9239935E-6	14.760547	40.0	TRUE	C	4.710642E-6	21.0	6.425484E-4	0.9994302	1045.3434	0.028326692	0.9829702	0.0
SPIKE	D108-109:C>	3	126199	2.377198E-5	9999.0	39.89561	TRUE		NaN	NaN	NaN	NaN	NaN	NaN	NaN	NaN
SPIKE	S109:A>C	1	126199	7.9239935E-6	10.693349	40.0	TRUE	A	1.20626055E-5	41.0	0.0011363898	0.9985415	400.7707	0.037171233	0.89372987	0.0
SPIKE	S109:A>T	3	126199	2.377198E-5	27.331594	40.0	TRUE	A	2.080334E-5	80.0	0.001222494	0.99748594	489.36493	0.032857176	0.9674606	0.0
SPIKE	S109:A>G	16	126199	1.267839E-4	24.759983	39.4375	TRUE	A	5.2926573E-4	2005.0	9.1178506E-4	0.9379664	2408.165	0.033343524	0.95337516	0.0
SPIKE	S110:G>A	9	126199	7.131594E-5	48.105503	39.555557	TRUE	G	1.05269864E-4	400.0	0.0013216847	0.98734313	809.7724	0.033256333	0.97319686	0.0
SPIKE	S110:G>C	0	126199	0.0	9999.0	0.0	TRUE	G	6.2315526E-6	28.0	5.749588E-4	0.99924624	1016.57544	0.028102433	0.9846662	0.0
SPIKE	S110:G>T	0	126199	0.0	9999.0	0.0	TRUE	G	1.6778048E-4	9.0	6.9773453E-4	0.9799032	759.8795	0.027884044	0.98740387	1.0
SPIKE	S111:C>T	5	126199	3.9619965E-5	17.4364	39.0	TRUE	C	1.1846417E-4	454.0	8.974386E-4	0.9857681	1374.0981	0.032959227	0.97872424	0.0
SPIKE	S111:C>A	11	126199	8.716392E-5	182.34464	39.272728	TRUE	C	8.186518E-6	26.0	0.0021335233	0.9990099	125.740776	0.03982074	0.9664032	0.0
SPIKE	S111:C>G	2	126199	1.5847987E-5	20.54235	39.0	TRUE	C	1.3683293E-5	61.0	6.425484E-4	0.9983457	1045.3434	0.028326692	0.9829702	0.0
SPIKE	D111-113:CG>	1	126199	7.9239935E-6	9999.0	39.800095	TRUE		NaN	NaN	NaN	NaN	NaN	NaN	NaN	NaN
SPIKE	S112:G>C	1	126198	7.924056E-6	15.974438	40.0	TRUE	G	3.5609153E-6	16.0	5.749588E-4	0.99956924	1016.5674	0.028102433	0.9846662	0.0
SPIKE	S112:G>A	10	126198	7.9240555E-5	46.258915	39.8	TRUE	G	1.3843097E-4	526.0	0.0013216847	0.9833894	809.766	0.033256333	0.97319686	0.0
SPIKE	D112-113:G>	1	126198	7.924056E-6	9999.0	39.78457	TRUE		NaN	NaN	NaN	NaN	NaN	NaN	NaN	NaN
SPIKE	S112:G>T	0	126198	0.0	9999.0	0.0	TRUE	G	4.636812E-6	21.0	6.9773453E-4	0.9994391	759.8735	0.027884044	0.98740387	0.0
SPIKE	D113-115:TG>	4	126198	3.1696225E-5	9999.0	39.614773	TRUE		NaN	NaN	NaN	NaN	NaN	NaN	NaN	NaN
SPIKE	S113:T>C	8	126198	6.339245E-5	4.6416407	39.0	TRUE	T	4.9674336E-4	1791.0	0.0010654277	0.94166476	1763.0343	0.035039015	0.9603459	0.0
SPIKE	S113:T>A	3	126198	2.3772167E-5	21.454596	39.0	TRUE	T	3.370677E-5	134.0	0.0010381446	0.9959298	658.30066	0.031777218	0.98239714	0.0
SPIKE	S113:T>G	0	126198	0.0	9999.0	0.0	TRUE	T	3.4370078E-5	158.0	3.5833882E-4	0.99584985	1710.832	0.02746196	0.9828715	0.0
SPIKE	S114:G>T	2	126198	1.5848113E-5	27.916607	37.5	TRUE	G	5.7408142E-6	26.0	6.9773453E-4	0.9993056	759.8735	0.027884044	0.98740387	0.0
SPIKE	S114:G>A	11	126198	8.716461E-5	51.261757	39.81818	TRUE	G	1.4764216E-4	561.0	0.0013216847	0.9822939	809.766	0.033256333	0.97319686	0.0
SPIKE	D114-115:G>	1	126198	7.924056E-6	9999.0	39.821487	TRUE		NaN	NaN	NaN	NaN	NaN	NaN	NaN	NaN
SPIKE	S114:G>C	0	126198	0.0	9999.0	0.0	TRUE	G	2.6706866E-6	12.0	5.749588E-4	0.9996769	1016.5674	0.028102433	0.9846662	0.0
SPIKE	S115:A>T	2	126198	1.5848113E-5	10.829965	33.0	TRUE	A	4.5507666E-5	175.0	0.001222494	0.9945087	489.36105	0.032857176	0.9674606	0.0
SPIKE	S115:A>C	1	126198	7.924056E-6	6.053952	40.0	TRUE	A	3.6188103E-5	123.0	0.0011363898	0.9956308	400.76752	0.037171233	0.89372987	0.0
SPIKE	S115:A>G	29	126198	2.2979762E-4	78.92325	39.62069	TRUE	A	5.886643E-4	2230.0	9.1178506E-4	0.9312492	2408.146	0.033343524	0.95337516	0.0
SPIKE	S116:C>T	6	126198	4.7544334E-5	32.00008	39.333332	TRUE	C	7.932466E-5	304.0	8.974386E-4	0.99044764	1374.0872	0.032959227	0.97872424	0.0
SPIKE	S116:C>G	1	126198	7.924056E-6	0.43570787	39.0	TRUE	C	2.3448754E-4	8.0	6.425484E-4	0.97202575	1045.3351	0.028326692	0.9829702	1.0
SPIKE	S116:C>A	29	126198	2.2979762E-4	387.4862	39.37931	TRUE	C	3.9591505E-5	5.0	0.0021335233	0.9952209	125.73978	0.03982074	0.9664032	1.0
SPIKE	D116-117:C>	23	126198	1.8225328E-4	9999.0	39.889744	TRUE		NaN	NaN	NaN	NaN	NaN	NaN	NaN	NaN
SPIKE	S117:C>T	6	126198	4.7544334E-5	22.836111	39.833332	TRUE	C	1.21074474E-4	464.0	8.974386E-4	0.98545676	1374.0872	0.032959227	0.97872424	0.0
SPIKE	S117:C>G	2	126198	1.5848113E-5	31.429338	39.0	TRUE	C	3.813407E-6	17.0	6.425484E-4	0.99953866	1045.3351	0.028326692	0.9829702	0.0
SPIKE	S117:C>A	52	126198	4.120509E-4	1108.2394	39.48077	TRUE	C	1.0705531E-5	34.0	0.0021335233	0.99870545	125.73978	0.03982074	0.9664032	0.0
SPIKE	S118:T>C	5	126198	3.9620278E-5	4.196529	39.2	TRUE	T	3.1618506E-4	1140.0	0.0010654277	0.9624642	1763.0343	0.035039015	0.9603459	0.0
SPIKE	S118:T>A	16	126198	1.267849E-4	160.74568	39.6875	TRUE	T	5.1817868E-5	206.0	0.0010381446	0.9937497	658.30066	0.031777218	0.98239714	0.0
SPIKE	D118-119:T>	22	126198	1.7432922E-4	9999.0	39.801834	TRUE		NaN	NaN	NaN	NaN	NaN	NaN	NaN	NaN
SPIKE	S118:T>G	0	126198	0.0	9999.0	0.0	TRUE	T	7.1785607E-6	33.0	3.5833882E-4	0.9991318	1710.832	0.02746196	0.9828715	0.0
SPIKE	S119:A>T	2	126198	1.5848113E-5	11.233293	38.0	TRUE	A	4.316727E-5	166.0	0.001222494	0.9947904	489.36105	0.032857176	0.9674606	0.0
SPIKE	S119:A>C	1	126198	7.924056E-6	12.660006	40.0	TRUE	A	7.649518E-6	26.0	0.0011363898	0.9990748	400.76752	0.037171233	0.89372987	0.0
SPIKE	S119:A>G	20	126198	1.5848111E-4	86.77474	39.7	TRUE	A	2.64239E-4	1001.0	9.1178506E-4	0.9685328	2408.146	0.033343524	0.95337516	0.0
SPIKE	S120:T>C	3	126198	2.3772167E-5	0.5443583	39.333332	TRUE	T	4.1131792E-4	1483.0	0.0010654277	0.95144874	1763.0343	0.035039015	0.9603459	0.0
SPIKE	S120:T>A	2	126198	1.5848113E-5	20.298994	39.5	TRUE	T	1.4086411E-5	56.0	0.0010381446	0.998297	658.30066	0.031777218	0.98239714	0.0
SPIKE	S120:T>G	0	126198	0.0	9999.0	0.0	TRUE	T	2.023049E-5	93.0	3.5833882E-4	0.9975551	1710.832	0.02746196	0.9828715	0.0
SPIKE	S121:G>T	2	126198	1.5848113E-5	22.872816	39.0	TRUE	G	1.0377626E-5	47.0	6.9773453E-4	0.9987451	759.8735	0.027884044	0.98740387	0.0
SPIKE	S121:G>A	12	126198	9.508867E-5	67.12296	38.666668	TRUE	G	1.2316673E-4	468.0	0.0013216847	0.9852073	809.766	0.033256333	0.97319686	0.0
SPIKE	S121:G>C	0	126198	0.0	9999.0	0.0	TRUE	G	2.8932436E-6	13.0	5.749588E-4	0.99965	1016.5674	0.028102433	0.9846662	0.0
SPIKE	S122:T>C	5	126198	3.9620278E-5	0.71701485	38.4	TRUE	T	5.572068E-4	2009.0	0.0010654277	0.9348006	1763.0343	0.035039015	0.9603459	0.0
SPIKE	S122:T>A	4	126198	3.1696225E-5	23.864298	39.75	TRUE	T	5.2572497E-5	209.0	0.0010381446	0.9936589	658.30066	0.031777218	0.98239714	0.0
SPIKE	S122:T>G	0	126198	0.0	9999.0	0.0	TRUE	T	2.2405811E-5	103.0	3.5833882E-4	0.9972926	1710.832	0.02746196	0.9828715	0.0
SPIKE	S123:G>T	1	126198	7.924056E-6	12.260103	39.0	TRUE	G	8.390421E-6	38.0	6.9773453E-4	0.9989853	759.8735	0.027884044	0.98740387	0.0
SPIKE	S123:G>A	9	126198	7.13165E-5	43.208378	39.555557	TRUE	G	1.2185084E-4	463.0	0.0013216847	0.9853642	809.766	0.033256333	0.97319686	0.0
SPIKE	S123:G>C	0	126198	0.0	9999.0	0.0	TRUE	G	2.262444E-4	3.0	5.749588E-4	0.97299576	1016.5674	0.028102433	0.9846662	1.0
SPIKE	D124-126:TG>	1	126198	7.924056E-6	9999.0	39.542435	TRUE		NaN	NaN	NaN	NaN	NaN	NaN	NaN	NaN
SPIKE	S124:T>C	10	126198	7.9240555E-5	4.2164993	39.7	TRUE	T	6.481794E-4	2337.0	0.0010654277	0.92456704	1763.0343	0.035039015	0.9603459	0.0
SPIKE	S124:T>G	2	126198	1.5848113E-5	14.025225	40.0	TRUE	T	3.0236968E-5	139.0	3.5833882E-4	0.996348	1710.832	0.02746196	0.9828715	0.0
SPIKE	S124:T>A	2	126198	1.5848113E-5	12.649128	39.5	TRUE	T	3.5970657E-5	143.0	0.0010381446	0.995657	658.30066	0.031777218	0.98239714	0.0
SPIKE	I125:>G	1	126198	7.924056E-6	9999.0	39.845806	TRUE		NaN	NaN	NaN	NaN	NaN	NaN	NaN	NaN
SPIKE	S125:G>A	13	126198	1.03012724E-4	82.580925	38.923077	TRUE	G	1.07902466E-4	410.0	0.0013216847	0.98702866	809.766	0.033256333	0.97319686	0.0
SPIKE	S125:G>C	0	126198	0.0	9999.0	0.0	TRUE	G	1.06827465E-5	48.0	5.749588E-4	0.99870825	1016.5674	0.028102433	0.9846662	0.0
SPIKE	S125:G>T	0	126198	0.0	9999.0	0.0	TRUE	G	2.2080055E-6	10.0	6.9773453E-4	0.99973285	759.8735	0.027884044	0.98740387	0.0
SPIKE	S126:C>T	7	126198	5.546839E-5	25.411373	35.285713	TRUE	C	1.4142752E-4	542.0	8.974386E-4	0.9830329	1374.0872	0.032959227	0.97872424	0.0
SPIKE	S126:C>G	2	126198	1.5848113E-5	8.7619	39.0	TRUE	C	6.011724E-5	268.0	6.425484E-4	0.9927522	1045.3351	0.028326692	0.9829702	0.0
SPIKE	S126:C>A	16	126198	1.267849E-4	258.35385	39.125	TRUE	C	1.2279875E-5	39.0	0.0021335233	0.99851525	125.73978	0.03982074	0.9664032	0.0
SPIKE	D126-127:C>	4	126198	3.1696225E-5	9999.0	39.828556	TRUE		NaN	NaN	NaN	NaN	NaN	NaN	NaN	NaN
SPIKE	D126-128:CG>	33	126198	2.6149384E-4	9999.0	39.828556	TRUE		NaN	NaN	NaN	NaN	NaN	NaN	NaN	NaN
SPIKE	S127:G>T	1	126198	7.924056E-6	17.635168	37.0	TRUE	G	2.428806E-6	11.0	6.9773453E-4	0.99970615	759.8735	0.027884044	0.98740387	0.0
SPIKE	S127:G>A	20	126198	1.5848111E-4	106.09977	39.35	TRUE	G	2.0343563E-4	773.0	0.0013216847	0.97568476	809.766	0.033256333	0.97319686	0.0
SPIKE	S127:G>C	0	126198	0.0	9999.0	0.0	TRUE	G	3.0045223E-5	135.0	5.749588E-4	0.99637115	1016.5674	0.028102433	0.9846662	0.0
SPIKE	S128:G>A	8	126198	6.339245E-5	38.79584	39.5	TRUE	G	1.1027106E-4	419.0	0.0013216847	0.98674583	809.766	0.033256333	0.97319686	0.0
SPIKE	S128:G>C	0	126198	0.0	9999.0	0.0	TRUE	G	1.913992E-5	86.0	5.749588E-4	0.99768674	1016.5674	0.028102433	0.9846662	0.0
SPIKE	S128:G>T	0	126198	0.0	9999.0	0.0	TRUE	G	3.7536095E-6	17.0	6.9773453E-4	0.99954593	759.8735	0.027884044	0.98740387	0.0
SPIKE	S129:C>A	15	126198	1.1886084E-4	260.0986	39.266666	TRUE	C	8.81632E-6	28.0	0.0021335233	0.9989338	125.73978	0.03982074	0.9664032	0.0
SPIKE	S129:C>G	1	126198	7.924056E-6	4.594213	39.0	TRUE	C	5.2266107E-5	233.0	6.425484E-4	0.99369574	1045.3351	0.028326692	0.9829702	0.0
SPIKE	S129:C>T	6	126198	4.7544334E-5	19.61752	32.833332	TRUE	C	1.4194938E-4	544.0	8.974386E-4	0.9829708	1374.0872	0.032959227	0.97872424	0.0
SPIKE	D129-130:C>	3	126198	2.3772167E-5	9999.0	39.828533	TRUE		NaN	NaN	NaN	NaN	NaN	NaN	NaN	NaN
SPIKE	D130-133:GGC>	1	126198	7.924056E-6	9999.0	39.820408	TRUE		NaN	NaN	NaN	NaN	NaN	NaN	NaN	NaN
SPIKE	S130:G>A	6	126198	4.7544334E-5	5.725175	39.333332	TRUE	G	3.329186E-4	1265.0	0.0013216847	0.9605174	809.766	0.033256333	0.97319686	0.0
SPIKE	S130:G>C	0	126198	0.0	9999.0	0.0	TRUE	G	2.8487322E-5	128.0	5.749588E-4	0.99655896	1016.5674	0.028102433	0.9846662	0.0
SPIKE	S130:G>T	0	126198	0.0	9999.0	0.0	TRUE	G	7.728019E-6	35.0	6.9773453E-4	0.99906534	759.8735	0.027884044	0.98740387	0.0
SPIKE	S131:G>A	9	126198	7.13165E-5	39.850483	39.555557	TRUE	G	1.3500967E-4	513.0	0.0013216847	0.98379654	809.766	0.033256333	0.97319686	0.0
SPIKE	S131:G>C	0	126198	0.0	9999.0	0.0	TRUE	G	4.9630256E-5	223.0	5.749588E-4	0.9940127	1016.5674	0.028102433	0.9846662	0.0
SPIKE	S131:G>T	0	126198	0.0	9999.0	0.0	TRUE	G	1.6778048E-4	6.0	6.9773453E-4	0.9799032	759.8735	0.027884044	0.98740387	1.0
SPIKE	S132:C>A	6	126198	4.7544334E-5	56.286694	39.5	TRUE	C	2.865304E-5	91.0	0.0021335233	0.996539	125.73978	0.03982074	0.9664032	0.0
SPIKE	S132:C>G	1	126198	7.924056E-6	6.974777	39.0	TRUE	C	2.893703E-5	129.0	6.425484E-4	0.9965047	1045.3351	0.028326692	0.9829702	0.0
SPIKE	S132:C>T	10	126198	7.9240555E-5	58.264236	38.9	TRUE	C	1.004605E-4	385.0	8.974386E-4	0.98791784	1374.0872	0.032959227	0.97872424	0.0
SPIKE	D132-133:C>	2	126198	1.5848113E-5	9999.0	39.88809	TRUE		NaN	NaN	NaN	NaN	NaN	NaN	NaN	NaN
SPIKE	S133:A>G	0	126198	0.0	9999.0	0.0	TRUE	A	1.1878876E-4	450.0	9.1178506E-4	0.98572934	2408.146	0.033343524	0.95337516	0.0
SPIKE	S133:A>C	0	126198	0.0	9999.0	0.0	TRUE	A	1.3710289E-4	466.0	0.0011363898	0.9835474	400.76752	0.037171233	0.89372987	0.0
SPIKE	S133:A>T	0	126198	0.0	9999.0	0.0	TRUE	A	1.272553E-4	5.0	0.001222494	0.98472005	489.36105	0.032857176	0.9674606	1.0
SPIKE	S134:G>A	0	126198	0.0	9999.0	0.0	TRUE	G	7.139985E-4	2713.0	0.0013216847	0.91723293	809.766	0.033256333	0.97319686	0.0
SPIKE	S134:G>C	0	126198	0.0	9999.0	0.0	TRUE	G	6.832506E-5	307.0	5.749588E-4	0.99176675	1016.5674	0.028102433	0.9846662	0.0
SPIKE	S134:G>T	0	126198	0.0	9999.0	0.0	TRUE	G	7.286418E-5	330.0	6.9773453E-4	0.9912222	759.8735	0.027884044	0.98740387	0.0
SPIKE	S135:C>A	0	126198	0.0	9999.0	0.0	TRUE	C	1.0170255E-4	323.0	0.0021335233	0.9877694	125.73978	0.03982074	0.9664032	0.0
SPIKE	S135:C>G	0	126198	0.0	9999.0	0.0	TRUE	C	8.546518E-5	381.0	6.425484E-4	0.989712	1045.3351	0.028326692	0.9829702	0.0
SPIKE	S135:C>T	0	126198	0.0	9999.0	0.0	TRUE	C	2.3666928E-4	907.0	8.974386E-4	0.97176915	1374.0872	0.032959227	0.97872424	0.0
SPIKE	S136:C>A	0	126198	0.0	9999.0	0.0	TRUE	C	1.5680456E-4	498.0	0.0021335233	0.9812055	125.73978	0.03982074	0.9664032	0.0
SPIKE	S136:C>G	0	126198	0.0	9999.0	0.0	TRUE	C	3.4993616E-5	156.0	6.425484E-4	0.99577475	1045.3351	0.028326692	0.9829702	0.0
SPIKE	S136:C>T	0	126198	0.0	9999.0	0.0	TRUE	C	7.4001553E-4	2836.0	8.974386E-4	0.91435	1374.0872	0.032959227	0.97872424	0.0
SPIKE	S137:T>A	0	126198	0.0	9999.0	0.0	TRUE	T	1.12439746E-4	447.0	0.0010381446	0.9864869	658.30066	0.031777218	0.98239714	0.0
SPIKE	S137:T>G	0	126198	0.0	9999.0	0.0	TRUE	T	4.8988237E-4	2252.0	3.5833882E-4	0.9424468	1710.832	0.02746196	0.9828715	0.0
SPIKE	S137:T>C	0	126198	0.0	9999.0	0.0	TRUE	T	1.2064956E-4	435.0	0.0010654277	0.9855074	1763.0343	0.035039015	0.9603459	0.0
SPIKE	S138:G>A	0	126198	0.0	9999.0	0.0	TRUE	G	0.0011158695	4240.0	0.0013216847	0.87369823	809.766	0.033256333	0.97319686	0.0
SPIKE	S138:G>C	0	126198	0.0	9999.0	0.0	TRUE	G	5.5639302E-6	25.0	5.749588E-4	0.999327	1016.5674	0.028102433	0.9846662	0.0
SPIKE	S138:G>T	0	126198	0.0	9999.0	0.0	TRUE	G	2.397894E-4	1086.0	6.9773453E-4	0.97140235	759.8735	0.027884044	0.98740387	0.0
SPIKE	S139:A>G	0	126198	0.0	9999.0	0.0	TRUE	A	2.4602472E-4	932.0	9.1178506E-4	0.97066975	2408.146	0.033343524	0.95337516	0.0
SPIKE	S139:A>C	0	126198	0.0	9999.0	0.0	TRUE	A	7.649518E-6	26.0	0.0011363898	0.9990748	400.76752	0.037171233	0.89372987	0.0
SPIKE	S139:A>T	0	126198	0.0	9999.0	0.0	TRUE	A	0.0012253264	4712.0	0.001222494	0.86220306	489.36105	0.032857176	0.9674606	0.0
SPIKE	S140:T>A	0	126198	0.0	9999.0	0.0	TRUE	T	2.721696E-4	1082.0	0.0010381446	0.96760386	658.30066	0.031777218	0.98239714	0.0
SPIKE	S140:T>G	0	126198	0.0	9999.0	0.0	TRUE	T	1.4987965E-4	689.0	3.5833882E-4	0.982028	1710.832	0.02746196	0.9828715	0.0
SPIKE	S140:T>C	0	126198	0.0	9999.0	0.0	TRUE	T	8.8753695E-5	320.0	0.0010654277	0.98931825	1763.0343	0.035039015	0.9603459	0.0
SPIKE	S141:T>A	0	126198	0.0	9999.0	0.0	TRUE	T	0.0020178785	8022.0	0.0010381446	0.7833597	658.30066	0.031777218	0.98239714	0.0
SPIKE	S141:T>G	0	126198	0.0	9999.0	0.0	TRUE	T	1.5923353E-4	732.0	3.5833882E-4	0.98091716	1710.832	0.02746196	0.9828715	0.0
SPIKE	S141:T>C	0	126198	0.0	9999.0	0.0	TRUE	T	2.978796E-4	1074.0	0.0010654277	0.9645984	1763.0343	0.035039015	0.9603459	0.0
SPIKE	S142:A>G	0	126198	0.0	9999.0	0.0	TRUE	A	0.0025938186	9826.0	9.1178506E-4	0.7306271	2408.146	0.033343524	0.95337516	0.0
SPIKE	S142:A>C	0	126198	0.0	9999.0	0.0	TRUE	A	4.6367844E-4	1576.0	0.0011363898	0.94543976	400.76752	0.037171233	0.89372987	0.0
SPIKE	S142:A>T	0	126198	0.0	9999.0	0.0	TRUE	A	2.665449E-4	1025.0	0.001222494	0.9682626	489.36105	0.032857176	0.9674606	0.0
SPIKE	S143:G>A	0	126198	0.0	9999.0	0.0	TRUE	G	4.721391E-4	1794.0	0.0013216847	0.9444724	809.766	0.033256333	0.97319686	0.0
SPIKE	S143:G>C	0	126198	0.0	9999.0	0.0	TRUE	G	0.0030316743	13622.0	5.749588E-4	0.69292563	1016.5674	0.028102433	0.9846662	0.0
SPIKE	S143:G>T	0	126198	0.0	9999.0	0.0	TRUE	G	3.223688E-5	146.0	6.9773453E-4	0.9961069	759.8735	0.027884044	0.98740387	0.0
SPIKE	S144:C>A	0	126198	0.0	9999.0	0.0	TRUE	C	1.5113691E-5	48.0	0.0021335233	0.99817294	125.73978	0.03982074	0.9664032	0.0
SPIKE	S144:C>G	0	126198	0.0	9999.0	0.0	TRUE	C	5.0135085E-4	2235.0	6.425484E-4	0.94113994	1045.3351	0.028326692	0.9829702	0.0
SPIKE	S144:C>T	0	126198	0.0	9999.0	0.0	TRUE	C	1.750883E-4	671.0	8.974386E-4	0.97903717	1374.0872	0.032959227	0.97872424	0.0
SPIKE	S145:C>A	0	126198	0.0	9999.0	0.0	TRUE	C	3.8413964E-5	122.0	0.0021335233	0.9953627	125.73978	0.03982074	0.9664032	0.0
SPIKE	S145:C>G	0	126198	0.0	9999.0	0.0	TRUE	C	3.1135348E-4	1388.0	6.425484E-4	0.96302706	1045.3351	0.028326692	0.9829702	0.0
SPIKE	S145:C>T	0	126198	0.0	9999.0	0.0	TRUE	C	4.5585583E-4	1747.0	8.974386E-4	0.9463351	1374.0872	0.032959227	0.97872424	0.0
SPIKE	S146:C>A	0	126198	0.0	9999.0	0.0	TRUE	C	1.542856E-5	49.0	0.0021335233	0.9981349	125.73978	0.03982074	0.9664032	0.0
SPIKE	S146:C>G	0	126198	0.0	9999.0	0.0	TRUE	C	0.003539066	15777.0	6.425484E-4	0.6516635	1045.3351	0.028326692	0.9829702	0.0
SPIKE	S146:C>T	0	126198	0.0	9999.0	0.0	TRUE	C	5.8084435E-4	2226.0	8.974386E-4	0.93213075	1374.0872	0.032959227	0.97872424	0.0
SPIKE	S147:G>A	0	126198	0.0	9999.0	0.0	TRUE	G	3.6634205E-4	1392.0	0.0013216847	0.9566407	809.766	0.033256333	0.97319686	0.0
SPIKE	S147:G>C	0	126198	0.0	9999.0	0.0	TRUE	G	7.531336E-4	3384.0	5.749588E-4	0.9128998	1016.5674	0.028102433	0.9846662	0.0
SPIKE	S147:G>T	0	126198	0.0	9999.0	0.0	TRUE	G	0.003314437	15011.0	6.9773453E-4	0.66961867	759.8735	0.027884044	0.98740387	0.0
SPIKE	S148:T>A	0	126198	0.0	9999.0	0.0	TRUE	T	3.6725287E-5	146.0	0.0010381446	0.99556607	658.30066	0.031777218	0.98239714	0.0
SPIKE	S148:T>G	0	126198	0.0	9999.0	0.0	TRUE	T	0.0050189015	23072.0	3.5833882E-4	0.5448269	1710.832	0.02746196	0.9828715	0.0
SPIKE	S148:T>C	0	126198	0.0	9999.0	0.0	TRUE	T	5.7384814E-4	2069.0	0.0010654277	0.9329202	1763.0343	0.035039015	0.9603459	0.0
SPIKE	S149:G>A	0	126198	0.0	9999.0	0.0	TRUE	G	3.294973E-4	1252.0	0.0013216847	0.96091515	809.766	0.033256333	0.97319686	0.0
SPIKE	S149:G>C	0	126198	0.0	9999.0	0.0	TRUE	G	0.003545559	15931.0	5.749588E-4	0.6511517	1016.5674	0.028102433	0.9846662	0.0
SPIKE	S149:G>T	0	126198	0.0	9999.0	0.0	TRUE	G	0.001092742	4949.0	6.9773453E-4	0.8761467	759.8735	0.027884044	0.98740387	0.0
SPIKE	S150:C>A	0	126193	0.0	9999.0	0.0	TRUE	C	7.557145E-6	24.0	0.0021335233	0.999086	125.734795	0.03982074	0.9664032	0.0
SPIKE	S150:C>G	0	126193	0.0	9999.0	0.0	TRUE	C	0.0017230553	7681.0	6.425484E-4	0.8118094	1045.2937	0.028326692	0.9829702	0.0
SPIKE	S150:C>T	0	126193	0.0	9999.0	0.0	TRUE	C	0.004827514	18500.0	8.974386E-4	0.5575912	1374.0327	0.032959227	0.97872424	0.0
SPIKE	S151:T>A	0	126162	0.0	9999.0	0.0	TRUE	T	1.7361423E-5	69.0	0.0010381446	0.9979015	658.1129	0.031777218	0.98239714	0.0
SPIKE	S151:T>G	0	126162	0.0	9999.0	0.0	TRUE	T	0.005182006	23815.0	3.5833882E-4	0.5341798	1710.344	0.02746196	0.9828715	0.0
SPIKE	S151:T>C	0	126162	0.0	9999.0	0.0	TRUE	T	0.0011738251	4231.0	0.0010654277	0.86759275	1762.5314	0.035039015	0.9603459	0.0
SPIKE	S152:G>A	0	126131	0.0	9999.0	0.0	TRUE	G	3.4125824E-4	1296.0	0.0013216847	0.95954865	809.3361	0.033256333	0.97319686	0.0
SPIKE	S152:G>C	0	126131	0.0	9999.0	0.0	TRUE	G	1.7146009E-5	77.0	5.749588E-4	0.9979275	1016.0277	0.028102433	0.9846662	0.0
SPIKE	S152:G>T	0	126131	0.0	9999.0	0.0	TRUE	G	7.6128286E-4	3446.0	6.9773453E-4	0.91200006	759.4701	0.027884044	0.98740387	0.0
SPIKE	S153:G>A	0	125855	0.0	9999.0	0.0	TRUE	G	1.9000369E-4	720.0	0.0013216847	0.9772718	807.5651	0.033256333	0.97319686	0.0
SPIKE	S153:G>C	0	125855	0.0	9999.0	0.0	TRUE	G	1.2274007E-5	55.0	5.749588E-4	0.99851596	1013.80444	0.028102433	0.9846662	0.0
SPIKE	S153:G>T	0	125855	0.0	9999.0	0.0	TRUE	G	1.726938E-5	78.0	6.9773453E-4	0.9979126	757.8082	0.027884044	0.98740387	0.0
