#pipeline_block
reference	mutation	count	coverage	freq	score	cqs	has.reference	ancestral.allele	error.rate	minor.count.local	minor.fdr	minor.recall	minor.count.global	read.fraction.in.minors	q.filtered.read.fraction	global.est
SPIKE	S0:T>A	0	184808	0.0	9999.0	0.0	TRUE	T	1.13491515E-4	527.0	6.0100516E-4	0.9915243	580.41296	0.03982306	0.9811957	0.0
SPIKE	S0:T>G	0	184808	0.0	9999.0	0.0	TRUE	T	5.723331E-5	312.0	2.890754E-4	0.9957167	2140.8066	0.033910997	0.97206193	0.0
SPIKE	S0:T>C	0	184808	0.0	9999.0	0.0	TRUE	T	7.516389E-4	3702.0	4.5023204E-4	0.9451866	3233.6506	0.03753956	0.966303	0.0
SPIKE	S1:A>G	0	184938	0.0	9999.0	0.0	TRUE	A	5.6307367E-4	2860.0	4.3299497E-4	0.95864874	3839.148	0.036426164	0.9694052	0.0
SPIKE	S1:A>C	0	184938	0.0	9999.0	0.0	TRUE	A	2.0239308E-5	92.0	5.1032274E-4	0.9984832	741.1748	0.04070574	0.9492575	0.0
SPIKE	S1:A>T	0	184938	0.0	9999.0	0.0	TRUE	A	3.2145577E-4	1404.0	6.181004E-4	0.9761791	624.9852	0.042369056	0.97091705	0.0
SPIKE	S2:G>A	0	185122	0.0	9999.0	0.0	TRUE	G	5.080577E-4	2495.0	6.0132606E-4	0.9626125	1486.8044	0.037719138	0.9731066	0.0
SPIKE	S2:G>C	0	185122	0.0	9999.0	0.0	TRUE	G	1.8630144E-5	101.0	3.5870075E-4	0.9986037	1214.5403	0.034159277	0.9778377	0.0
SPIKE	S2:G>T	0	185122	0.0	9999.0	0.0	TRUE	G	1.4385457E-5	74.0	4.3279366E-4	0.9989217	877.57935	0.03600294	0.9772354	0.0
SPIKE	S3:C>A	0	185264	0.0	9999.0	0.0	TRUE	C	1.3662662E-5	60.0	6.874035E-4	0.9989758	425.51764	0.04221568	0.9733536	0.0
SPIKE	S3:C>G	0	185264	0.0	9999.0	0.0	TRUE	C	2.3276459E-4	1267.0	3.798062E-4	0.98269415	1283.1053	0.03404837	0.9832877	0.0
SPIKE	S3:C>T	0	185264	0.0	9999.0	0.0	TRUE	C	4.140376E-4	1954.0	5.058442E-4	0.96942437	1887.0334	0.03927589	0.9764148	0.0
SPIKE	S4:G>A	59	185424	3.1818968E-4	390.804	39.322033	TRUE	G	2.644916E-4	1301.0	6.0132606E-4	0.9803586	1489.23	0.037719138	0.9731066	0.0
SPIKE	S4:G>C	8	185424	4.3144362E-5	12.345804	39.75	TRUE	G	2.1177992E-4	1150.0	3.5870075E-4	0.98424196	1216.5216	0.034159277	0.9778377	0.0
SPIKE	S4:G>T	1	185424	5.3930453E-6	6.421516	40.0	TRUE	G	2.2513448E-5	116.0	4.3279366E-4	0.9983129	879.011	0.03600294	0.9772354	0.0
SPIKE	S5:T>A	14	185529	7.54599E-5	161.47835	39.57143	TRUE	T	2.2095252E-5	103.0	6.0100516E-4	0.99834424	582.67737	0.03982306	0.9811957	0.0
SPIKE	S5:T>C	29	185529	1.5630979E-4	11.576526	39.96552	TRUE	T	0.0010476387	5180.0	4.5023204E-4	0.92443466	3246.2664	0.03753956	0.966303	0.0
SPIKE	S5:T>G	0	185529	0.0	9999.0	0.0	TRUE	T	2.620308E-4	1434.0	2.890754E-4	0.98053956	2149.1587	0.033910997	0.97206193	0.0
SPIKE	I6:>G	1	185626	5.3871763E-6	9999.0	39.854507	TRUE		NaN	NaN	NaN	NaN	NaN	NaN	NaN	NaN
SPIKE	S6:G>A	56	185626	3.0168187E-4	413.7163	39.607143	TRUE	G	2.0754516E-4	1022.0	6.0132606E-4	0.98455465	1490.8523	0.037719138	0.9731066	0.0
SPIKE	S6:G>C	2	185626	1.0774353E-5	0.4751063	40.0	TRUE	G	2.240303E-4	4.0	3.5870075E-4	0.9833381	1217.8469	0.034159277	0.9778377	1.0
SPIKE	S6:G>T	1	185626	5.3871763E-6	0.18327118	40.0	TRUE	G	2.078289E-4	1072.0	4.3279366E-4	0.98453367	879.96857	0.03600294	0.9772354	0.0
SPIKE	S7:A>G	13	185705	7.00035E-5	0.031640645	38.76923	TRUE	A	0.0011585526	5909.0	4.3299497E-4	0.9167766	3855.07	0.036426164	0.9694052	0.0
SPIKE	S7:A>C	23	185705	1.2385234E-4	310.1767	39.695652	TRUE	A	2.1251135E-5	97.0	5.1032274E-4	0.9984074	744.2487	0.04070574	0.9492575	0.0
SPIKE	S7:A>T	18	185705	9.692792E-5	125.77939	39.333332	TRUE	A	8.185611E-5	359.0	6.181004E-4	0.9938796	627.5773	0.042369056	0.97091705	0.0
SPIKE	D7-8:A>	157	185705	8.4542687E-4	9999.0	39.695026	TRUE		NaN	NaN	NaN	NaN	NaN	NaN	NaN	NaN
SPIKE	I7:>A	1	185705	5.384885E-6	9999.0	39.695026	TRUE		NaN	NaN	NaN	NaN	NaN	NaN	NaN	NaN
SPIKE	S8:A>G	5	185723	2.6921814E-5	3.062279E-4	39.4	TRUE	A	9.2847744E-4	4736.0	4.3299497E-4	0.9327335	3855.4438	0.036426164	0.9694052	0.0
SPIKE	S8:A>C	15	185723	8.076544E-5	154.63168	39.533333	TRUE	A	3.1325955E-5	143.0	5.1032274E-4	0.9976533	744.32086	0.04070574	0.9492575	0.0
SPIKE	S8:A>T	13	185723	6.999671E-5	119.126465	39.384617	TRUE	A	3.6478297E-5	160.0	6.181004E-4	0.99726784	627.6381	0.042369056	0.97091705	0.0
SPIKE	I9:>G	1	185734	5.384044E-6	9999.0	39.862064	TRUE		NaN	NaN	NaN	NaN	NaN	NaN	NaN	NaN
SPIKE	S9:G>A	56	185734	3.0150646E-4	282.28	39.339287	TRUE	G	3.79737E-4	1871.0	6.0132606E-4	0.97192144	1491.7197	0.037719138	0.9731066	0.0
SPIKE	S9:G>C	2	185734	1.0768088E-5	0.47414988	39.5	TRUE	G	2.240303E-4	1.0	3.5870075E-4	0.9833381	1218.5555	0.034159277	0.9778377	1.0
SPIKE	S9:G>T	1	185734	5.384044E-6	9.974491	40.0	TRUE	G	9.687876E-6	50.0	4.3279366E-4	0.99927366	880.4805	0.03600294	0.9772354	0.0
SPIKE	D9-10:G>	54	185734	2.9073836E-4	9999.0	39.862064	TRUE		NaN	NaN	NaN	NaN	NaN	NaN	NaN	NaN
SPIKE	D9-11:GA>	28	185734	1.5075323E-4	9999.0	39.862064	TRUE		NaN	NaN	NaN	NaN	NaN	NaN	NaN	NaN
SPIKE	S10:A>G	17	185735	9.152825E-5	0.2659895	39.941177	TRUE	A	0.001172676	5982.0	4.3299497E-4	0.91580606	3855.6929	0.036426164	0.9694052	0.0
SPIKE	S10:A>C	29	185735	1.5613643E-4	358.7995	39.344826	TRUE	A	3.3952514E-5	155.0	5.1032274E-4	0.9974568	744.36896	0.04070574	0.9492575	0.0
SPIKE	S10:A>T	3	185735	1.6152044E-5	16.24831	40.0	TRUE	A	3.5792018E-5	157.0	6.181004E-4	0.9973192	627.67865	0.042369056	0.97091705	0.0
SPIKE	D10-11:A>	46	185735	2.476647E-4	9999.0	39.687252	TRUE		NaN	NaN	NaN	NaN	NaN	NaN	NaN	NaN
SPIKE	D10-12:AC>	5	185735	2.6920074E-5	9999.0	39.687252	TRUE		NaN	NaN	NaN	NaN	NaN	NaN	NaN	NaN
SPIKE	S11:C>G	7	185736	3.76879E-5	62.64722	39.857143	TRUE	C	2.4005269E-5	131.0	3.798062E-4	0.99820125	1286.3743	0.03404837	0.9832877	0.0
SPIKE	S11:C>T	30	185736	1.6151958E-4	120.8368	39.5	TRUE	C	2.8004387E-4	1325.0	5.058442E-4	0.97921574	1891.8411	0.03927589	0.9764148	0.0
SPIKE	D11-13:CG>	7	185736	3.76879E-5	9999.0	39.798336	TRUE		NaN	NaN	NaN	NaN	NaN	NaN	NaN	NaN
SPIKE	D11-12:C>	54	185736	2.9073525E-4	9999.0	39.798336	TRUE		NaN	NaN	NaN	NaN	NaN	NaN	NaN	NaN
SPIKE	S11:C>A	0	185736	0.0	9999.0	0.0	TRUE	C	2.525712E-4	1112.0	6.874035E-4	0.98123544	426.60175	0.04221568	0.9733536	0.0
SPIKE	I12:>G	1	185740	5.38387E-6	9999.0	39.73056	TRUE		NaN	NaN	NaN	NaN	NaN	NaN	NaN	NaN
SPIKE	S12:G>A	71	185740	3.8225477E-4	522.10486	39.53521	TRUE	G	2.6180915E-4	1290.0	6.0132606E-4	0.98055583	1491.768	0.037719138	0.9731066	0.0
SPIKE	S12:G>C	7	185740	3.768709E-5	10.004679	39.714287	TRUE	G	2.0185976E-4	1098.0	3.5870075E-4	0.98497456	1218.5948	0.034159277	0.9778377	0.0
SPIKE	D12-13:G>	81	185740	4.3609345E-4	9999.0	39.73056	TRUE		NaN	NaN	NaN	NaN	NaN	NaN	NaN	NaN
SPIKE	D12-14:GA>	6	185740	3.2303218E-5	9999.0	39.73056	TRUE		NaN	NaN	NaN	NaN	NaN	NaN	NaN	NaN
SPIKE	S12:G>T	0	185740	0.0	9999.0	0.0	TRUE	G	1.2206329E-5	63.0	4.3279366E-4	0.99908495	880.509	0.03600294	0.9772354	0.0
SPIKE	S13:A>G	8	185741	4.3070726E-5	0.019182838	39.75	TRUE	A	8.7095133E-4	4443.0	4.3299497E-4	0.9367664	3855.8174	0.036426164	0.9694052	0.0
SPIKE	S13:A>C	19	185741	1.0229298E-4	200.31139	39.842106	TRUE	A	3.614183E-5	165.0	5.1032274E-4	0.99729306	744.393	0.04070574	0.9492575	0.0
SPIKE	S13:A>T	2	185741	1.07676815E-5	1.3372759	40.0	TRUE	A	1.5615758E-4	685.0	6.181004E-4	0.9883565	627.6989	0.042369056	0.97091705	0.0
SPIKE	D13-14:A>	58	185741	3.1226277E-4	9999.0	39.690422	TRUE		NaN	NaN	NaN	NaN	NaN	NaN	NaN	NaN
SPIKE	I13:>A	2	185741	1.07676815E-5	9999.0	39.690422	TRUE		NaN	NaN	NaN	NaN	NaN	NaN	NaN	NaN
SPIKE	D14-16:CA>	12	185741	6.4606094E-5	9999.0	39.845394	TRUE		NaN	NaN	NaN	NaN	NaN	NaN	NaN	NaN
SPIKE	S14:C>A	1	185741	5.3838407E-6	0.065385714	40.0	TRUE	C	2.646021E-4	1165.0	6.874035E-4	0.98035043	426.61322	0.04221568	0.9733536	0.0
SPIKE	S14:C>G	2	185741	1.07676815E-5	25.274586	39.5	TRUE	C	5.314E-6	29.0	3.798062E-4	0.99960154	1286.4089	0.03404837	0.9832877	0.0
SPIKE	S14:C>T	45	185741	2.4227284E-4	343.89777	39.6	TRUE	C	1.5872248E-4	751.0	5.058442E-4	0.9881664	1891.892	0.03927589	0.9764148	0.0
SPIKE	D14-15:C>	47	185741	2.5304052E-4	9999.0	39.845394	TRUE		NaN	NaN	NaN	NaN	NaN	NaN	NaN	NaN
SPIKE	S15:A>G	20	185741	1.0767682E-4	0.96042997	38.85	TRUE	A	0.0011597002	5916.0	4.3299497E-4	0.9166977	3855.8174	0.036426164	0.9694052	0.0
SPIKE	S15:A>C	18	185741	9.6909134E-5	44.368767	39.72222	TRUE	A	2.867252E-4	1309.0	5.1032274E-4	0.9787252	744.393	0.04070574	0.9492575	0.0
SPIKE	D15-16:A>	53	185741	2.8534356E-4	9999.0	39.536022	TRUE		NaN	NaN	NaN	NaN	NaN	NaN	NaN	NaN
SPIKE	S15:A>T	0	185741	0.0	9999.0	0.0	TRUE	A	1.2606589E-4	553.0	6.181004E-4	0.9905896	627.6989	0.042369056	0.97091705	0.0
SPIKE	S16:G>A	47	185741	2.5304052E-4	197.10135	39.574467	TRUE	G	4.0712117E-4	2006.0	6.0132606E-4	0.9699274	1491.7759	0.037719138	0.9731066	0.0
SPIKE	S16:G>T	1	185741	5.3838407E-6	10.934228	40.0	TRUE	G	7.750008E-6	40.0	4.3279366E-4	0.9994189	880.51373	0.03600294	0.9772354	0.0
SPIKE	S16:G>C	3	185741	1.6151524E-5	41.52803	40.0	TRUE	G	4.5960537E-6	25.0	3.5870075E-4	0.99965537	1218.6014	0.034159277	0.9778377	0.0
SPIKE	D16-17:G>	40	185741	2.1535363E-4	9999.0	39.86192	TRUE		NaN	NaN	NaN	NaN	NaN	NaN	NaN	NaN
SPIKE	D16-18:GA>	6	185741	3.2303047E-5	9999.0	39.86192	TRUE		NaN	NaN	NaN	NaN	NaN	NaN	NaN	NaN
SPIKE	S17:A>G	10	185741	5.383841E-5	0.017348818	38.8	TRUE	A	0.0010152278	5179.0	4.3299497E-4	0.92668456	3855.8174	0.036426164	0.9694052	0.0
SPIKE	S17:A>T	9	185741	4.8454567E-5	28.550966	39.666668	TRUE	A	1.3199305E-4	579.0	6.181004E-4	0.9901494	627.6989	0.042369056	0.97091705	0.0
SPIKE	S17:A>C	27	185741	1.4536371E-4	398.52853	39.88889	TRUE	A	1.8180435E-5	83.0	5.1032274E-4	0.9986374	744.393	0.04070574	0.9492575	0.0
SPIKE	D17-18:A>	107	185741	5.76071E-4	9999.0	39.68069	TRUE		NaN	NaN	NaN	NaN	NaN	NaN	NaN	NaN
SPIKE	D17-19:AA>	1	185741	5.3838407E-6	9999.0	39.68069	TRUE		NaN	NaN	NaN	NaN	NaN	NaN	NaN	NaN
SPIKE	S18:A>G	12	185741	6.4606094E-5	0.26641822	38.5	TRUE	A	8.848693E-4	4514.0	4.3299497E-4	0.93578905	3855.8174	0.036426164	0.9694052	0.0
SPIKE	S18:A>T	1	185741	5.3838407E-6	8.294166	40.0	TRUE	A	1.4361937E-5	63.0	6.181004E-4	0.9989234	627.6989	0.042369056	0.97091705	0.0
SPIKE	S18:A>C	40	185741	2.1535363E-4	581.6306	39.8	TRUE	A	2.7380174E-5	125.0	5.1032274E-4	0.9979486	744.393	0.04070574	0.9492575	0.0
SPIKE	S19:C>G	4	185741	2.1535363E-5	56.50463	40.0	TRUE	C	4.9475175E-6	27.0	3.798062E-4	0.999629	1286.4089	0.03404837	0.9832877	0.0
SPIKE	S19:C>A	3	185741	1.6151524E-5	0.6472594	40.0	TRUE	C	2.6687337E-4	1175.0	6.874035E-4	0.9801835	426.61322	0.04221568	0.9733536	0.0
SPIKE	S19:C>T	29	185741	1.5613138E-4	151.06114	39.37931	TRUE	C	1.9634246E-4	929.0	5.058442E-4	0.9853822	1891.892	0.03927589	0.9764148	0.0
SPIKE	D19-20:C>	1	185741	5.3838407E-6	9999.0	39.74058	TRUE		NaN	NaN	NaN	NaN	NaN	NaN	NaN	NaN
SPIKE	S20:C>G	33	185741	1.7766675E-4	792.0023	39.424244	TRUE	C	2.5653794E-6	14.0	3.798062E-4	0.9998076	1286.4089	0.03404837	0.9832877	0.0
SPIKE	S20:C>T	39	185741	2.099698E-4	202.3649	39.23077	TRUE	C	2.6122635E-4	1236.0	5.058442E-4	0.9805987	1891.892	0.03927589	0.9764148	0.0
SPIKE	S20:C>A	0	185741	0.0	9999.0	0.0	TRUE	C	3.1797677E-5	140.0	6.874035E-4	0.997618	426.61322	0.04221568	0.9733536	0.0
SPIKE	S21:A>G	27	185741	1.4536371E-4	38.722485	38.77778	TRUE	A	5.8710313E-4	2995.0	4.3299497E-4	0.95692265	3855.8174	0.036426164	0.9694052	0.0
SPIKE	S21:A>C	25	185741	1.3459602E-4	86.97969	39.8	TRUE	A	2.7862066E-4	1272.0	5.1032274E-4	0.9793203	744.393	0.04070574	0.9492575	0.0
SPIKE	S21:A>T	0	185741	0.0	9999.0	0.0	TRUE	A	4.582142E-5	201.0	6.181004E-4	0.9965693	627.6989	0.042369056	0.97091705	0.0
SPIKE	S22:A>T	185709	185741	0.99982774	Infinity	39.93028	TRUE	T	1.430948E-4	0.0	6.181004E-4	0.9893253	627.6989	0.042369056	0.97091705	1.0
SPIKE	S22:A>G	0	185741	0.0	9999.0	0.0	TRUE	T	7.5584726E-4	1.0	4.3299497E-4	0.9448883	3855.8174	0.036426164	0.9694052	1.0
SPIKE	S22:A>C	0	185741	0.0	9999.0	0.0	TRUE	T	1.5332898E-5	70.0	5.1032274E-4	0.9988507	744.393	0.04070574	0.9492575	0.0
SPIKE	S23:A>C	185709	185741	0.99982774	Infinity	39.930267	TRUE	C	1.6305289E-4	0.0	5.1032274E-4	0.9878455	744.393	0.04070574	0.9492575	1.0
SPIKE	S23:A>G	0	185741	0.0	9999.0	0.0	TRUE	C	7.5584726E-4	0.0	4.3299497E-4	0.9448883	3855.8174	0.036426164	0.9694052	1.0
SPIKE	S23:A>T	0	185741	0.0	9999.0	0.0	TRUE	C	2.3708596E-4	1040.0	6.181004E-4	0.9823757	627.6989	0.042369056	0.97091705	0.0
SPIKE	S24:A>G	0	185741	0.0	9999.0	0.0	TRUE	A	1.3721943E-5	70.0	4.3299497E-4	0.9989714	3855.8174	0.036426164	0.9694052	0.0
SPIKE	S24:A>C	0	185741	0.0	9999.0	0.0	TRUE	A	2.2736497E-4	1038.0	5.1032274E-4	0.9830922	744.393	0.04070574	0.9492575	0.0
SPIKE	S24:A>T	0	185741	0.0	9999.0	0.0	TRUE	A	1.430948E-4	1.0	6.181004E-4	0.9893253	627.6989	0.042369056	0.97091705	1.0
SPIKE	S25:A>G	185709	185741	0.99982774	Infinity	39.93027	TRUE	G	7.5584726E-4	0.0	4.3299497E-4	0.9448883	3855.8174	0.036426164	0.9694052	1.0
SPIKE	S25:A>C	0	185741	0.0	9999.0	0.0	TRUE	G	1.6305289E-4	1.0	5.1032274E-4	0.9878455	744.393	0.04070574	0.9492575	1.0
SPIKE	S25:A>T	0	185741	0.0	9999.0	0.0	TRUE	G	1.5501773E-5	68.0	6.181004E-4	0.99883807	627.6989	0.042369056	0.97091705	0.0
SPIKE	S26:T>C	12	185743	6.4605396E-5	1.8892503	39.333332	TRUE	T	6.480604E-4	3208.0	4.5023204E-4	0.95255774	3250.0107	0.03753956	0.966303	0.0
SPIKE	D26-27:T>	2	185743	1.0767566E-5	9999.0	39.530727	TRUE		NaN	NaN	NaN	NaN	NaN	NaN	NaN	NaN
SPIKE	S26:T>A	0	185743	0.0	9999.0	0.0	TRUE	T	3.3854638E-5	158.0	6.0100516E-4	0.9974641	583.3495	0.03982306	0.9811957	0.0
SPIKE	S26:T>G	0	185743	0.0	9999.0	0.0	TRUE	T	2.484052E-4	1361.0	2.890754E-4	0.9815421	2151.6377	0.033910997	0.97206193	0.0
SPIKE	S27:G>A	21	185743	1.1305944E-4	102.958984	39.42857	TRUE	G	1.6053309E-4	791.0	6.0132606E-4	0.9880322	1491.792	0.037719138	0.9731066	0.0
SPIKE	D27-28:G>	4	185743	2.1535132E-5	9999.0	39.867054	TRUE		NaN	NaN	NaN	NaN	NaN	NaN	NaN	NaN
SPIKE	S27:G>C	0	185743	0.0	9999.0	0.0	TRUE	G	2.240303E-4	3.0	3.5870075E-4	0.9833381	1218.6145	0.034159277	0.9778377	1.0
SPIKE	S27:G>T	0	185743	0.0	9999.0	0.0	TRUE	G	1.9549186E-4	1009.0	4.3279366E-4	0.9854451	880.5232	0.03600294	0.9772354	0.0
SPIKE	S28:G>A	25	185743	1.3459458E-4	121.150925	38.4	TRUE	G	1.8996077E-4	936.0	6.0132606E-4	0.98585397	1491.792	0.037719138	0.9731066	0.0
SPIKE	S28:G>T	5	185743	2.6918915E-5	51.129498	39.8	TRUE	G	1.4143613E-5	73.0	4.3279366E-4	0.9989398	880.5232	0.03600294	0.9772354	0.0
SPIKE	S28:G>C	1	185743	5.383783E-6	12.403121	40.0	TRUE	G	5.515205E-6	30.0	3.5870075E-4	0.99958646	1218.6145	0.034159277	0.9778377	0.0
SPIKE	S29:G>A	12	185743	6.4605396E-5	29.800787	39.333332	TRUE	G	2.0457314E-4	1008.0	6.0132606E-4	0.9847741	1491.792	0.037719138	0.9731066	0.0
SPIKE	S29:G>C	0	185743	0.0	9999.0	0.0	TRUE	G	5.3313647E-6	29.0	3.5870075E-4	0.99960023	1218.6145	0.034159277	0.9778377	0.0
SPIKE	S29:G>T	0	185743	0.0	9999.0	0.0	TRUE	G	7.749925E-6	40.0	4.3279366E-4	0.9994189	880.5232	0.03600294	0.9772354	0.0
SPIKE	S30:A>G	17	185743	9.152431E-5	4.354837	39.588234	TRUE	A	7.554828E-4	3854.0	4.3299497E-4	0.94491416	3855.859	0.036426164	0.9694052	0.0
SPIKE	S30:A>T	1	185743	5.383783E-6	4.7922564	40.0	TRUE	A	3.373879E-5	148.0	6.181004E-4	0.99747276	627.7057	0.042369056	0.97091705	0.0
SPIKE	I30:>A	1	185743	5.383783E-6	9999.0	39.755066	TRUE		NaN	NaN	NaN	NaN	NaN	NaN	NaN	NaN
SPIKE	S30:A>C	0	185743	0.0	9999.0	0.0	TRUE	A	1.358042E-5	62.0	5.1032274E-4	0.998982	744.401	0.04070574	0.9492575	0.0
SPIKE	S31:T>A	1	185743	5.383783E-6	3.7772465	40.0	TRUE	T	4.413959E-5	206.0	6.0100516E-4	0.996695	583.3495	0.03982306	0.9811957	0.0
SPIKE	S31:T>C	10	185743	5.383783E-5	0.55726653	38.5	TRUE	T	6.898773E-4	3415.0	4.5023204E-4	0.94957495	3250.0107	0.03753956	0.966303	0.0
SPIKE	S31:T>G	0	185743	0.0	9999.0	0.0	TRUE	T	1.4601334E-5	80.0	2.890754E-4	0.9989055	2151.6377	0.033910997	0.97206193	0.0
SPIKE	S32:C>T	18	185743	9.6908094E-5	56.37895	39.444443	TRUE	C	2.324805E-4	1100.0	5.058442E-4	0.9827151	1891.9124	0.03927589	0.9764148	0.0
SPIKE	S32:C>A	7	185743	3.768648E-5	83.3766	39.142857	TRUE	C	1.1810438E-5	52.0	6.874035E-4	0.99911463	426.61783	0.04221568	0.9733536	0.0
SPIKE	S32:C>G	0	185743	0.0	9999.0	0.0	TRUE	C	3.481549E-6	19.0	3.798062E-4	0.99973893	1286.4227	0.03404837	0.9832877	0.0
SPIKE	S33:C>T	9	185743	4.8454047E-5	16.211569	39.333332	TRUE	C	2.0838705E-4	986.0	5.058442E-4	0.9844925	1891.9124	0.03927589	0.9764148	0.0
SPIKE	S33:C>A	3	185743	1.6151349E-5	23.369184	39.0	TRUE	C	1.9532648E-5	86.0	6.874035E-4	0.9985361	426.61783	0.04221568	0.9733536	0.0
SPIKE	S33:C>G	0	185743	0.0	9999.0	0.0	TRUE	C	2.3572336E-4	2.0	3.798062E-4	0.9824761	1286.4227	0.03404837	0.9832877	1.0
SPIKE	S34:A>C	2	185743	1.0767566E-5	11.579835	39.5	TRUE	A	2.8036997E-5	128.0	5.1032274E-4	0.9978994	744.401	0.04070574	0.9492575	0.0
SPIKE	S34:A>T	1	185743	5.383783E-6	6.6620665	40.0	TRUE	A	2.1200727E-5	93.0	6.181004E-4	0.99841124	627.7057	0.042369056	0.97091705	0.0
SPIKE	S34:A>G	40	185743	2.1535132E-4	89.95753	39.55	TRUE	A	6.2336156E-4	3180.0	4.3299497E-4	0.95432395	3855.859	0.036426164	0.9694052	0.0
SPIKE	S35:T>C	11	185743	5.9221613E-5	1.0110798	38.090908	TRUE	T	6.765444E-4	3349.0	4.5023204E-4	0.950525	3250.0107	0.03753956	0.966303	0.0
SPIKE	S35:T>G	1	185743	5.383783E-6	5.6189423	40.0	TRUE	T	2.7377502E-5	150.0	2.890754E-4	0.99794877	2151.6377	0.033910997	0.97206193	0.0
SPIKE	D35-36:T>	2	185743	1.0767566E-5	9999.0	39.771393	TRUE		NaN	NaN	NaN	NaN	NaN	NaN	NaN	NaN
SPIKE	S35:T>A	0	185743	0.0	9999.0	0.0	TRUE	T	4.306824E-5	201.0	6.0100516E-4	0.9967751	583.3495	0.03982306	0.9811957	0.0
SPIKE	S36:T>C	10	185743	5.383783E-5	6.09836	38.9	TRUE	T	3.878666E-4	1920.0	4.5023204E-4	0.97132903	3250.0107	0.03753956	0.966303	0.0
SPIKE	S36:T>A	1	185743	5.383783E-6	9.293683	38.0	TRUE	T	1.1356303E-5	53.0	6.0100516E-4	0.99914867	583.3495	0.03982306	0.9811957	0.0
SPIKE	S36:T>G	0	185743	0.0	9999.0	0.0	TRUE	T	3.1027837E-6	17.0	2.890754E-4	0.9997673	2151.6377	0.033910997	0.97206193	0.0
SPIKE	S37:A>T	2	185743	1.0767566E-5	17.753628	39.0	TRUE	A	1.29939945E-5	57.0	6.181004E-4	0.99902594	627.7057	0.042369056	0.97091705	0.0
SPIKE	S37:A>G	34	185743	1.8304861E-4	94.16908	39.52941	TRUE	A	4.5458347E-4	2319.0	4.3299497E-4	0.9664809	3855.859	0.036426164	0.9694052	0.0
SPIKE	S37:A>C	0	185743	0.0	9999.0	0.0	TRUE	A	4.3150692E-5	197.0	5.1032274E-4	0.99676895	744.401	0.04070574	0.9492575	0.0
SPIKE	S38:T>C	3	185743	1.6151349E-5	0.631423	40.0	TRUE	T	2.686784E-4	1330.0	4.5023204E-4	0.9800508	3250.0107	0.03753956	0.966303	0.0
SPIKE	S38:T>A	2	185743	1.0767566E-5	11.115439	40.0	TRUE	T	2.978351E-5	139.0	6.0100516E-4	0.9977687	583.3495	0.03982306	0.9811957	0.0
SPIKE	S38:T>G	1	185743	5.383783E-6	7.918419	40.0	TRUE	T	1.5696434E-5	86.0	2.890754E-4	0.99882346	2151.6377	0.033910997	0.97206193	0.0
SPIKE	S39:C>T	10	185743	5.383783E-5	17.645926	39.1	TRUE	C	2.2846492E-4	1081.0	5.058442E-4	0.9830111	1891.9124	0.03927589	0.9764148	0.0
SPIKE	S39:C>A	31	185743	1.6689727E-4	592.45056	39.51613	TRUE	C	7.495086E-6	33.0	6.874035E-4	0.99943805	426.61783	0.04221568	0.9733536	0.0
SPIKE	D39-40:C>	1	185743	5.383783E-6	9999.0	39.885838	TRUE		NaN	NaN	NaN	NaN	NaN	NaN	NaN	NaN
SPIKE	S39:C>G	0	185743	0.0	9999.0	0.0	TRUE	C	3.8480275E-6	21.0	3.798062E-4	0.99971145	1286.4227	0.03404837	0.9832877	0.0
SPIKE	S40:G>C	1	185743	5.383783E-6	17.166294	40.0	TRUE	G	1.8384017E-6	10.0	3.5870075E-4	0.99986213	1218.6145	0.034159277	0.9778377	0.0
SPIKE	S40:G>T	3	185743	1.6151349E-5	26.040821	37.333332	TRUE	G	1.5693598E-5	81.0	4.3279366E-4	0.9988237	880.5232	0.03600294	0.9772354	0.0
SPIKE	S40:G>A	26	185743	1.3997835E-4	69.90523	39.192307	TRUE	G	3.6672983E-4	1807.0	6.0132606E-4	0.97287005	1491.792	0.037719138	0.9731066	0.0
SPIKE	S41:G>A	17	185743	9.152431E-5	66.99972	38.52941	TRUE	G	1.7473956E-4	861.0	6.0132606E-4	0.98698	1491.792	0.037719138	0.9731066	0.0
SPIKE	S41:G>C	0	185743	0.0	9999.0	0.0	TRUE	G	7.3536066E-6	40.0	3.5870075E-4	0.99944866	1218.6145	0.034159277	0.9778377	0.0
SPIKE	S41:G>T	0	185743	0.0	9999.0	0.0	TRUE	G	3.2937182E-6	17.0	4.3279366E-4	0.999753	880.5232	0.03600294	0.9772354	0.0
SPIKE	S42:C>T	19	185743	1.0229187E-4	45.673115	38.31579	TRUE	C	3.062402E-4	1449.0	5.058442E-4	0.9772937	1891.9124	0.03927589	0.9764148	0.0
SPIKE	S42:C>A	11	185743	5.9221613E-5	123.309814	39.727272	TRUE	C	1.9532648E-5	86.0	6.874035E-4	0.9985361	426.61783	0.04221568	0.9733536	0.0
SPIKE	S42:C>G	0	185743	0.0	9999.0	0.0	TRUE	C	1.0811125E-5	59.0	3.798062E-4	0.9991895	1286.4227	0.03404837	0.9832877	0.0
SPIKE	S43:G>A	21	185743	1.1305944E-4	70.66936	39.0	TRUE	G	2.473955E-4	1219.0	6.0132606E-4	0.98161644	1491.792	0.037719138	0.9731066	0.0
SPIKE	S43:G>C	0	185743	0.0	9999.0	0.0	TRUE	G	3.4929633E-6	19.0	3.5870075E-4	0.99973804	1218.6145	0.034159277	0.9778377	0.0
SPIKE	S43:G>T	0	185743	0.0	9999.0	0.0	TRUE	G	8.524918E-6	44.0	4.3279366E-4	0.99936086	880.5232	0.03600294	0.9772354	0.0
SPIKE	S44:G>A	10	185743	5.383783E-5	21.971603	39.2	TRUE	G	1.9564336E-4	964.0	6.0132606E-4	0.9854339	1491.792	0.037719138	0.9731066	0.0
SPIKE	S44:G>C	0	185743	0.0	9999.0	0.0	TRUE	G	1.047889E-5	57.0	3.5870075E-4	0.9992144	1218.6145	0.034159277	0.9778377	0.0
SPIKE	S44:G>T	0	185743	0.0	9999.0	0.0	TRUE	G	3.2937182E-6	17.0	4.3279366E-4	0.999753	880.5232	0.03600294	0.9772354	0.0
SPIKE	S45:C>T	21	185743	1.1305944E-4	371.05322	38.47619	TRUE	C	7.3971064E-6	35.0	5.058442E-4	0.9994454	1891.9124	0.03927589	0.9764148	0.0
SPIKE	S45:C>A	6	185743	3.2302698E-5	86.48901	39.5	TRUE	C	5.905219E-6	26.0	6.874035E-4	0.9995572	426.61783	0.04221568	0.9733536	0.0
SPIKE	S45:C>G	2	185743	1.0767566E-5	19.140194	39.5	TRUE	C	1.0994365E-5	60.0	3.798062E-4	0.9991758	1286.4227	0.03404837	0.9832877	0.0
SPIKE	S46:G>T	1	185743	5.383783E-6	14.6361	40.0	TRUE	G	3.2937182E-6	17.0	4.3279366E-4	0.999753	880.5232	0.03600294	0.9772354	0.0
SPIKE	S46:G>A	18	185743	9.6908094E-5	65.104195	39.555557	TRUE	G	2.0132595E-4	992.0	6.0132606E-4	0.98501396	1491.792	0.037719138	0.9731066	0.0
SPIKE	S46:G>C	0	185743	0.0	9999.0	0.0	TRUE	G	2.240303E-4	8.0	3.5870075E-4	0.9833381	1218.6145	0.034159277	0.9778377	1.0
SPIKE	S47:A>T	1	185743	5.383783E-6	9.728864	40.0	TRUE	A	1.0258416E-5	45.0	6.181004E-4	0.9992309	627.7057	0.042369056	0.97091705	0.0
SPIKE	S47:A>G	19	185743	1.0229187E-4	64.49371	39.473682	TRUE	A	2.2503744E-4	1148.0	4.3299497E-4	0.98326385	3855.859	0.036426164	0.9694052	0.0
SPIKE	S47:A>C	0	185743	0.0	9999.0	0.0	TRUE	A	6.79021E-6	31.0	5.1032274E-4	0.99949086	744.401	0.04070574	0.9492575	0.0
SPIKE	S48:A>T	2	185743	1.0767566E-5	13.277157	40.0	TRUE	A	2.2568516E-5	99.0	6.181004E-4	0.9983088	627.7057	0.042369056	0.97091705	0.0
SPIKE	S48:A>C	2	185743	1.0767566E-5	14.179403	40.0	TRUE	A	2.0151592E-5	92.0	5.1032274E-4	0.9984898	744.401	0.04070574	0.9492575	0.0
SPIKE	S48:A>G	27	185743	1.4536214E-4	48.020943	39.22222	TRUE	A	5.153514E-4	2629.0	4.3299497E-4	0.9620861	3855.859	0.036426164	0.9694052	0.0
SPIKE	S49:T>C	11	185743	5.9221613E-5	0.96003085	39.636364	TRUE	T	6.828068E-4	3380.0	4.5023204E-4	0.95007867	3250.0107	0.03753956	0.966303	0.0
SPIKE	S49:T>G	1	185743	5.383783E-6	7.002627	40.0	TRUE	T	1.9529285E-5	107.0	2.890754E-4	0.99853635	2151.6377	0.033910997	0.97206193	0.0
SPIKE	D49-50:T>	25	185743	1.3459458E-4	9999.0	39.70617	TRUE		NaN	NaN	NaN	NaN	NaN	NaN	NaN	NaN
SPIKE	S49:T>A	0	185743	0.0	9999.0	0.0	TRUE	T	4.0068462E-5	187.0	6.0100516E-4	0.9969994	583.3495	0.03982306	0.9811957	0.0
SPIKE	S50:T>C	18	185743	9.6908094E-5	10.517997	38.944443	TRUE	T	6.2119256E-4	3075.0	4.5023204E-4	0.95447916	3250.0107	0.03753956	0.966303	0.0
SPIKE	S50:T>A	2	185743	1.0767566E-5	8.452561	40.0	TRUE	T	4.2639702E-5	199.0	6.0100516E-4	0.99680716	583.3495	0.03982306	0.9811957	0.0
SPIKE	S50:T>G	0	185743	0.0	9999.0	0.0	TRUE	T	2.3909684E-5	131.0	2.890754E-4	0.9982084	2151.6377	0.033910997	0.97206193	0.0
SPIKE	S51:T>C	12	185743	6.4605396E-5	4.1895213	39.083332	TRUE	T	5.327105E-4	2637.0	4.5023204E-4	0.9608343	3250.0107	0.03753956	0.966303	0.0
SPIKE	S51:T>G	1	185743	5.383783E-6	9.668705	40.0	TRUE	T	1.0403451E-5	57.0	2.890754E-4	0.9992201	2151.6377	0.033910997	0.97206193	0.0
SPIKE	S51:T>A	3	185743	1.6151349E-5	0.5058254	37.666668	TRUE	T	2.8476465E-4	1329.0	6.0100516E-4	0.9788691	583.3495	0.03982306	0.9811957	0.0
SPIKE	S52:A>G	27	185743	1.4536214E-4	68.84131	39.037037	TRUE	A	3.9636384E-4	2022.0	4.3299497E-4	0.9707102	3855.859	0.036426164	0.9694052	0.0
SPIKE	S52:A>C	0	185743	0.0	9999.0	0.0	TRUE	A	3.169495E-4	1447.0	5.1032274E-4	0.9765091	744.401	0.04070574	0.9492575	0.0
SPIKE	S52:A>T	0	185743	0.0	9999.0	0.0	TRUE	A	5.6991203E-6	25.0	6.181004E-4	0.99957263	627.7057	0.042369056	0.97091705	0.0
SPIKE	S53:C>T	16	185743	8.614053E-5	51.36915	39.375	TRUE	C	2.0563956E-4	973.0	5.058442E-4	0.9846954	1891.9124	0.03927589	0.9764148	0.0
SPIKE	S53:C>A	7	185743	3.768648E-5	97.82665	39.42857	TRUE	C	7.2679622E-6	32.0	6.874035E-4	0.99945503	426.61783	0.04221568	0.9733536	0.0
SPIKE	D53-54:C>	7	185743	3.768648E-5	9999.0	39.782402	TRUE		NaN	NaN	NaN	NaN	NaN	NaN	NaN	NaN
SPIKE	S53:C>G	0	185743	0.0	9999.0	0.0	TRUE	C	6.7798583E-6	37.0	3.798062E-4	0.99949163	1286.4227	0.03404837	0.9832877	0.0
SPIKE	S54:C>T	19	185746	1.0229022E-4	48.943573	40.0	TRUE	C	2.895392E-4	1370.0	5.058442E-4	0.97851866	1891.943	0.03927589	0.9764148	0.0
SPIKE	S54:C>A	19	185746	1.0229022E-4	31.976645	40.0	TRUE	C	3.9405347E-4	1735.0	6.874035E-4	0.9708784	426.6247	0.04221568	0.9733536	0.0
SPIKE	S54:C>G	0	185746	0.0	9999.0	0.0	TRUE	C	2.3572336E-4	3.0	3.798062E-4	0.9824761	1286.4436	0.03404837	0.9832877	1.0
SPIKE	S55:A>T	17	185746	9.152283E-5	83.83387	40.0	TRUE	A	1.3290133E-4	583.0	6.181004E-4	0.9900819	627.7158	0.042369056	0.97091705	0.0
SPIKE	S55:A>C	3	185746	1.6151089E-5	1.1444083E-5	40.0	TRUE	A	9.368148E-4	4277.0	5.1032274E-4	0.93215036	744.413	0.04070574	0.9492575	0.0
SPIKE	S55:A>G	57	185746	3.0687067E-4	161.40996	40.0	TRUE	A	7.2763546E-4	3712.0	4.3299497E-4	0.9468897	3855.9211	0.036426164	0.9694052	0.0
SPIKE	D55-56:A>	1	185746	5.383696E-6	9999.0	39.99961	TRUE		NaN	NaN	NaN	NaN	NaN	NaN	NaN	NaN
SPIKE	S56:C>T	14	185746	7.537175E-5	41.246807	40.0	TRUE	C	1.9971865E-4	945.0	5.058442E-4	0.98513275	1891.943	0.03927589	0.9764148	0.0
SPIKE	S56:C>G	1	185746	5.383696E-6	12.005189	40.0	TRUE	C	6.046803E-6	33.0	3.798062E-4	0.9995466	1286.4436	0.03404837	0.9832877	0.0
SPIKE	S56:C>A	8	185746	4.306957E-5	4.5496793	40.0	TRUE	C	3.3999886E-4	1497.0	6.874035E-4	0.97482246	426.6247	0.04221568	0.9733536	0.0
SPIKE	D56-57:C>	3	185746	1.6151089E-5	9999.0	39.999622	TRUE		NaN	NaN	NaN	NaN	NaN	NaN	NaN	NaN
SPIKE	S57:C>T	20	185746	1.0767392E-4	60.83714	40.0	TRUE	C	2.6143066E-4	1237.0	5.058442E-4	0.98058367	1891.943	0.03927589	0.9764148	0.0
SPIKE	S57:C>G	1	185746	5.383696E-6	0.11053002	40.0	TRUE	C	2.3572336E-4	8.0	3.798062E-4	0.9824761	1286.4436	0.03404837	0.9832877	1.0
SPIKE	S57:C>A	16	185746	8.613914E-5	15.575893	40.0	TRUE	C	4.5923694E-4	2022.0	6.874035E-4	0.9661436	426.6247	0.04221568	0.9733536	0.0
SPIKE	S58:A>T	1	185746	5.383696E-6	6.822558E-4	40.0	TRUE	A	5.072135E-4	2225.0	6.181004E-4	0.9626735	627.7158	0.042369056	0.97091705	0.0
SPIKE	S58:A>C	2	185746	1.0767392E-5	0.00878525	40.0	TRUE	A	4.6632657E-4	2129.0	5.1032274E-4	0.96563005	744.413	0.04070574	0.9492575	0.0
SPIKE	S58:A>G	35	185746	1.8842936E-4	76.75488	40.0	TRUE	A	5.623885E-4	2869.0	4.3299497E-4	0.95869803	3855.9211	0.036426164	0.9694052	0.0
SPIKE	S59:T>C	25	185746	1.345924E-4	11.769392	40.0	TRUE	T	8.77534E-4	4344.0	4.5023204E-4	0.93630403	3250.0632	0.03753956	0.966303	0.0
SPIKE	S59:T>G	1	185746	5.383696E-6	6.963936	40.0	TRUE	T	1.9711482E-5	108.0	2.890754E-4	0.99852276	2151.6724	0.033910997	0.97206193	0.0
SPIKE	S59:T>A	4	185746	2.1534785E-5	0.14570335	40.0	TRUE	T	4.4138878E-4	2060.0	6.0100516E-4	0.9674378	583.3589	0.03982306	0.9811957	0.0
SPIKE	D59-60:T>	1	185746	5.383696E-6	9999.0	39.999855	TRUE		NaN	NaN	NaN	NaN	NaN	NaN	NaN	NaN
SPIKE	S60:T>C	32	185746	1.7227828E-4	23.810139	40.0	TRUE	T	9.278346E-4	4593.0	4.5023204E-4	0.9327784	3250.0632	0.03753956	0.966303	0.0
SPIKE	S60:T>G	1	185746	5.383696E-6	0.007585862	40.0	TRUE	T	3.8072365E-4	2086.0	2.890754E-4	0.97184956	2151.6724	0.033910997	0.97206193	0.0
SPIKE	S60:T>A	1	185746	5.383696E-6	6.116517	40.0	TRUE	T	2.4212102E-5	113.0	6.0100516E-4	0.99818575	583.3589	0.03982306	0.9811957	0.0
SPIKE	S61:G>A	17	185746	9.152283E-5	39.714928	40.0	TRUE	G	2.851395E-4	1405.0	6.0132606E-4	0.9788416	1491.816	0.037719138	0.9731066	0.0
SPIKE	S61:G>C	0	185746	0.0	9999.0	0.0	TRUE	G	2.240303E-4	8.0	3.5870075E-4	0.9833381	1218.6343	0.034159277	0.9778377	1.0
SPIKE	S61:G>T	0	185746	0.0	9999.0	0.0	TRUE	G	3.4990345E-4	1806.0	4.3279366E-4	0.97409856	880.5374	0.03600294	0.9772354	0.0
SPIKE	S62:A>T	2	185746	1.0767392E-5	2.750459	40.0	TRUE	A	1.0896542E-4	478.0	6.181004E-4	0.9918609	627.7158	0.042369056	0.97091705	0.0
SPIKE	S62:A>G	36	185746	1.9381306E-4	12.736341	40.0	TRUE	A	0.0013057058	6661.0	4.3299497E-4	0.90671426	3855.9211	0.036426164	0.9694052	0.0
SPIKE	D62-63:A>	14	185746	7.537175E-5	9999.0	39.99986	TRUE		NaN	NaN	NaN	NaN	NaN	NaN	NaN	NaN
SPIKE	I62:>A	1	185746	5.383696E-6	9999.0	39.99986	TRUE		NaN	NaN	NaN	NaN	NaN	NaN	NaN	NaN
SPIKE	S62:A>C	0	185746	0.0	9999.0	0.0	TRUE	A	1.555152E-5	71.0	5.1032274E-4	0.9988343	744.413	0.04070574	0.9492575	0.0
SPIKE	S63:A>T	3	185746	1.6151089E-5	13.455922	40.0	TRUE	A	4.6048146E-5	202.0	6.181004E-4	0.99655235	627.7158	0.042369056	0.97091705	0.0
SPIKE	S63:A>C	1	185746	5.383696E-6	6.9176526	40.0	TRUE	A	1.9932231E-5	91.0	5.1032274E-4	0.9985062	744.413	0.04070574	0.9492575	0.0
SPIKE	S63:A>G	53	185746	2.8533587E-4	99.253944	40.0	TRUE	A	9.1954146E-4	4691.0	4.3299497E-4	0.9333588	3855.9211	0.036426164	0.9694052	0.0
SPIKE	S64:A>G	62	185746	3.3378915E-4	127.14838	40.0	TRUE	A	0.0010010868	5107.0	4.3299497E-4	0.92766786	3855.9211	0.036426164	0.9694052	0.0
SPIKE	S64:A>C	5	185746	2.691848E-5	32.58003	40.0	TRUE	A	3.5264715E-5	161.0	5.1032274E-4	0.9973586	744.413	0.04070574	0.9492575	0.0
SPIKE	S64:A>T	4	185746	2.1534785E-5	21.0178	40.0	TRUE	A	4.3084652E-5	189.0	6.181004E-4	0.99677384	627.7158	0.042369056	0.97091705	0.0
SPIKE	S65:A>G	38	185746	2.0458044E-4	73.68505	40.0	TRUE	A	6.6118385E-4	3373.0	4.3299497E-4	0.95162064	3855.9211	0.036426164	0.9694052	0.0
SPIKE	S65:A>C	17	185746	9.152283E-5	0.592753	40.0	TRUE	A	0.0010695504	4883.0	5.1032274E-4	0.9229167	744.413	0.04070574	0.9492575	0.0
SPIKE	S65:A>T	1	185746	5.383696E-6	5.094617	40.0	TRUE	A	3.1230673E-5	137.0	6.181004E-4	0.99766046	627.7158	0.042369056	0.97091705	0.0
SPIKE	S66:C>A	3	185746	1.6151089E-5	1.9830879	40.0	TRUE	C	1.8305884E-4	806.0	6.874035E-4	0.9863644	426.6247	0.04221568	0.9733536	0.0
SPIKE	S66:C>G	1	185746	5.383696E-6	10.57251	40.0	TRUE	C	8.428877E-6	46.0	3.798062E-4	0.999368	1286.4436	0.03404837	0.9832877	0.0
SPIKE	S66:C>T	14	185746	7.537175E-5	50.36441	40.0	TRUE	C	1.6421311E-4	777.0	5.058442E-4	0.98775953	1891.943	0.03927589	0.9764148	0.0
SPIKE	D66-67:C>	1	185746	5.383696E-6	9999.0	39.99986	TRUE		NaN	NaN	NaN	NaN	NaN	NaN	NaN	NaN
SPIKE	S67:C>A	10	185746	5.383696E-5	0.1906631	40.0	TRUE	C	8.003714E-4	3524.0	6.874035E-4	0.9417383	426.6247	0.04221568	0.9733536	0.0
SPIKE	S67:C>G	1	185746	5.383696E-6	0.11053002	40.0	TRUE	C	2.3572336E-4	9.0	3.798062E-4	0.9824761	1286.4436	0.03404837	0.9832877	1.0
SPIKE	S67:C>T	24	185746	1.2920871E-4	120.086	40.0	TRUE	C	1.7562561E-4	831.0	5.058442E-4	0.98691446	1891.943	0.03927589	0.9764148	0.0
SPIKE	S68:A>G	36	185746	1.9381306E-4	10.782055	40.0	TRUE	A	0.0013619642	6948.0	4.3299497E-4	0.9028965	3855.9211	0.036426164	0.9694052	0.0
SPIKE	S68:A>C	3	185746	1.6151089E-5	1.1073577	40.0	TRUE	A	2.2713981E-4	1037.0	5.1032274E-4	0.9831088	744.413	0.04070574	0.9492575	0.0
SPIKE	S68:A>T	16	185746	8.613914E-5	71.818954	40.0	TRUE	A	1.424757E-4	625.0	6.181004E-4	0.98937124	627.7158	0.042369056	0.97091705	0.0
SPIKE	S69:G>A	22	185746	1.1844131E-4	40.045036	40.0	TRUE	G	4.245636E-4	2092.0	6.0132606E-4	0.96865934	1491.816	0.037719138	0.9731066	0.0
SPIKE	S69:G>C	1	185746	5.383696E-6	3.3636272E-5	40.0	TRUE	G	6.621816E-4	3602.0	3.5870075E-4	0.9515495	1218.6343	0.034159277	0.9778377	0.0
SPIKE	S69:G>T	4	185746	2.1534785E-5	42.598164	40.0	TRUE	G	1.123721E-5	58.0	4.3279366E-4	0.99915755	880.5374	0.03600294	0.9772354	0.0
SPIKE	S70:C>A	13	185746	6.998805E-5	209.79422	40.0	TRUE	C	7.0407245E-6	31.0	6.874035E-4	0.9994721	426.6247	0.04221568	0.9733536	0.0
SPIKE	S70:C>G	3	185746	1.6151089E-5	2.6706307	40.0	TRUE	C	1.603319E-4	875.0	3.798062E-4	0.9880471	1286.4436	0.03404837	0.9832877	0.0
SPIKE	S70:C>T	29	185746	1.5612718E-4	134.07097	40.0	TRUE	C	2.3036331E-4	1090.0	5.058442E-4	0.9828712	1891.943	0.03927589	0.9764148	0.0
SPIKE	S71:C>A	13	185746	6.998805E-5	80.84968	40.0	TRUE	C	7.585813E-5	334.0	6.874035E-4	0.9943268	426.6247	0.04221568	0.9733536	0.0
SPIKE	S71:C>G	1	185746	5.383696E-6	1.5573869E-4	40.0	TRUE	C	5.836081E-4	3185.0	3.798062E-4	0.9571735	1286.4436	0.03404837	0.9832877	0.0
SPIKE	S71:C>T	19	185746	1.0229022E-4	29.81091	40.0	TRUE	C	4.114838E-4	1947.0	5.058442E-4	0.96961004	1891.943	0.03927589	0.9764148	0.0
SPIKE	S72:G>A	29	185746	1.5612718E-4	108.0134	40.0	TRUE	G	2.9609862E-4	1459.0	6.0132606E-4	0.97803736	1491.816	0.037719138	0.9731066	0.0
SPIKE	S72:G>C	0	185746	0.0	9999.0	0.0	TRUE	G	1.5607777E-4	849.0	3.5870075E-4	0.98836243	1218.6343	0.034159277	0.9778377	0.0
SPIKE	S72:G>T	0	185746	0.0	9999.0	0.0	TRUE	G	3.375038E-4	1742.0	4.3279366E-4	0.9750049	880.5374	0.03600294	0.9772354	0.0
SPIKE	S73:T>A	8	185746	4.306957E-5	39.709164	40.0	TRUE	T	7.263631E-5	339.0	6.0100516E-4	0.9945671	583.3589	0.03982306	0.9811957	0.0
SPIKE	S73:T>G	4	185746	2.1534785E-5	0.001046949	40.0	TRUE	T	7.671052E-4	4203.0	2.890754E-4	0.94409084	2151.6724	0.033910997	0.97206193	0.0
SPIKE	S73:T>C	40	185746	2.1534784E-4	62.098698	40.0	TRUE	T	7.975378E-4	3948.0	4.5023204E-4	0.94193846	3250.0632	0.03753956	0.966303	0.0
SPIKE	S74:G>A	18	185746	9.690653E-5	84.6766	40.0	TRUE	G	1.4835372E-4	731.0	6.0132606E-4	0.9889351	1491.816	0.037719138	0.9731066	0.0
SPIKE	S74:G>T	1	185746	5.383696E-6	0.33761272	40.0	TRUE	G	1.7359552E-4	896.0	4.3279366E-4	0.9870647	880.5374	0.03600294	0.9772354	0.0
SPIKE	S74:G>C	0	185746	0.0	9999.0	0.0	TRUE	G	4.2466392E-5	231.0	3.5870075E-4	0.9968201	1218.6343	0.034159277	0.9778377	0.0
SPIKE	S75:G>A	19	185746	1.0229022E-4	85.80422	40.0	TRUE	G	1.6357469E-4	806.0	6.0132606E-4	0.98780686	1491.816	0.037719138	0.9731066	0.0
SPIKE	S75:G>C	1	185746	5.383696E-6	13.022388	40.0	TRUE	G	4.779767E-6	26.0	3.5870075E-4	0.9996416	1218.6343	0.034159277	0.9778377	0.0
SPIKE	S75:G>T	0	185746	0.0	9999.0	0.0	TRUE	G	6.3063996E-4	3255.0	4.3279366E-4	0.9538031	880.5374	0.03600294	0.9772354	0.0
SPIKE	I76:>T	1	185746	5.383696E-6	9999.0	39.999565	TRUE		NaN	NaN	NaN	NaN	NaN	NaN	NaN	NaN
SPIKE	D76-78:TT>	1	185746	5.383696E-6	9999.0	39.999565	TRUE		NaN	NaN	NaN	NaN	NaN	NaN	NaN	NaN
SPIKE	S76:T>A	2	185746	1.0767392E-5	8.939873	40.0	TRUE	T	3.985355E-5	186.0	6.0100516E-4	0.9970155	583.3589	0.03982306	0.9811957	0.0
SPIKE	S76:T>G	7	185746	3.7685873E-5	3.5933132	40.0	TRUE	T	3.2268427E-4	1768.0	2.890754E-4	0.9760892	2151.6724	0.033910997	0.97206193	0.0
SPIKE	S76:T>C	36	185746	1.9381306E-4	62.816177	40.0	TRUE	T	6.747154E-4	3340.0	4.5023204E-4	0.9506554	3250.0632	0.03753956	0.966303	0.0
SPIKE	D76-77:T>	1	185746	5.383696E-6	9999.0	39.999565	TRUE		NaN	NaN	NaN	NaN	NaN	NaN	NaN	NaN
SPIKE	S77:T>A	1	185746	5.383696E-6	7.055179	40.0	TRUE	T	1.9283976E-5	90.0	6.0100516E-4	0.99855477	583.3589	0.03982306	0.9811957	0.0
SPIKE	S77:T>G	2	185746	1.0767392E-5	7.9996133	40.0	TRUE	T	4.544592E-5	249.0	2.890754E-4	0.99659735	2151.6724	0.033910997	0.97206193	0.0
SPIKE	S77:T>C	20	185746	1.0767392E-4	30.353363	40.0	TRUE	T	4.3836297E-4	2170.0	4.5023204E-4	0.9676574	3250.0632	0.03753956	0.966303	0.0
SPIKE	S78:T>A	3	185746	1.6151089E-5	26.775827	40.0	TRUE	T	1.4784381E-5	69.0	6.0100516E-4	0.9988918	583.3589	0.03982306	0.9811957	0.0
SPIKE	S78:T>G	1	185746	5.383696E-6	3.9097547E-5	40.0	TRUE	T	6.544943E-4	3586.0	2.890754E-4	0.95209825	2151.6724	0.033910997	0.97206193	0.0
SPIKE	S78:T>C	30	185746	1.6151088E-4	25.10301	40.0	TRUE	T	8.3632383E-4	4140.0	4.5023204E-4	0.93920237	3250.0632	0.03753956	0.966303	0.0
SPIKE	S79:G>A	16	185746	8.613914E-5	56.036358	40.0	TRUE	G	1.8853709E-4	929.0	6.0132606E-4	0.98595923	1491.816	0.037719138	0.9731066	0.0
SPIKE	S79:G>C	1	185746	5.383696E-6	1.5948077E-5	40.0	TRUE	G	7.002359E-4	3809.0	3.5870075E-4	0.9488375	1218.6343	0.034159277	0.9778377	0.0
SPIKE	S79:G>T	1	185746	5.383696E-6	0.448381	40.0	TRUE	G	1.5770843E-4	814.0	4.3279366E-4	0.98824155	880.5374	0.03600294	0.9772354	0.0
SPIKE	S80:C>G	1	185746	5.383696E-6	1.0294646E-5	40.0	TRUE	C	7.225013E-4	3943.0	3.798062E-4	0.94725436	1286.4436	0.03404837	0.9832877	0.0
SPIKE	S80:C>A	12	185746	6.4604355E-5	122.08926	40.0	TRUE	C	2.6800177E-5	118.0	6.874035E-4	0.997992	426.6247	0.04221568	0.9733536	0.0
SPIKE	S80:C>T	21	185746	1.1305761E-4	23.911541	40.0	TRUE	C	5.3406245E-4	2527.0	5.058442E-4	0.9607369	1891.943	0.03927589	0.9764148	0.0
SPIKE	D80-82:CG>	1	185746	5.383696E-6	9999.0	39.999622	TRUE		NaN	NaN	NaN	NaN	NaN	NaN	NaN	NaN
SPIKE	S81:G>A	27	185746	1.453598E-4	93.98641	40.0	TRUE	G	2.9812806E-4	1469.0	6.0132606E-4	0.9778885	1491.816	0.037719138	0.9731066	0.0
SPIKE	S81:G>T	1	185746	5.383696E-6	3.2773337	40.0	TRUE	G	5.0761188E-5	262.0	4.3279366E-4	0.99620014	880.5374	0.03600294	0.9772354	0.0
SPIKE	S81:G>C	1	185746	5.383696E-6	1.3971416	40.0	TRUE	G	9.467616E-5	515.0	3.5870075E-4	0.99292445	1218.6343	0.034159277	0.9778377	0.0
SPIKE	S82:G>A	31	185746	1.6689458E-4	159.7713	40.0	TRUE	G	2.1431127E-4	1056.0	6.0132606E-4	0.98405516	1491.816	0.037719138	0.9731066	0.0
SPIKE	S82:G>T	1	185746	5.383696E-6	13.518545	40.0	TRUE	G	4.26239E-6	22.0	4.3279366E-4	0.9996804	880.5374	0.03600294	0.9772354	0.0
SPIKE	S82:G>C	1	185746	5.383696E-6	7.57529E-5	40.0	TRUE	G	6.2063435E-4	3376.0	3.5870075E-4	0.95451915	1218.6343	0.034159277	0.9778377	0.0
SPIKE	S83:C>A	12	185746	6.4604355E-5	144.25957	40.0	TRUE	C	1.726113E-5	76.0	6.874035E-4	0.9987063	426.6247	0.04221568	0.9733536	0.0
SPIKE	S83:C>T	23	185746	1.2382501E-4	48.45843	40.0	TRUE	C	3.9880327E-4	1887.0	5.058442E-4	0.97053266	1891.943	0.03927589	0.9764148	0.0
SPIKE	S83:C>G	0	185746	0.0	9999.0	0.0	TRUE	C	7.646457E-4	4173.0	3.798062E-4	0.944265	1286.4436	0.03404837	0.9832877	0.0
SPIKE	S84:G>A	27	185746	1.453598E-4	12.209581	40.0	TRUE	G	9.487738E-4	4675.0	6.0132606E-4	0.9313147	1491.816	0.037719138	0.9731066	0.0
SPIKE	S84:G>C	0	185746	0.0	9999.0	0.0	TRUE	G	1.0699325E-4	582.0	3.5870075E-4	0.9920076	1218.6343	0.034159277	0.9778377	0.0
SPIKE	S84:G>T	0	185746	0.0	9999.0	0.0	TRUE	G	9.68725E-6	50.0	4.3279366E-4	0.9992737	880.5374	0.03600294	0.9772354	0.0
SPIKE	S85:A>G	13	185746	6.998805E-5	11.962838	40.0	TRUE	A	3.992978E-4	2037.0	4.3299497E-4	0.97049665	3855.9211	0.036426164	0.9694052	0.0
SPIKE	S85:A>C	0	185746	0.0	9999.0	0.0	TRUE	A	8.76142E-6	40.0	5.1032274E-4	0.9993431	744.413	0.04070574	0.9492575	0.0
SPIKE	S85:A>T	0	185746	0.0	9999.0	0.0	TRUE	A	7.372263E-4	3234.0	6.181004E-4	0.94620883	627.7158	0.042369056	0.97091705	0.0
SPIKE	S86:T>C	17	185744	9.152382E-5	0.26541087	39.0	TRUE	T	0.0011728861	5806.0	4.5023204E-4	0.9157916	3250.028	0.03753956	0.966303	0.0
SPIKE	D86-87:T>	13	185744	6.9988804E-5	9999.0	39.60627	TRUE		NaN	NaN	NaN	NaN	NaN	NaN	NaN	NaN
SPIKE	S86:T>A	0	185744	0.0	9999.0	0.0	TRUE	T	1.5363067E-4	717.0	6.0100516E-4	0.9885438	583.3526	0.03982306	0.9811957	0.0
SPIKE	S86:T>G	0	185744	0.0	9999.0	0.0	TRUE	T	2.3544526E-5	129.0	2.890754E-4	0.9982357	2151.6492	0.033910997	0.97206193	0.0
SPIKE	S87:T>G	2	185744	1.0767508E-5	6.111249	38.5	TRUE	T	6.0047663E-5	329.0	2.890754E-4	0.9955065	2151.6492	0.033910997	0.97206193	0.0
SPIKE	S87:T>A	3	185744	1.6151262E-5	9.634418	35.333332	TRUE	T	6.663756E-5	311.0	6.0100516E-4	0.99501467	583.3526	0.03982306	0.9811957	0.0
SPIKE	S87:T>C	15	185744	8.075631E-5	7.2717886	38.4	TRUE	T	5.716961E-4	2830.0	4.5023204E-4	0.95802903	3250.028	0.03753956	0.966303	0.0
SPIKE	S88:T>C	12	185744	6.460505E-5	3.9679973	38.416668	TRUE	T	5.4099015E-4	2678.0	4.5023204E-4	0.96023786	3250.028	0.03753956	0.966303	0.0
SPIKE	S88:T>A	0	185744	0.0	9999.0	0.0	TRUE	T	6.492342E-5	303.0	6.0100516E-4	0.9951426	583.3526	0.03982306	0.9811957	0.0
SPIKE	S88:T>G	0	185744	0.0	9999.0	0.0	TRUE	T	1.0220879E-5	56.0	2.890754E-4	0.9992337	2151.6492	0.033910997	0.97206193	0.0
SPIKE	S89:A>G	35	185744	1.8843138E-4	201.4988	38.4	TRUE	A	2.0366955E-4	1039.0	4.3299497E-4	0.98484087	3855.8796	0.036426164	0.9694052	0.0
SPIKE	S89:A>T	1	185744	5.383754E-6	2.511797	40.0	TRUE	A	6.38298E-5	280.0	6.181004E-4	0.9952242	627.70905	0.042369056	0.97091705	0.0
SPIKE	S89:A>C	1	185744	5.383754E-6	13.1886215	38.0	TRUE	A	4.599795E-6	21.0	5.1032274E-4	0.99965507	744.405	0.04070574	0.9492575	0.0
SPIKE	S90:T>A	3	185744	1.6151262E-5	19.047361	38.333332	TRUE	T	2.80692E-5	131.0	6.0100516E-4	0.997897	583.3526	0.03982306	0.9811957	0.0
SPIKE	S90:T>C	7	185744	3.7686277E-5	0.849986	39.142857	TRUE	T	4.7695212E-4	2361.0	4.5023204E-4	0.9648608	3250.028	0.03753956	0.966303	0.0
SPIKE	S90:T>G	0	185744	0.0	9999.0	0.0	TRUE	T	1.3141131E-5	72.0	2.890754E-4	0.9990149	2151.6492	0.033910997	0.97206193	0.0
SPIKE	S91:C>A	25	185744	1.3459385E-4	456.89346	39.56	TRUE	C	7.4950453E-6	33.0	6.874035E-4	0.99943805	426.62012	0.04221568	0.9733536	0.0
SPIKE	S91:C>T	19	185744	1.0229133E-4	59.38942	39.0	TRUE	C	2.4389186E-4	1154.0	5.058442E-4	0.9818744	1891.9226	0.03927589	0.9764148	0.0
SPIKE	S91:C>G	0	185744	0.0	9999.0	0.0	TRUE	C	4.5809606E-6	25.0	3.798062E-4	0.9996565	1286.4297	0.03404837	0.9832877	0.0
SPIKE	S92:G>A	20	185744	1.0767508E-4	43.257782	38.95	TRUE	G	3.468389E-4	1709.0	6.0132606E-4	0.9743225	1491.8	0.037719138	0.9731066	0.0
SPIKE	S92:G>T	2	185744	1.0767508E-5	24.79976	38.0	TRUE	G	5.6186655E-6	29.0	4.3279366E-4	0.9995787	880.52795	0.03600294	0.9772354	0.0
SPIKE	S92:G>C	0	185744	0.0	9999.0	0.0	TRUE	G	1.2501064E-5	68.0	3.5870075E-4	0.99906284	1218.6211	0.034159277	0.9778377	0.0
SPIKE	S93:T>G	1	185744	5.383754E-6	7.918419	40.0	TRUE	T	1.569635E-5	86.0	2.890754E-4	0.99882346	2151.6492	0.033910997	0.97206193	0.0
SPIKE	S93:T>A	3	185744	1.6151262E-5	8.446408	39.333332	TRUE	T	7.5422584E-5	352.0	6.0100516E-4	0.99435925	583.3526	0.03982306	0.9811957	0.0
SPIKE	S93:T>C	14	185744	7.5372554E-5	24.03051	39.0	TRUE	T	3.024131E-4	1497.0	4.5023204E-4	0.9775743	3250.028	0.03753956	0.966303	0.0
SPIKE	S94:C>G	1	185744	5.383754E-6	17.180502	39.0	TRUE	C	1.8323843E-6	10.0	3.798062E-4	0.99986255	1286.4297	0.03404837	0.9832877	0.0
SPIKE	S94:C>A	12	185744	6.460505E-5	153.23335	39.416668	TRUE	C	1.4535846E-5	64.0	6.874035E-4	0.9989104	426.62012	0.04221568	0.9733536	0.0
SPIKE	S94:C>T	17	185744	9.152382E-5	42.18594	38.882355	TRUE	C	2.7178935E-4	1286.0	5.058442E-4	0.97982216	1891.9226	0.03927589	0.9764148	0.0
SPIKE	S95:G>A	18	185744	9.690757E-5	69.87901	38.5	TRUE	G	1.8650963E-4	919.0	6.0132606E-4	0.98610914	1491.8	0.037719138	0.9731066	0.0
SPIKE	D95-98:GTC>	1	185744	5.383754E-6	9999.0	39.862576	TRUE		NaN	NaN	NaN	NaN	NaN	NaN	NaN	NaN
SPIKE	S95:G>C	0	185744	0.0	9999.0	0.0	TRUE	G	1.3604099E-5	74.0	3.5870075E-4	0.9989802	1218.6211	0.034159277	0.9778377	0.0
SPIKE	S95:G>T	0	185744	0.0	9999.0	0.0	TRUE	G	1.7059973E-4	8.0	4.3279366E-4	0.9872865	880.52795	0.03600294	0.9772354	1.0
SPIKE	S96:T>C	12	185744	6.460505E-5	1.9116712	37.833332	TRUE	T	6.4644084E-4	3200.0	4.5023204E-4	0.9526735	3250.028	0.03753956	0.966303	0.0
SPIKE	S96:T>A	1	185744	5.383754E-6	2.029672	40.0	TRUE	T	7.4779775E-5	349.0	6.0100516E-4	0.99440724	583.3526	0.03982306	0.9811957	0.0
SPIKE	S96:T>G	2	185744	1.0767508E-5	14.816089	38.5	TRUE	T	1.8616602E-5	102.0	2.890754E-4	0.9986047	2151.6492	0.033910997	0.97206193	0.0
SPIKE	S97:C>T	14	185744	7.5372554E-5	42.811543	38.92857	TRUE	C	1.9295777E-4	913.0	5.058442E-4	0.98563236	1891.9226	0.03927589	0.9764148	0.0
SPIKE	S97:C>A	16	185744	8.614006E-5	238.58539	38.9375	TRUE	C	1.1129007E-5	49.0	6.874035E-4	0.99916565	426.62012	0.04221568	0.9733536	0.0
SPIKE	S97:C>G	1	185744	5.383754E-6	0.1105351	38.0	TRUE	C	2.3572336E-4	6.0	3.798062E-4	0.9824761	1286.4297	0.03404837	0.9832877	1.0
SPIKE	S98:A>C	3	185744	1.6151262E-5	24.843233	40.0	TRUE	A	1.7303992E-5	79.0	5.1032274E-4	0.99870306	744.405	0.04070574	0.9492575	0.0
SPIKE	S98:A>T	1	185744	5.383754E-6	9.728864	38.0	TRUE	A	1.0258361E-5	45.0	6.181004E-4	0.9992309	627.70905	0.042369056	0.97091705	0.0
SPIKE	S98:A>G	38	185744	2.0458265E-4	71.065796	38.92105	TRUE	A	6.77461E-4	3456.0	4.3299497E-4	0.95045966	3855.8796	0.036426164	0.9694052	0.0
SPIKE	D98-101:ATC>	1	185744	5.383754E-6	9999.0	39.751213	TRUE		NaN	NaN	NaN	NaN	NaN	NaN	NaN	NaN
SPIKE	S99:T>C	16	185744	8.614006E-5	10.11488	38.9375	TRUE	T	5.488687E-4	2717.0	4.5023204E-4	0.9596706	3250.028	0.03753956	0.966303	0.0
SPIKE	S99:T>A	9	185744	4.8453785E-5	90.83048	39.333332	TRUE	T	2.1855407E-5	102.0	6.0100516E-4	0.9983622	583.3526	0.03982306	0.9811957	0.0
SPIKE	S99:T>G	0	185744	0.0	9999.0	0.0	TRUE	T	1.2776099E-5	70.0	2.890754E-4	0.9990423	2151.6492	0.033910997	0.97206193	0.0
SPIKE	S100:C>T	20	185744	1.0767508E-4	57.809906	39.0	TRUE	C	2.739028E-4	1296.0	5.058442E-4	0.9796668	1891.9226	0.03927589	0.9764148	0.0
SPIKE	S100:C>A	19	185744	1.0229133E-4	271.00986	38.842106	TRUE	C	1.4990091E-5	66.0	6.874035E-4	0.9988764	426.62012	0.04221568	0.9733536	0.0
SPIKE	S100:C>G	1	185744	5.383754E-6	15.140897	38.0	TRUE	C	2.9318148E-6	16.0	3.798062E-4	0.9997801	1286.4297	0.03404837	0.9832877	0.0
SPIKE	D100-101:C>	1	185744	5.383754E-6	9999.0	39.831245	TRUE		NaN	NaN	NaN	NaN	NaN	NaN	NaN	NaN
SPIKE	S101:G>A	20	185744	1.0767508E-4	63.615795	38.95	TRUE	G	2.5064134E-4	1235.0	6.0132606E-4	0.9813775	1491.8	0.037719138	0.9731066	0.0
SPIKE	S101:G>C	0	185744	0.0	9999.0	0.0	TRUE	G	6.4343712E-6	35.0	3.5870075E-4	0.99951756	1218.6211	0.034159277	0.9778377	0.0
SPIKE	S101:G>T	0	185744	0.0	9999.0	0.0	TRUE	G	4.2624356E-6	22.0	4.3279366E-4	0.99968034	880.52795	0.03600294	0.9772354	0.0
SPIKE	D102-104:TG>	1	185744	5.383754E-6	9999.0	39.687397	TRUE		NaN	NaN	NaN	NaN	NaN	NaN	NaN	NaN
SPIKE	S102:T>C	17	185744	9.152382E-5	17.581373	39.588234	TRUE	T	4.6907362E-4	2322.0	4.5023204E-4	0.9654311	3250.028	0.03753956	0.966303	0.0
SPIKE	S102:T>A	1	185744	5.383754E-6	7.5477347	40.0	TRUE	T	1.7141496E-5	80.0	6.0100516E-4	0.9987152	583.3526	0.03982306	0.9811957	0.0
SPIKE	S102:T>G	2	185744	1.0767508E-5	13.003926	39.0	TRUE	T	2.336201E-5	128.0	2.890754E-4	0.9982494	2151.6492	0.033910997	0.97206193	0.0
SPIKE	S103:G>T	4	185744	2.1535016E-5	59.05608	38.75	TRUE	G	4.2624356E-6	22.0	4.3279366E-4	0.99968034	880.52795	0.03600294	0.9772354	0.0
SPIKE	S103:G>A	18	185744	9.690757E-5	83.601326	38.944443	TRUE	G	1.507907E-4	743.0	6.0132606E-4	0.9887544	1491.8	0.037719138	0.9731066	0.0
SPIKE	S103:G>C	0	185744	0.0	9999.0	0.0	TRUE	G	3.8606227E-6	21.0	3.5870075E-4	0.9997105	1218.6211	0.034159277	0.9778377	0.0
SPIKE	S104:G>C	1	185744	5.383754E-6	7.987241	40.0	TRUE	G	1.544249E-5	84.0	3.5870075E-4	0.9988425	1218.6211	0.034159277	0.9778377	0.0
SPIKE	S104:G>A	12	185744	6.460505E-5	46.466457	39.0	TRUE	G	1.3394598E-4	660.0	6.0132606E-4	0.99000436	1491.8	0.037719138	0.9731066	0.0
SPIKE	S104:G>T	0	185744	0.0	9999.0	0.0	TRUE	G	2.1312178E-6	11.0	4.3279366E-4	0.9998402	880.52795	0.03600294	0.9772354	0.0
SPIKE	S105:C>T	20	185744	1.0767508E-4	56.679375	33.25	TRUE	C	2.7876373E-4	1319.0	5.058442E-4	0.97930974	1891.9226	0.03927589	0.9764148	0.0
SPIKE	S105:C>A	14	185744	7.5372554E-5	167.31676	38.857143	TRUE	C	1.9986788E-5	88.0	6.874035E-4	0.99850214	426.62012	0.04221568	0.9733536	0.0
SPIKE	S105:C>G	1	185744	5.383754E-6	8.77428	40.0	TRUE	C	1.282669E-5	70.0	3.798062E-4	0.99903846	1286.4297	0.03404837	0.9832877	0.0
SPIKE	D105-106:C>	1	185744	5.383754E-6	9999.0	39.818962	TRUE		NaN	NaN	NaN	NaN	NaN	NaN	NaN	NaN
SPIKE	D105-107:CG>	3	185744	1.6151262E-5	9999.0	39.818962	TRUE		NaN	NaN	NaN	NaN	NaN	NaN	NaN	NaN
SPIKE	D106-109:GGC>	3	185744	1.6151262E-5	9999.0	39.844044	TRUE		NaN	NaN	NaN	NaN	NaN	NaN	NaN	NaN
SPIKE	S106:G>T	4	185744	2.1535016E-5	43.48884	39.5	TRUE	G	1.0656089E-5	55.0	4.3279366E-4	0.9992011	880.52795	0.03600294	0.9772354	0.0
SPIKE	S106:G>A	36	185744	1.9381514E-4	123.14055	38.583332	TRUE	G	3.933141E-4	1938.0	6.0132606E-4	0.9709323	1491.8	0.037719138	0.9731066	0.0
SPIKE	S106:G>C	0	185744	0.0	9999.0	0.0	TRUE	G	6.066693E-6	33.0	3.5870075E-4	0.9995451	1218.6211	0.034159277	0.9778377	0.0
SPIKE	S107:G>T	1	185744	5.383754E-6	12.795159	40.0	TRUE	G	5.037424E-6	26.0	4.3279366E-4	0.9996223	880.52795	0.03600294	0.9772354	0.0
SPIKE	S107:G>A	13	185744	6.9988804E-5	29.891598	38.846153	TRUE	G	2.3176713E-4	1142.0	6.0132606E-4	0.98276764	1491.8	0.037719138	0.9731066	0.0
SPIKE	S107:G>C	0	185744	0.0	9999.0	0.0	TRUE	G	1.121419E-5	61.0	3.5870075E-4	0.9991593	1218.6211	0.034159277	0.9778377	0.0
SPIKE	S108:C>T	17	185744	9.152382E-5	43.798687	38.941177	TRUE	C	2.635469E-4	1247.0	5.058442E-4	0.98042804	1891.9226	0.03927589	0.9764148	0.0
SPIKE	S108:C>A	8	185744	4.307003E-5	114.00812	39.0	TRUE	C	7.4950453E-6	33.0	6.874035E-4	0.99943805	426.62012	0.04221568	0.9733536	0.0
SPIKE	S108:C>G	2	185744	1.0767508E-5	31.514666	39.5	TRUE	C	2.565338E-6	14.0	3.798062E-4	0.9998076	1286.4297	0.03404837	0.9832877	0.0
SPIKE	S109:A>C	3	185744	1.6151262E-5	24.38836	39.666668	TRUE	A	1.7961105E-5	82.0	5.1032274E-4	0.9986538	744.405	0.04070574	0.9492575	0.0
SPIKE	S109:A>T	3	185744	1.6151262E-5	19.546492	39.333332	TRUE	A	2.6899703E-5	118.0	6.181004E-4	0.9979845	627.70905	0.042369056	0.97091705	0.0
SPIKE	S109:A>G	41	185744	2.2073391E-4	59.120014	38.82927	TRUE	A	8.511388E-4	4342.0	4.3299497E-4	0.9381594	3855.8796	0.036426164	0.9694052	0.0
SPIKE	S110:G>T	1	185744	5.383754E-6	11.764243	39.0	TRUE	G	6.3936536E-6	33.0	4.3279366E-4	0.9995206	880.52795	0.03600294	0.9772354	0.0
SPIKE	S110:G>A	13	185744	6.9988804E-5	38.293747	39.23077	TRUE	G	1.8813321E-4	927.0	6.0132606E-4	0.9859891	1491.8	0.037719138	0.9731066	0.0
SPIKE	S110:G>C	0	185744	0.0	9999.0	0.0	TRUE	G	3.6767835E-6	20.0	3.5870075E-4	0.99972427	1218.6211	0.034159277	0.9778377	0.0
SPIKE	S111:C>T	13	185744	6.9988804E-5	31.17509	38.692307	TRUE	C	2.2423679E-4	1061.0	5.058442E-4	0.98332286	1891.9226	0.03927589	0.9764148	0.0
SPIKE	S111:C>A	7	185744	3.7686277E-5	95.14883	39.42857	TRUE	C	7.949291E-6	35.0	6.874035E-4	0.99940395	426.62012	0.04221568	0.9733536	0.0
SPIKE	S111:C>G	1	185744	5.383754E-6	8.89774	39.0	TRUE	C	1.2460213E-5	68.0	3.798062E-4	0.99906594	1286.4297	0.03404837	0.9832877	0.0
SPIKE	S112:G>A	21	185741	1.1306066E-4	86.5032	39.04762	TRUE	G	1.9909565E-4	981.0	6.0132606E-4	0.98517877	1491.7759	0.037719138	0.9731066	0.0
SPIKE	D112-120:GTGACCTA>	1	185741	5.3838407E-6	9999.0	39.830673	TRUE		NaN	NaN	NaN	NaN	NaN	NaN	NaN	NaN
SPIKE	S112:G>C	0	185741	0.0	9999.0	0.0	TRUE	G	3.3091587E-6	18.0	3.5870075E-4	0.99975187	1218.6014	0.034159277	0.9778377	0.0
SPIKE	S112:G>T	0	185741	0.0	9999.0	0.0	TRUE	G	2.3250025E-6	12.0	4.3279366E-4	0.99982566	880.51373	0.03600294	0.9772354	0.0
SPIKE	S113:T>C	19	185741	1.0229298E-4	1.0833586	38.210526	TRUE	T	0.0010888664	5390.0	4.5023204E-4	0.9215807	3249.9756	0.03753956	0.966303	0.0
SPIKE	S113:T>A	0	185741	0.0	9999.0	0.0	TRUE	T	4.5639972E-5	213.0	6.0100516E-4	0.99658287	583.3432	0.03982306	0.9811957	0.0
SPIKE	S113:T>G	0	185741	0.0	9999.0	0.0	TRUE	T	5.110522E-5	280.0	2.890754E-4	0.99617445	2151.6145	0.033910997	0.97206193	0.0
SPIKE	S114:G>A	19	185741	1.0229298E-4	96.294556	39.05263	TRUE	G	1.408485E-4	694.0	6.0132606E-4	0.98949194	1491.7759	0.037719138	0.9731066	0.0
SPIKE	S114:G>C	0	185741	0.0	9999.0	0.0	TRUE	G	3.4930008E-6	19.0	3.5870075E-4	0.99973804	1218.6014	0.034159277	0.9778377	0.0
SPIKE	S114:G>T	0	185741	0.0	9999.0	0.0	TRUE	G	6.393757E-6	33.0	4.3279366E-4	0.9995206	880.51373	0.03600294	0.9772354	0.0
SPIKE	S115:A>T	1	185741	5.3838407E-6	3.7701728	32.0	TRUE	A	4.422565E-5	194.0	6.181004E-4	0.99668854	627.6989	0.042369056	0.97091705	0.0
SPIKE	S115:A>G	43	185741	2.3150515E-4	81.38173	38.7907	TRUE	A	7.5255055E-4	3839.0	4.3299497E-4	0.94512194	3855.8174	0.036426164	0.9694052	0.0
SPIKE	S115:A>C	0	185741	0.0	9999.0	0.0	TRUE	A	2.365647E-5	108.0	5.1032274E-4	0.99822736	744.393	0.04070574	0.9492575	0.0
SPIKE	S116:C>T	9	185741	4.8454567E-5	34.34729	39.444443	TRUE	C	1.09055654E-4	516.0	5.058442E-4	0.9918542	1891.892	0.03927589	0.9764148	0.0
SPIKE	S116:C>A	4	185741	2.1535363E-5	64.08771	38.25	TRUE	C	3.1797676E-6	14.0	6.874035E-4	0.9997615	426.61322	0.04221568	0.9733536	0.0
SPIKE	D116-117:C>	9	185741	4.8454567E-5	9999.0	39.915424	TRUE		NaN	NaN	NaN	NaN	NaN	NaN	NaN	NaN
SPIKE	S116:C>G	0	185741	0.0	9999.0	0.0	TRUE	C	2.3572336E-4	6.0	3.798062E-4	0.9824761	1286.4089	0.03404837	0.9832877	1.0
SPIKE	S117:C>T	15	185741	8.0757614E-5	40.42481	38.8	TRUE	C	2.2867872E-4	1082.0	5.058442E-4	0.98299533	1891.892	0.03927589	0.9764148	0.0
SPIKE	S117:C>G	1	185741	5.3838407E-6	16.041777	39.0	TRUE	C	2.382138E-6	13.0	3.798062E-4	0.99982136	1286.4089	0.03404837	0.9832877	0.0
SPIKE	S117:C>A	9	185741	4.8454567E-5	90.146286	38.22222	TRUE	C	2.2258373E-5	98.0	6.874035E-4	0.998332	426.61322	0.04221568	0.9733536	0.0
SPIKE	S118:T>C	12	185741	6.4606094E-5	3.3858523	39.083332	TRUE	T	5.648368E-4	2796.0	4.5023204E-4	0.958522	3249.9756	0.03753956	0.966303	0.0
SPIKE	S118:T>G	1	185741	5.3838407E-6	7.1613755	40.0	TRUE	T	1.8799421E-5	103.0	2.890754E-4	0.99859107	2151.6145	0.033910997	0.97206193	0.0
SPIKE	S118:T>A	2	185741	1.07676815E-5	2.6566107	39.5	TRUE	T	1.1120725E-4	519.0	6.0100516E-4	0.99169415	583.3432	0.03982306	0.9811957	0.0
SPIKE	D118-119:T>	8	185741	4.3070726E-5	9999.0	39.777683	TRUE		NaN	NaN	NaN	NaN	NaN	NaN	NaN	NaN
SPIKE	S119:A>T	3	185741	1.6151524E-5	9.221017	37.666668	TRUE	A	6.953001E-5	305.0	6.181004E-4	0.99479884	627.6989	0.042369056	0.97091705	0.0
SPIKE	S119:A>G	24	185741	1.2921219E-4	44.882004	38.875	TRUE	A	4.4968768E-4	2294.0	4.3299497E-4	0.9668358	3855.8174	0.036426164	0.9694052	0.0
SPIKE	S119:A>C	0	185741	0.0	9999.0	0.0	TRUE	A	1.0294946E-5	47.0	5.1032274E-4	0.9992282	744.393	0.04070574	0.9492575	0.0
SPIKE	S120:T>C	19	185741	1.0229298E-4	5.8505917	39.57895	TRUE	T	7.8826654E-4	3902.0	4.5023204E-4	0.94259363	3249.9756	0.03753956	0.966303	0.0
SPIKE	S120:T>G	2	185741	1.07676815E-5	11.314485	39.0	TRUE	T	2.9020464E-5	159.0	2.890754E-4	0.99782586	2151.6145	0.033910997	0.97206193	0.0
SPIKE	S120:T>A	1	185741	5.3838407E-6	8.050466	38.0	TRUE	T	1.5213323E-5	71.0	6.0100516E-4	0.99885964	583.3432	0.03982306	0.9811957	0.0
SPIKE	S121:G>A	22	185741	1.184445E-4	84.10098	38.772728	TRUE	G	2.2547938E-4	1111.0	6.0132606E-4	0.98323125	1491.7759	0.037719138	0.9731066	0.0
SPIKE	S121:G>C	0	185741	0.0	9999.0	0.0	TRUE	G	2.7576323E-6	15.0	3.5870075E-4	0.9997932	1218.6014	0.034159277	0.9778377	0.0
SPIKE	S121:G>T	0	185741	0.0	9999.0	0.0	TRUE	G	1.0075011E-5	52.0	4.3279366E-4	0.99924463	880.51373	0.03600294	0.9772354	0.0
SPIKE	S122:T>C	23	185741	1.2382834E-4	4.7591586	38.608696	TRUE	T	0.0010125043	5012.0	4.5023204E-4	0.92687386	3249.9756	0.03753956	0.966303	0.0
SPIKE	S122:T>A	1	185741	5.3838407E-6	2.5537388	32.0	TRUE	T	6.299602E-5	294.0	6.0100516E-4	0.99528646	583.3432	0.03982306	0.9811957	0.0
SPIKE	S122:T>G	0	185741	0.0	9999.0	0.0	TRUE	T	3.7051286E-5	203.0	2.890754E-4	0.997225	2151.6145	0.033910997	0.97206193	0.0
SPIKE	S123:G>A	12	185741	6.4606094E-5	44.616806	38.833332	TRUE	G	1.4003669E-4	690.0	6.0132606E-4	0.9895522	1491.7759	0.037719138	0.9731066	0.0
SPIKE	S123:G>C	0	185741	0.0	9999.0	0.0	TRUE	G	2.9414743E-6	16.0	3.5870075E-4	0.9997794	1218.6014	0.034159277	0.9778377	0.0
SPIKE	S123:G>T	0	185741	0.0	9999.0	0.0	TRUE	G	8.331259E-6	43.0	4.3279366E-4	0.99937534	880.51373	0.03600294	0.9772354	0.0
SPIKE	D124-126:TG>	5	185741	2.6919204E-5	9999.0	39.531525	TRUE		NaN	NaN	NaN	NaN	NaN	NaN	NaN	NaN
SPIKE	S124:T>C	18	185741	9.6909134E-5	0.30428424	38.833332	TRUE	T	0.0012122982	6001.0	4.5023204E-4	0.9130886	3249.9756	0.03753956	0.966303	0.0
SPIKE	S124:T>G	1	185741	5.3838407E-6	3.4077406	40.0	TRUE	T	4.8914997E-5	268.0	2.890754E-4	0.99633807	2151.6145	0.033910997	0.97206193	0.0
SPIKE	S124:T>A	0	185741	0.0	9999.0	0.0	TRUE	T	2.5926933E-5	121.0	6.0100516E-4	0.99805737	583.3432	0.03982306	0.9811957	0.0
SPIKE	S125:G>T	2	185741	1.07676815E-5	33.93357	35.0	TRUE	G	1.937502E-6	10.0	4.3279366E-4	0.9998547	880.51373	0.03600294	0.9772354	0.0
SPIKE	S125:G>A	17	185741	9.15253E-5	62.879055	38.941177	TRUE	G	1.8732445E-4	923.0	6.0132606E-4	0.9860489	1491.7759	0.037719138	0.9731066	0.0
SPIKE	S125:G>C	0	185741	0.0	9999.0	0.0	TRUE	G	8.640581E-6	47.0	3.5870075E-4	0.99935216	1218.6014	0.034159277	0.9778377	0.0
SPIKE	S126:C>T	10	185741	5.383841E-5	19.223545	34.9	TRUE	C	2.1557514E-4	1020.0	5.058442E-4	0.9839619	1891.892	0.03927589	0.9764148	0.0
SPIKE	S126:C>G	1	185741	5.3838407E-6	2.1788392	40.0	TRUE	C	7.109766E-5	388.0	3.798062E-4	0.9946819	1286.4089	0.03404837	0.9832877	0.0
SPIKE	S126:C>A	7	185741	3.768689E-5	89.014656	39.285713	TRUE	C	9.766429E-6	43.0	6.874035E-4	0.99926776	426.61322	0.04221568	0.9733536	0.0
SPIKE	D126-127:C>	1	185741	5.3838407E-6	9999.0	39.855324	TRUE		NaN	NaN	NaN	NaN	NaN	NaN	NaN	NaN
SPIKE	D126-128:CG>	9	185741	4.8454567E-5	9999.0	39.855324	TRUE		NaN	NaN	NaN	NaN	NaN	NaN	NaN	NaN
SPIKE	S127:G>T	2	185741	1.07676815E-5	22.507006	37.0	TRUE	G	7.362508E-6	38.0	4.3279366E-4	0.99944794	880.51373	0.03600294	0.9772354	0.0
SPIKE	S127:G>A	21	185741	1.1306066E-4	65.569214	38.714287	TRUE	G	2.6606972E-4	1311.0	6.0132606E-4	0.98024255	1491.7759	0.037719138	0.9731066	0.0
SPIKE	S127:G>C	0	185741	0.0	9999.0	0.0	TRUE	G	4.3019063E-5	234.0	3.5870075E-4	0.9967788	1218.6014	0.034159277	0.9778377	0.0
SPIKE	S128:G>A	16	185741	8.614145E-5	47.729183	38.625	TRUE	G	2.2040558E-4	1086.0	6.0132606E-4	0.98360544	1491.7759	0.037719138	0.9731066	0.0
SPIKE	S128:G>C	1	185741	5.3838407E-6	6.2330675	38.0	TRUE	G	2.3531795E-5	128.0	3.5870075E-4	0.99823666	1218.6014	0.034159277	0.9778377	0.0
SPIKE	S128:G>T	0	185741	0.0	9999.0	0.0	TRUE	G	8.718759E-6	45.0	4.3279366E-4	0.9993463	880.51373	0.03600294	0.9772354	0.0
SPIKE	S129:C>A	16	185741	8.614145E-5	189.39705	39.125	TRUE	C	2.2939752E-5	101.0	6.874035E-4	0.998281	426.61322	0.04221568	0.9733536	0.0
SPIKE	S129:C>G	1	185741	5.3838407E-6	2.2738626	40.0	TRUE	C	6.8898764E-5	376.0	3.798062E-4	0.9948459	1286.4089	0.03404837	0.9832877	0.0
SPIKE	S129:C>T	15	185741	8.0757614E-5	30.28383	34.0	TRUE	C	2.8658813E-4	1356.0	5.058442E-4	0.97873527	1891.892	0.03927589	0.9764148	0.0
SPIKE	D129-130:C>	1	185741	5.3838407E-6	9999.0	39.82152	TRUE		NaN	NaN	NaN	NaN	NaN	NaN	NaN	NaN
SPIKE	D130-133:GGC>	9	185741	4.8454567E-5	9999.0	39.812912	TRUE		NaN	NaN	NaN	NaN	NaN	NaN	NaN	NaN
SPIKE	S130:G>A	28	185741	1.5074755E-4	41.0679	38.75	TRUE	G	5.985047E-4	2949.0	6.0132606E-4	0.9561047	1491.7759	0.037719138	0.9731066	0.0
SPIKE	S130:G>T	1	185741	5.3838407E-6	7.8674297	39.0	TRUE	G	1.5887517E-5	82.0	4.3279366E-4	0.99880916	880.51373	0.03600294	0.9772354	0.0
SPIKE	S130:G>C	0	185741	0.0	9999.0	0.0	TRUE	G	4.2467535E-5	231.0	3.5870075E-4	0.99682	1218.6014	0.034159277	0.9778377	0.0
SPIKE	S131:G>A	11	185741	5.922225E-5	13.725052	38.727272	TRUE	G	3.0199217E-4	1488.0	6.0132606E-4	0.97760516	1491.7759	0.037719138	0.9731066	0.0
SPIKE	S131:G>C	1	185741	5.3838407E-6	0.61637825	40.0	TRUE	G	1.3990387E-4	761.0	3.5870075E-4	0.9895621	1218.6014	0.034159277	0.9778377	0.0
SPIKE	S131:G>T	0	185741	0.0	9999.0	0.0	TRUE	G	7.362508E-6	38.0	4.3279366E-4	0.99944794	880.51373	0.03600294	0.9772354	0.0
SPIKE	S132:C>A	13	185741	6.998993E-5	129.6888	38.846153	TRUE	C	2.9980667E-5	132.0	6.874035E-4	0.997754	426.61322	0.04221568	0.9733536	0.0
SPIKE	S132:C>T	16	185741	8.614145E-5	36.77773	37.6875	TRUE	C	2.7454126E-4	1299.0	5.058442E-4	0.9796199	1891.892	0.03927589	0.9764148	0.0
SPIKE	S132:C>G	0	185741	0.0	9999.0	0.0	TRUE	C	4.507738E-5	246.0	3.798062E-4	0.9966249	1286.4089	0.03404837	0.9832877	0.0
SPIKE	S133:A>G	0	185741	0.0	9999.0	0.0	TRUE	A	3.171729E-4	1618.0	4.3299497E-4	0.97649276	3855.8174	0.036426164	0.9694052	0.0
SPIKE	S133:A>C	0	185741	0.0	9999.0	0.0	TRUE	A	3.375428E-4	1541.0	5.1032274E-4	0.97500205	744.393	0.04070574	0.9492575	0.0
SPIKE	S133:A>T	0	185741	0.0	9999.0	0.0	TRUE	A	8.890724E-6	39.0	6.181004E-4	0.99933344	627.6989	0.042369056	0.97091705	0.0
SPIKE	S134:G>A	0	185741	0.0	9999.0	0.0	TRUE	G	5.765859E-4	2841.0	6.0132606E-4	0.9576777	1491.7759	0.037719138	0.9731066	0.0
SPIKE	S134:G>C	0	185741	0.0	9999.0	0.0	TRUE	G	9.853939E-5	536.0	3.5870075E-4	0.9926368	1218.6014	0.034159277	0.9778377	0.0
SPIKE	S134:G>T	0	185741	0.0	9999.0	0.0	TRUE	G	2.30369E-4	1189.0	4.3279366E-4	0.98287076	880.51373	0.03600294	0.9772354	0.0
SPIKE	S135:C>A	0	185740	0.0	9999.0	0.0	TRUE	C	5.3829215E-5	237.0	6.874035E-4	0.99597096	426.61093	0.04221568	0.9733536	0.0
SPIKE	S135:C>G	0	185740	0.0	9999.0	0.0	TRUE	C	2.3143511E-4	1263.0	3.798062E-4	0.98279214	1286.402	0.03404837	0.9832877	0.0
SPIKE	S135:C>T	0	185740	0.0	9999.0	0.0	TRUE	C	3.4640153E-4	1639.0	5.058442E-4	0.97435445	1891.8818	0.03927589	0.9764148	0.0
SPIKE	S136:C>A	0	185740	0.0	9999.0	0.0	TRUE	C	2.8686202E-4	1263.0	6.874035E-4	0.9787151	426.61093	0.04221568	0.9733536	0.0
SPIKE	S136:C>G	0	185740	0.0	9999.0	0.0	TRUE	C	4.6543562E-5	254.0	3.798062E-4	0.99651533	1286.402	0.03404837	0.9832877	0.0
SPIKE	S136:C>T	0	185740	0.0	9999.0	0.0	TRUE	C	9.0964744E-4	4304.0	5.058442E-4	0.93405163	1891.8818	0.03927589	0.9764148	0.0
SPIKE	S137:T>A	0	185740	0.0	9999.0	0.0	TRUE	T	7.885258E-5	368.0	6.0100516E-4	0.9941035	583.34	0.03982306	0.9811957	0.0
SPIKE	S137:T>G	0	185740	0.0	9999.0	0.0	TRUE	T	5.2145857E-4	2857.0	2.890754E-4	0.9616455	2151.6028	0.033910997	0.97206193	0.0
SPIKE	S137:T>C	0	185740	0.0	9999.0	0.0	TRUE	T	2.2524908E-4	1115.0	4.5023204E-4	0.98324823	3249.9583	0.03753956	0.966303	0.0
SPIKE	S138:G>A	0	185740	0.0	9999.0	0.0	TRUE	G	0.0010888419	5365.0	6.0132606E-4	0.92158234	1491.768	0.037719138	0.9731066	0.0
SPIKE	S138:G>C	0	185740	0.0	9999.0	0.0	TRUE	G	9.376E-6	51.0	3.5870075E-4	0.999297	1218.5948	0.034159277	0.9778377	0.0
SPIKE	S138:G>T	0	185740	0.0	9999.0	0.0	TRUE	G	4.1966522E-4	2166.0	4.3279366E-4	0.9690153	880.509	0.03600294	0.9772354	0.0
SPIKE	S139:A>G	0	185740	0.0	9999.0	0.0	TRUE	A	2.3778295E-4	1213.0	4.3299497E-4	0.98232436	3855.7966	0.036426164	0.9694052	0.0
SPIKE	S139:A>C	0	185740	0.0	9999.0	0.0	TRUE	A	8.980745E-6	41.0	5.1032274E-4	0.99932665	744.389	0.04070574	0.9492575	0.0
SPIKE	S139:A>T	0	185740	0.0	9999.0	0.0	TRUE	A	0.0013288283	5829.0	6.181004E-4	0.9051432	627.69556	0.042369056	0.97091705	0.0
SPIKE	S140:T>A	0	185740	0.0	9999.0	0.0	TRUE	T	2.1748742E-4	1015.0	6.0100516E-4	0.98382074	583.34	0.03982306	0.9811957	0.0
SPIKE	S140:T>G	0	185740	0.0	9999.0	0.0	TRUE	T	2.8746843E-4	1575.0	2.890754E-4	0.97867066	2151.6028	0.033910997	0.97206193	0.0
SPIKE	S140:T>C	0	185740	0.0	9999.0	0.0	TRUE	T	1.3050306E-4	646.0	4.5023204E-4	0.99026	3249.9583	0.03753956	0.966303	0.0
SPIKE	S141:T>A	0	185740	0.0	9999.0	0.0	TRUE	T	0.0017836111	8324.0	6.0100516E-4	0.8747905	583.34	0.03982306	0.9811957	0.0
SPIKE	S141:T>G	0	185740	0.0	9999.0	0.0	TRUE	T	1.6043475E-4	879.0	2.890754E-4	0.9880395	2151.6028	0.033910997	0.97206193	0.0
SPIKE	S141:T>C	0	185740	0.0	9999.0	0.0	TRUE	T	5.6625396E-4	2803.0	4.5023204E-4	0.95842016	3249.9583	0.03753956	0.966303	0.0
SPIKE	S142:A>G	0	185740	0.0	9999.0	0.0	TRUE	A	0.0024395785	12445.0	4.3299497E-4	0.8327945	3855.7966	0.036426164	0.9694052	0.0
SPIKE	S142:A>C	0	185740	0.0	9999.0	0.0	TRUE	A	6.080622E-4	2776.0	5.1032274E-4	0.9554196	744.389	0.04070574	0.9492575	0.0
SPIKE	S142:A>T	0	185740	0.0	9999.0	0.0	TRUE	A	2.213574E-4	971.0	6.181004E-4	0.98353523	627.69556	0.042369056	0.97091705	0.0
SPIKE	S143:G>A	0	185740	0.0	9999.0	0.0	TRUE	G	3.8358083E-4	1890.0	6.0132606E-4	0.9716413	1491.768	0.037719138	0.9731066	0.0
SPIKE	S143:G>C	0	185740	0.0	9999.0	0.0	TRUE	G	0.003108236	16907.0	3.5870075E-4	0.7920604	1218.5948	0.034159277	0.9778377	0.0
SPIKE	S143:G>T	0	185740	0.0	9999.0	0.0	TRUE	G	2.5381414E-5	131.0	4.3279366E-4	0.9980982	880.509	0.03600294	0.9772354	0.0
SPIKE	S144:C>A	0	185740	0.0	9999.0	0.0	TRUE	C	9.7664815E-6	43.0	6.874035E-4	0.99926776	426.61093	0.04221568	0.9733536	0.0
SPIKE	S144:C>G	0	185740	0.0	9999.0	0.0	TRUE	C	5.938885E-4	3241.0	3.798062E-4	0.9564358	1286.402	0.03404837	0.9832877	0.0
SPIKE	S144:C>T	0	185740	0.0	9999.0	0.0	TRUE	C	2.0522019E-4	971.0	5.058442E-4	0.9847263	1891.8818	0.03927589	0.9764148	0.0
SPIKE	S145:C>A	0	185740	0.0	9999.0	0.0	TRUE	C	1.8624454E-5	82.0	6.874035E-4	0.9986041	426.61093	0.04221568	0.9733536	0.0
SPIKE	S145:C>G	0	185740	0.0	9999.0	0.0	TRUE	C	2.76696E-4	1510.0	3.798062E-4	0.97946167	1286.402	0.03404837	0.9832877	0.0
SPIKE	S145:C>T	0	185740	0.0	9999.0	0.0	TRUE	C	6.321458E-4	2991.0	5.058442E-4	0.9536954	1891.8818	0.03927589	0.9764148	0.0
SPIKE	S146:C>A	0	185739	0.0	9999.0	0.0	TRUE	C	8.176634E-6	36.0	6.874035E-4	0.99938697	426.6086	0.04221568	0.9733536	0.0
SPIKE	S146:C>G	0	185739	0.0	9999.0	0.0	TRUE	C	0.003537513	19305.0	3.798062E-4	0.7669655	1286.395	0.03404837	0.9832877	0.0
SPIKE	S146:C>T	0	185739	0.0	9999.0	0.0	TRUE	C	5.706462E-4	2700.0	5.058442E-4	0.95810443	1891.8716	0.03927589	0.9764148	0.0
SPIKE	S147:G>A	0	185739	0.0	9999.0	0.0	TRUE	G	3.6125796E-4	1780.0	6.0132606E-4	0.9732694	1491.7599	0.037719138	0.9731066	0.0
SPIKE	S147:G>C	0	185739	0.0	9999.0	0.0	TRUE	G	8.440284E-4	4591.0	3.5870075E-4	0.93865985	1218.5883	0.034159277	0.9778377	0.0
SPIKE	S147:G>T	0	185739	0.0	9999.0	0.0	TRUE	G	0.0033716776	17402.0	4.3279366E-4	0.7765643	880.5043	0.03600294	0.9772354	0.0
SPIKE	S148:T>A	0	185739	0.0	9999.0	0.0	TRUE	T	9.2138025E-6	43.0	6.0100516E-4	0.9993092	583.3369	0.03982306	0.9811957	0.0
SPIKE	S148:T>G	0	185739	0.0	9999.0	0.0	TRUE	T	0.004482341	24558.0	2.890754E-4	0.7144976	2151.5913	0.033910997	0.97206193	0.0
SPIKE	S148:T>C	0	185739	0.0	9999.0	0.0	TRUE	T	6.5292284E-4	3232.0	4.5023204E-4	0.9522104	3249.9407	0.03753956	0.966303	0.0
SPIKE	S149:G>A	0	185739	0.0	9999.0	0.0	TRUE	G	2.1736365E-4	1071.0	6.0132606E-4	0.9838299	1491.7599	0.037719138	0.9731066	0.0
SPIKE	S149:G>C	0	185739	0.0	9999.0	0.0	TRUE	G	0.003326108	18092.0	3.5870075E-4	0.7792229	1218.5883	0.034159277	0.9778377	0.0
SPIKE	S149:G>T	0	185739	0.0	9999.0	0.0	TRUE	G	0.0010102245	5214.0	4.3279366E-4	0.92703235	880.5043	0.03600294	0.9772354	0.0
SPIKE	S150:C>A	0	185735	0.0	9999.0	0.0	TRUE	C	9.766744E-6	43.0	6.874035E-4	0.99926776	426.59943	0.04221568	0.9733536	0.0
SPIKE	S150:C>G	0	185735	0.0	9999.0	0.0	TRUE	C	0.0017238074	9407.0	3.798062E-4	0.878723	1286.3673	0.03404837	0.9832877	0.0
SPIKE	S150:C>T	0	185735	0.0	9999.0	0.0	TRUE	C	0.0046834154	22159.0	5.058442E-4	0.7038034	1891.8309	0.03927589	0.9764148	0.0
SPIKE	S151:T>A	0	185711	0.0	9999.0	0.0	TRUE	T	1.993053E-5	93.0	6.0100516E-4	0.9985063	583.24896	0.03982306	0.9811957	0.0
SPIKE	S151:T>G	0	185711	0.0	9999.0	0.0	TRUE	T	0.0050573135	27704.0	2.890754E-4	0.6843413	2151.2668	0.033910997	0.97206193	0.0
SPIKE	S151:T>C	0	185711	0.0	9999.0	0.0	TRUE	T	0.0011383421	5634.0	4.5023204E-4	0.9181673	3249.4507	0.03753956	0.966303	0.0
SPIKE	S152:G>A	0	185655	0.0	9999.0	0.0	TRUE	G	4.9116765E-4	2419.0	6.0132606E-4	0.9638327	1491.0852	0.037719138	0.9731066	0.0
SPIKE	S152:G>C	0	185655	0.0	9999.0	0.0	TRUE	G	1.5449894E-5	84.0	3.5870075E-4	0.99884194	1218.0372	0.034159277	0.9778377	0.0
SPIKE	S152:G>T	0	185655	0.0	9999.0	0.0	TRUE	G	7.360103E-4	3797.0	4.3279366E-4	0.94629514	880.1061	0.03600294	0.9772354	0.0
SPIKE	S153:G>A	0	185237	0.0	9999.0	0.0	TRUE	G	3.0749443E-4	1511.0	6.0132606E-4	0.9772018	1487.728	0.037719138	0.9731066	0.0
SPIKE	S153:G>C	0	185237	0.0	9999.0	0.0	TRUE	G	1.4378704E-4	780.0	3.5870075E-4	0.9892739	1215.2948	0.034159277	0.9778377	0.0
SPIKE	S153:G>T	0	185237	0.0	9999.0	0.0	TRUE	G	2.1759066E-5	112.0	4.3279366E-4	0.9983694	878.1245	0.03600294	0.9772354	0.0
