#pipeline_block
reference	mutation	count	coverage	freq	score	cqs	has.reference	ancestral.allele	error.rate	minor.count.local	minor.fdr	minor.recall	minor.count.global	read.fraction.in.minors	q.filtered.read.fraction	global.est
SPIKE	S0:T>A	0	399113	0.0	9999.0	0.0	TRUE	T	5.324279E-5	220.0	5.422881E-4	0.9978194	323.09454	0.096642815	0.97952276	0.0
SPIKE	S0:T>G	0	399113	0.0	9999.0	0.0	TRUE	T	2.4866018E-5	152.0	2.925027E-4	0.998981	1421.6421	0.06531089	0.9777334	0.0
SPIKE	S0:T>C	0	399113	0.0	9999.0	0.0	TRUE	T	4.8637026E-4	2742.0	4.0704678E-4	0.9802563	2561.3572	0.07082266	0.97222227	0.0
SPIKE	S1:A>G	0	399391	0.0	9999.0	0.0	TRUE	A	3.934072E-4	2361.0	3.96511E-4	0.98399967	2697.0486	0.06657586	0.9766856	0.0
SPIKE	S1:A>C	0	399391	0.0	9999.0	0.0	TRUE	A	9.5600524E-5	409.0	4.934922E-4	0.996088	399.987	0.09340059	0.9678501	0.0
SPIKE	S1:A>T	0	399391	0.0	9999.0	0.0	TRUE	A	1.3264306E-4	503.0	5.52992E-4	0.9945764	332.1556	0.10537924	0.97258335	0.0
SPIKE	S2:G>A	0	399726	0.0	9999.0	0.0	TRUE	G	2.1031658E-4	1139.0	5.4676016E-4	0.99141407	1019.2423	0.073849864	0.97364515	0.0
SPIKE	S2:G>C	0	399726	0.0	9999.0	0.0	TRUE	G	1.6911583E-5	98.0	3.579363E-4	0.99930686	725.82153	0.06900429	0.98074234	0.0
SPIKE	S2:G>T	0	399726	0.0	9999.0	0.0	TRUE	G	1.1313122E-5	57.0	4.1686787E-4	0.9995363	541.3359	0.07936903	0.977341	0.0
SPIKE	S3:C>A	0	400069	0.0	9999.0	0.0	TRUE	C	1.126357E-5	40.0	6.006602E-4	0.9995383	205.11151	0.11272283	0.97159475	0.0
SPIKE	S3:C>G	0	400069	0.0	9999.0	0.0	TRUE	C	8.234117E-5	474.0	3.871519E-4	0.9966297	790.9665	0.06952512	0.98115325	0.0
SPIKE	S3:C>T	0	400069	0.0	9999.0	0.0	TRUE	C	2.810824E-4	1428.0	4.6499752E-4	0.9885418	1298.3615	0.078784786	0.9768161	0.0
SPIKE	S4:G>A	131	400468	3.2711728E-4	1073.2035	39.572517	TRUE	G	1.7785729E-4	965.0	5.4676016E-4	0.9927344	1021.1343	0.073849864	0.97364515	0.0
SPIKE	S4:G>C	9	400468	2.2473705E-5	26.827385	39.77778	TRUE	G	6.493729E-5	377.0	3.579363E-4	0.9973411	727.1688	0.06900429	0.98074234	0.0
SPIKE	S4:G>T	3	400468	7.4912355E-6	13.238909	40.0	TRUE	G	2.1791888E-5	110.0	4.1686787E-4	0.99910694	542.34076	0.07936903	0.977341	0.0
SPIKE	S5:T>A	19	400685	4.7418795E-5	279.38867	34.63158	TRUE	T	6.267643E-6	26.0	5.422881E-4	0.99974304	324.36713	0.096642815	0.97952276	0.0
SPIKE	S5:T>G	1	400685	2.495726E-6	0.2706959	34.0	TRUE	T	8.6200766E-5	529.0	2.925027E-4	0.996472	1427.2416	0.06531089	0.9777334	0.0
SPIKE	S5:T>C	62	400685	1.5473501E-4	64.993706	39.596775	TRUE	T	6.798724E-4	3848.0	4.0704678E-4	0.97251016	2571.4458	0.07082266	0.97222227	0.0
SPIKE	I6:>G	2	400856	4.989323E-6	9999.0	39.90157	TRUE		NaN	NaN	NaN	NaN	NaN	NaN	NaN	NaN
SPIKE	S6:G>A	140	400856	3.492526E-4	1317.8882	37.942856	TRUE	G	1.408592E-4	765.0	5.4676016E-4	0.9942414	1022.12366	0.073849864	0.97364515	0.0
SPIKE	S6:G>C	7	400856	1.746263E-5	5.633386	38.57143	TRUE	G	1.2525298E-4	7.0	3.579363E-4	0.9948778	727.87335	0.06900429	0.98074234	1.0
SPIKE	S6:G>T	2	400856	4.989323E-6	1.3424538	40.0	TRUE	G	7.2239454E-5	365.0	4.1686787E-4	0.99704254	542.8662	0.07936903	0.977341	0.0
SPIKE	S7:A>G	20	400997	4.9875685E-5	0.43346256	39.75	TRUE	A	5.9114955E-4	3562.0	3.96511E-4	0.97605425	2707.8938	0.06657586	0.9766856	0.0
SPIKE	S7:A>C	36	400997	8.977623E-5	421.81952	39.72222	TRUE	A	2.2349373E-5	96.0	4.934922E-4	0.9990841	401.5954	0.09340059	0.9678501	0.0
SPIKE	S7:A>T	7	400997	1.745649E-5	21.6699	40.0	TRUE	A	5.2266907E-5	199.0	5.52992E-4	0.99785936	333.49124	0.10537924	0.97258335	0.0
SPIKE	D7-8:A>	358	400997	8.927748E-4	9999.0	39.684414	TRUE		NaN	NaN	NaN	NaN	NaN	NaN	NaN	NaN
SPIKE	I7:>A	4	400997	9.975137E-6	9999.0	39.684414	TRUE		NaN	NaN	NaN	NaN	NaN	NaN	NaN	NaN
SPIKE	S8:A>G	27	401026	6.73273E-5	1.541079	38.77778	TRUE	A	6.654515E-4	4010.0	3.96511E-4	0.97308534	2708.0896	0.06657586	0.9766856	0.0
SPIKE	S8:A>C	35	401026	8.727614E-5	394.48984	39.885715	TRUE	A	2.421007E-5	104.0	4.934922E-4	0.9990079	401.62445	0.09340059	0.9678501	0.0
SPIKE	S8:A>T	3	401026	7.4808117E-6	14.035046	40.0	TRUE	A	2.0222415E-5	77.0	5.52992E-4	0.9991712	333.51538	0.10537924	0.97258335	0.0
SPIKE	I9:>G	4	401046	9.973918E-6	9999.0	39.91004	TRUE		NaN	NaN	NaN	NaN	NaN	NaN	NaN	NaN
SPIKE	S9:G>A	146	401046	3.6404803E-4	1343.2516	39.50685	TRUE	G	1.5441161E-4	839.0	5.4676016E-4	0.9936891	1022.6081	0.073849864	0.97364515	0.0
SPIKE	S9:G>C	2	401046	4.986959E-6	0.22925925	39.0	TRUE	G	1.2525298E-4	3.0	3.579363E-4	0.9948778	728.2184	0.06900429	0.98074234	1.0
SPIKE	S9:G>T	3	401046	7.480439E-6	19.730719	38.0	TRUE	G	1.2264998E-5	62.0	4.1686787E-4	0.99949723	543.1235	0.07936903	0.977341	0.0
SPIKE	D9-10:G>	114	401046	2.8425668E-4	9999.0	39.91004	TRUE		NaN	NaN	NaN	NaN	NaN	NaN	NaN	NaN
SPIKE	D9-11:GA>	36	401046	8.9765264E-5	9999.0	39.91004	TRUE		NaN	NaN	NaN	NaN	NaN	NaN	NaN	NaN
SPIKE	S10:A>G	22	401046	5.485655E-5	0.13789506	39.909092	TRUE	A	7.1304303E-4	4297.0	3.96511E-4	0.9711884	2708.2246	0.06657586	0.9766856	0.0
SPIKE	S10:A>C	39	401046	9.7245706E-5	389.60803	39.53846	TRUE	A	3.6313293E-5	156.0	4.934922E-4	0.99851227	401.64447	0.09340059	0.9678501	0.0
SPIKE	S10:A>T	3	401046	7.480439E-6	13.755377	37.333332	TRUE	A	2.0746638E-5	79.0	5.52992E-4	0.99914974	333.532	0.10537924	0.97258335	0.0
SPIKE	D10-11:A>	136	401046	3.391132E-4	9999.0	39.744225	TRUE		NaN	NaN	NaN	NaN	NaN	NaN	NaN	NaN
SPIKE	I10:>A	1	401046	2.4934795E-6	9999.0	39.744225	TRUE		NaN	NaN	NaN	NaN	NaN	NaN	NaN	NaN
SPIKE	D10-12:AC>	14	401046	3.4908713E-5	9999.0	39.744225	TRUE		NaN	NaN	NaN	NaN	NaN	NaN	NaN	NaN
SPIKE	I11:>C	1	401049	2.493461E-6	9999.0	39.814087	TRUE		NaN	NaN	NaN	NaN	NaN	NaN	NaN	NaN
SPIKE	S11:C>G	20	401049	4.9869217E-5	197.1795	39.65	TRUE	C	2.0621635E-5	119.0	3.871519E-4	0.99915487	792.904	0.06952512	0.98115325	0.0
SPIKE	S11:C>T	90	401049	2.2441149E-4	579.8829	39.511112	TRUE	C	1.9125019E-4	974.0	4.6499752E-4	0.9921894	1301.5419	0.078784786	0.9768161	0.0
SPIKE	D11-13:CG>	7	401049	1.7454226E-5	9999.0	39.814087	TRUE		NaN	NaN	NaN	NaN	NaN	NaN	NaN	NaN
SPIKE	D11-12:C>	137	401049	3.4160414E-4	9999.0	39.814087	TRUE		NaN	NaN	NaN	NaN	NaN	NaN	NaN	NaN
SPIKE	S11:C>A	0	401049	0.0	9999.0	0.0	TRUE	C	9.438278E-5	336.0	6.006602E-4	0.9961378	205.61395	0.11272283	0.97159475	0.0
SPIKE	I12:>G	2	401051	4.986897E-6	9999.0	39.857285	TRUE		NaN	NaN	NaN	NaN	NaN	NaN	NaN	NaN
SPIKE	S12:G>A	160	401051	3.9895176E-4	1448.2518	39.5125	TRUE	G	1.7502219E-4	951.0	5.4676016E-4	0.99284977	1022.62085	0.073849864	0.97364515	0.0
SPIKE	S12:G>C	10	401051	2.4934485E-5	37.833164	39.9	TRUE	G	5.5211054E-5	321.0	3.579363E-4	0.9977389	728.2275	0.06900429	0.98074234	0.0
SPIKE	D12-13:G>	180	401051	4.4882073E-4	9999.0	39.857285	TRUE		NaN	NaN	NaN	NaN	NaN	NaN	NaN	NaN
SPIKE	D12-14:GA>	18	401051	4.4882072E-5	9999.0	39.857285	TRUE		NaN	NaN	NaN	NaN	NaN	NaN	NaN	NaN
SPIKE	S12:G>T	0	401051	0.0	9999.0	0.0	TRUE	G	9.693184E-6	49.0	4.1686787E-4	0.9996027	543.13025	0.07936903	0.977341	0.0
SPIKE	S13:A>G	29	401054	7.230946E-5	20.124928	39.655174	TRUE	A	4.047189E-4	2439.0	3.96511E-4	0.98354346	2708.2788	0.06657586	0.9766856	0.0
SPIKE	S13:A>C	30	401054	7.48029E-5	279.06802	39.866665	TRUE	A	3.375207E-5	145.0	4.934922E-4	0.9986171	401.6525	0.09340059	0.9678501	0.0
SPIKE	D13-14:A>	117	401054	2.917313E-4	9999.0	39.75687	TRUE		NaN	NaN	NaN	NaN	NaN	NaN	NaN	NaN
SPIKE	I13:>A	1	401054	2.4934297E-6	9999.0	39.75687	TRUE		NaN	NaN	NaN	NaN	NaN	NaN	NaN	NaN
SPIKE	S13:A>T	0	401054	0.0	9999.0	0.0	TRUE	A	1.0189285E-4	388.0	5.52992E-4	0.99583113	333.53867	0.10537924	0.97258335	0.0
SPIKE	I14:>C	4	401056	9.97367E-6	9999.0	39.874268	TRUE		NaN	NaN	NaN	NaN	NaN	NaN	NaN	NaN
SPIKE	D14-16:CA>	14	401056	3.4907844E-5	9999.0	39.874268	TRUE		NaN	NaN	NaN	NaN	NaN	NaN	NaN	NaN
SPIKE	S14:C>G	9	401056	2.2440756E-5	135.73534	39.77778	TRUE	C	3.1191846E-6	18.0	3.871519E-4	0.99987215	792.91785	0.06952512	0.98115325	0.0
SPIKE	S14:C>T	84	401056	2.0944705E-4	636.31805	39.595238	TRUE	C	1.3469748E-4	686.0	4.6499752E-4	0.99449265	1301.5646	0.078784786	0.9768161	0.0
SPIKE	D14-15:C>	123	401056	3.0669034E-4	9999.0	39.874268	TRUE		NaN	NaN	NaN	NaN	NaN	NaN	NaN	NaN
SPIKE	S14:C>A	0	401056	0.0	9999.0	0.0	TRUE	C	1.0702147E-4	381.0	6.006602E-4	0.99562174	205.61754	0.11272283	0.97159475	0.0
SPIKE	S15:A>G	26	401057	6.482869E-5	0.27864492	39.23077	TRUE	A	7.7276013E-4	4657.0	3.96511E-4	0.9688135	2708.299	0.06657586	0.9766856	0.0
SPIKE	S15:A>C	40	401057	9.973645E-5	220.81912	39.8	TRUE	A	1.1335954E-4	487.0	4.934922E-4	0.99536306	401.6555	0.09340059	0.9678501	0.0
SPIKE	D15-16:A>	134	401057	3.341171E-4	9999.0	39.665	TRUE		NaN	NaN	NaN	NaN	NaN	NaN	NaN	NaN
SPIKE	I15:>A	1	401057	2.493411E-6	9999.0	39.665	TRUE		NaN	NaN	NaN	NaN	NaN	NaN	NaN	NaN
SPIKE	S15:A>T	0	401057	0.0	9999.0	0.0	TRUE	A	7.484342E-5	285.0	5.52992E-4	0.99693614	333.54114	0.10537924	0.97258335	0.0
SPIKE	S16:G>A	120	401057	2.9920935E-4	1033.357	39.716667	TRUE	G	1.4722992E-4	800.0	5.4676016E-4	0.9939818	1022.63617	0.073849864	0.97364515	0.0
SPIKE	S16:G>C	4	401057	9.973644E-6	1.3064256	40.0	TRUE	G	1.2525298E-4	1.0	3.579363E-4	0.9948778	728.23834	0.06900429	0.98074234	1.0
SPIKE	D16-17:G>	97	401057	2.4186088E-4	9999.0	39.917362	TRUE		NaN	NaN	NaN	NaN	NaN	NaN	NaN	NaN
SPIKE	D16-18:GA>	18	401057	4.4881403E-5	9999.0	39.917362	TRUE		NaN	NaN	NaN	NaN	NaN	NaN	NaN	NaN
SPIKE	S16:G>T	0	401057	0.0	9999.0	0.0	TRUE	G	4.3519767E-6	22.0	4.1686787E-4	0.9998216	543.13837	0.07936903	0.977341	0.0
SPIKE	S17:A>G	12	401057	2.9920933E-5	9.296905E-4	39.666668	TRUE	A	6.429988E-4	3875.0	3.96511E-4	0.9739815	2708.299	0.06657586	0.9766856	0.0
SPIKE	S17:A>T	1	401057	2.493411E-6	0.06059072	40.0	TRUE	A	1.2447641E-4	474.0	5.52992E-4	0.99490947	333.54114	0.10537924	0.97258335	0.0
SPIKE	S17:A>C	42	401057	1.04723265E-4	547.686	39.54762	TRUE	A	1.8854462E-5	81.0	4.934922E-4	0.9992273	401.6555	0.09340059	0.9678501	0.0
SPIKE	D17-18:A>	316	401057	7.8791793E-4	9999.0	39.745617	TRUE		NaN	NaN	NaN	NaN	NaN	NaN	NaN	NaN
SPIKE	I17:>A	2	401057	4.986822E-6	9999.0	39.745617	TRUE		NaN	NaN	NaN	NaN	NaN	NaN	NaN	NaN
SPIKE	D17-19:AA>	1	401057	2.493411E-6	9999.0	39.745617	TRUE		NaN	NaN	NaN	NaN	NaN	NaN	NaN	NaN
SPIKE	S18:A>G	16	401057	3.9894578E-5	0.041099574	38.625	TRUE	A	6.116371E-4	3686.0	3.96511E-4	0.9752347	2708.299	0.06657586	0.9766856	0.0
SPIKE	S18:A>C	82	401057	2.0445972E-4	1206.531	39.609756	TRUE	A	2.3975428E-5	103.0	4.934922E-4	0.9990175	401.6555	0.09340059	0.9678501	0.0
SPIKE	D18-19:A>	1	401057	2.493411E-6	9999.0	39.741116	TRUE		NaN	NaN	NaN	NaN	NaN	NaN	NaN	NaN
SPIKE	S18:A>T	0	401057	0.0	9999.0	0.0	TRUE	A	1.0504339E-5	40.0	5.52992E-4	0.9995694	333.54114	0.10537924	0.97258335	0.0
SPIKE	S19:C>G	12	401057	2.9920933E-5	213.54495	39.583332	TRUE	C	2.0794512E-6	12.0	3.871519E-4	0.99991477	792.9198	0.06952512	0.98115325	0.0
SPIKE	S19:C>A	4	401057	9.973644E-6	3.6677704	39.25	TRUE	C	8.4268664E-5	300.0	6.006602E-4	0.9965509	205.61806	0.11272283	0.97159475	0.0
SPIKE	S19:C>T	63	401057	1.570849E-4	404.72263	39.634922	TRUE	C	1.3685701E-4	697.0	4.6499752E-4	0.99440455	1301.5679	0.078784786	0.9768161	0.0
SPIKE	D19-20:C>	6	401057	1.4960467E-5	9999.0	39.896896	TRUE		NaN	NaN	NaN	NaN	NaN	NaN	NaN	NaN
SPIKE	S20:C>G	76	401057	1.8949925E-4	540.5244	39.67105	TRUE	C	1.3740317E-4	9.0	3.871519E-4	0.9943823	792.9198	0.06952512	0.98115325	1.0
SPIKE	S20:C>T	86	401057	2.1443336E-4	541.5183	39.569767	TRUE	C	1.9006827E-4	968.0	4.6499752E-4	0.9922375	1301.5679	0.078784786	0.9768161	0.0
SPIKE	S20:C>A	0	401057	0.0	9999.0	0.0	TRUE	C	2.584239E-5	92.0	6.006602E-4	0.998941	205.61806	0.11272283	0.97159475	0.0
SPIKE	S21:A>G	54	401057	1.346442E-4	96.852844	39.333332	TRUE	A	4.4570188E-4	2686.0	3.96511E-4	0.98189217	2708.299	0.06657586	0.9766856	0.0
SPIKE	S21:A>T	3	401057	7.4802333E-6	2.8715014	39.333332	TRUE	A	7.169211E-5	273.0	5.52992E-4	0.99706495	333.54114	0.10537924	0.97258335	0.0
SPIKE	S21:A>C	43	401057	1.0721668E-4	255.16986	39.627907	TRUE	A	1.08704124E-4	467.0	4.934922E-4	0.9955531	401.6555	0.09340059	0.9678501	0.0
SPIKE	S22:A>G	401026	401057	0.9999227	Infinity	39.972836	TRUE	G	4.4940205E-4	0.0	3.96511E-4	0.9817432	2708.299	0.06657586	0.9766856	1.0
SPIKE	S22:A>C	0	401057	0.0	9999.0	0.0	TRUE	G	1.0474701E-5	45.0	4.934922E-4	0.9995706	401.6555	0.09340059	0.9678501	0.0
SPIKE	S22:A>T	0	401057	0.0	9999.0	0.0	TRUE	G	8.7590735E-5	0.0	5.52992E-4	0.9964152	333.54114	0.10537924	0.97258335	1.0
SPIKE	S23:A>C	401026	401057	0.9999227	Infinity	39.972763	TRUE	C	9.349381E-5	0.0	4.934922E-4	0.9961741	401.6555	0.09340059	0.9678501	1.0
SPIKE	S23:A>G	0	401057	0.0	9999.0	0.0	TRUE	C	4.5632172E-5	275.0	3.96511E-4	0.99813086	2708.299	0.06657586	0.9766856	0.0
SPIKE	S23:A>T	0	401057	0.0	9999.0	0.0	TRUE	C	8.7590735E-5	0.0	5.52992E-4	0.9964152	333.54114	0.10537924	0.97258335	1.0
SPIKE	S24:A>G	0	401057	0.0	9999.0	0.0	TRUE	A	4.4940205E-4	0.0	3.96511E-4	0.9817432	2708.299	0.06657586	0.9766856	1.0
SPIKE	S24:A>C	0	401057	0.0	9999.0	0.0	TRUE	A	6.331375E-5	272.0	4.934922E-4	0.9974075	401.6555	0.09340059	0.9678501	0.0
SPIKE	S24:A>T	0	401057	0.0	9999.0	0.0	TRUE	A	8.7590735E-5	0.0	5.52992E-4	0.9964152	333.54114	0.10537924	0.97258335	1.0
SPIKE	S25:A>G	0	401057	0.0	9999.0	0.0	TRUE	A	4.4940205E-4	0.0	3.96511E-4	0.9817432	2708.299	0.06657586	0.9766856	1.0
SPIKE	S25:A>C	0	401057	0.0	9999.0	0.0	TRUE	A	9.349381E-5	0.0	4.934922E-4	0.9961741	401.6555	0.09340059	0.9678501	1.0
SPIKE	S25:A>T	0	401057	0.0	9999.0	0.0	TRUE	A	1.2867815E-5	49.0	5.52992E-4	0.99947256	333.54114	0.10537924	0.97258335	0.0
SPIKE	S26:T>G	1	401057	2.493411E-6	3.7647367	40.0	TRUE	T	2.0512707E-5	126.0	2.925027E-4	0.99915934	1428.5667	0.06531089	0.9777334	0.0
SPIKE	S26:T>A	1	401057	2.493411E-6	0.30431908	40.0	TRUE	T	8.308966E-5	345.0	5.422881E-4	0.99659914	324.66827	0.096642815	0.97952276	0.0
SPIKE	S26:T>C	9	401057	2.2440701E-5	0.037424926	39.0	TRUE	T	4.0952206E-4	2320.0	4.0704678E-4	0.98334974	2573.833	0.07082266	0.97222227	0.0
SPIKE	S27:G>A	41	401058	1.02229606E-4	217.06337	39.439026	TRUE	G	1.2312071E-4	669.0	5.4676016E-4	0.9949648	1022.63873	0.073849864	0.97364515	0.0
SPIKE	D27-28:G>	3	401058	7.4802147E-6	9999.0	39.90942	TRUE		NaN	NaN	NaN	NaN	NaN	NaN	NaN	NaN
SPIKE	S27:G>C	0	401058	0.0	9999.0	0.0	TRUE	G	1.2525298E-4	2.0	3.579363E-4	0.9948778	728.2402	0.06900429	0.98074234	1.0
SPIKE	S27:G>T	0	401058	0.0	9999.0	0.0	TRUE	G	6.3301326E-5	320.0	4.1686787E-4	0.99740803	543.1398	0.07936903	0.977341	0.0
SPIKE	S28:G>A	34	401058	8.477577E-5	132.05138	39.32353	TRUE	G	1.5127836E-4	822.0	5.4676016E-4	0.9938168	1022.63873	0.073849864	0.97364515	0.0
SPIKE	S28:G>C	0	401058	0.0	9999.0	0.0	TRUE	G	3.267887E-6	19.0	3.579363E-4	0.999866	728.2402	0.06900429	0.98074234	0.0
SPIKE	S28:G>T	0	401058	0.0	9999.0	0.0	TRUE	G	7.3192155E-6	37.0	4.1686787E-4	0.99969995	543.1398	0.07936903	0.977341	0.0
SPIKE	S29:G>A	27	401058	6.732193E-5	83.94507	39.444443	TRUE	G	1.5422294E-4	838.0	5.4676016E-4	0.9936968	1022.63873	0.073849864	0.97364515	0.0
SPIKE	S29:G>T	1	401058	2.493405E-6	11.476647	36.0	TRUE	G	3.1650661E-6	16.0	4.1686787E-4	0.99987024	543.1398	0.07936903	0.977341	0.0
SPIKE	S29:G>C	0	401058	0.0	9999.0	0.0	TRUE	G	2.5799106E-6	15.0	3.579363E-4	0.9998942	728.2402	0.06900429	0.98074234	0.0
SPIKE	S30:A>G	18	401058	4.488129E-5	0.4232625	39.833332	TRUE	A	5.4161105E-4	3264.0	3.96511E-4	0.97803867	2708.3057	0.06657586	0.9766856	0.0
SPIKE	S30:A>T	1	401058	2.493405E-6	3.6778505	40.0	TRUE	A	2.1008625E-5	80.0	5.52992E-4	0.999139	333.542	0.10537924	0.97258335	0.0
SPIKE	I30:>A	2	401058	4.98681E-6	9999.0	39.807228	TRUE		NaN	NaN	NaN	NaN	NaN	NaN	NaN	NaN
SPIKE	S30:A>C	0	401058	0.0	9999.0	0.0	TRUE	A	1.4897316E-5	64.0	4.934922E-4	0.9993894	401.6565	0.09340059	0.9678501	0.0
SPIKE	S31:T>G	2	401058	4.98681E-6	15.120806	38.0	TRUE	T	8.302742E-6	51.0	2.925027E-4	0.99965966	1428.5702	0.06531089	0.9777334	0.0
SPIKE	S31:T>A	2	401058	4.98681E-6	7.950918	39.0	TRUE	T	2.1193831E-5	88.0	5.422881E-4	0.99913144	324.66907	0.096642815	0.97952276	0.0
SPIKE	S31:T>C	11	401058	2.7427455E-5	0.012716273	40.0	TRUE	T	5.1331345E-4	2908.0	4.0704678E-4	0.9791741	2573.8396	0.07082266	0.97222227	0.0
SPIKE	S32:C>T	44	401058	1.0970982E-4	187.09764	39.659092	TRUE	C	1.7455606E-4	889.0	4.6499752E-4	0.9928687	1301.571	0.078784786	0.9768161	0.0
SPIKE	S32:C>A	10	401058	2.493405E-5	116.39828	38.2	TRUE	C	7.584161E-6	27.0	6.006602E-4	0.9996891	205.61856	0.11272283	0.97159475	0.0
SPIKE	S32:C>G	4	401058	9.97362E-6	54.350147	39.5	TRUE	C	2.5993077E-6	15.0	3.871519E-4	0.9998934	792.9218	0.06952512	0.98115325	0.0
SPIKE	S33:C>T	29	401058	7.230874E-5	120.19875	39.448277	TRUE	C	1.2173764E-4	620.0	4.6499752E-4	0.99502116	1301.571	0.078784786	0.9768161	0.0
SPIKE	S33:C>A	11	401058	2.7427455E-5	129.8007	39.090908	TRUE	C	7.8650555E-6	28.0	6.006602E-4	0.9996776	205.61856	0.11272283	0.97159475	0.0
SPIKE	S33:C>G	0	401058	0.0	9999.0	0.0	TRUE	C	1.3740317E-4	0.0	3.871519E-4	0.9943823	792.9218	0.06952512	0.98115325	1.0
SPIKE	S34:A>G	57	401058	1.4212409E-4	142.40533	39.649124	TRUE	A	3.6953672E-4	2227.0	3.96511E-4	0.9849632	2708.3057	0.06657586	0.9766856	0.0
SPIKE	S34:A>C	0	401058	0.0	9999.0	0.0	TRUE	A	1.8156104E-5	78.0	4.934922E-4	0.9992559	401.6565	0.09340059	0.9678501	0.0
SPIKE	S34:A>T	0	401058	0.0	9999.0	0.0	TRUE	A	7.878234E-6	30.0	5.52992E-4	0.99967706	333.542	0.10537924	0.97258335	0.0
SPIKE	S35:T>C	7	401058	1.7453835E-5	1.744532E-4	40.0	TRUE	T	5.2337494E-4	2965.0	4.0704678E-4	0.9787702	2573.8396	0.07082266	0.97222227	0.0
SPIKE	D35-36:T>	7	401058	1.7453835E-5	9999.0	39.803394	TRUE		NaN	NaN	NaN	NaN	NaN	NaN	NaN	NaN
SPIKE	S35:T>A	0	401058	0.0	9999.0	0.0	TRUE	T	2.7937323E-5	116.0	5.422881E-4	0.99885523	324.66907	0.096642815	0.97952276	0.0
SPIKE	S35:T>G	0	401058	0.0	9999.0	0.0	TRUE	T	1.3023909E-5	80.0	2.925027E-4	0.9994662	1428.5702	0.06531089	0.9777334	0.0
SPIKE	S36:T>C	5	401058	1.2467025E-5	0.3247653	40.0	TRUE	T	2.0617267E-4	1168.0	4.0704678E-4	0.9915826	2573.8396	0.07082266	0.97222227	0.0
SPIKE	S36:T>A	4	401058	9.97362E-6	43.077667	40.0	TRUE	T	5.057619E-6	21.0	5.422881E-4	0.99979264	324.66907	0.096642815	0.97952276	0.0
SPIKE	S36:T>G	0	401058	0.0	9999.0	0.0	TRUE	T	2.279184E-6	14.0	2.925027E-4	0.99990654	1428.5702	0.06531089	0.9777334	0.0
SPIKE	S37:A>C	1	401058	2.493405E-6	7.686239	40.0	TRUE	A	7.6814285E-6	33.0	4.934922E-4	0.9996851	401.6565	0.09340059	0.9678501	0.0
SPIKE	S37:A>T	1	401058	2.493405E-6	8.349463	40.0	TRUE	A	6.5651952E-6	25.0	5.52992E-4	0.9997309	333.542	0.10537924	0.97258335	0.0
SPIKE	S37:A>G	71	401058	1.7703175E-4	294.72455	39.070423	TRUE	A	2.8042975E-4	1690.0	3.96511E-4	0.98856825	2708.3057	0.06657586	0.9766856	0.0
SPIKE	S38:T>C	9	401058	2.2440645E-5	9.6890135	38.555557	TRUE	T	1.3009354E-4	737.0	4.0704678E-4	0.99468035	2573.8396	0.07082266	0.97222227	0.0
SPIKE	S38:T>A	2	401058	4.98681E-6	13.350369	40.0	TRUE	T	1.0356077E-5	43.0	5.422881E-4	0.9995755	324.66907	0.096642815	0.97952276	0.0
SPIKE	S38:T>G	0	401058	0.0	9999.0	0.0	TRUE	T	9.93073E-6	61.0	2.925027E-4	0.9995929	1428.5702	0.06531089	0.9777334	0.0
SPIKE	S39:C>T	31	401058	7.729555E-5	108.8225	39.258064	TRUE	C	1.5492096E-4	789.0	4.6499752E-4	0.9936684	1301.571	0.078784786	0.9768161	0.0
SPIKE	S39:C>A	70	401058	1.7453835E-4	1509.3496	38.942856	TRUE	C	4.2134225E-6	15.0	6.006602E-4	0.99982727	205.61856	0.11272283	0.97159475	0.0
SPIKE	S39:C>G	1	401058	2.493405E-6	0.036302138	40.0	TRUE	C	1.3740317E-4	5.0	3.871519E-4	0.9943823	792.9218	0.06952512	0.98115325	1.0
SPIKE	S40:G>T	2	401058	4.98681E-6	11.775523	40.0	TRUE	G	1.26602645E-5	64.0	4.1686787E-4	0.9994811	543.1398	0.07936903	0.977341	0.0
SPIKE	S40:G>A	52	401058	1.2965706E-4	155.73189	39.442307	TRUE	G	2.9022625E-4	1577.0	5.4676016E-4	0.9881712	1022.63873	0.073849864	0.97364515	0.0
SPIKE	D40-41:G>	1	401058	2.493405E-6	9999.0	39.86868	TRUE		NaN	NaN	NaN	NaN	NaN	NaN	NaN	NaN
SPIKE	S40:G>C	0	401058	0.0	9999.0	0.0	TRUE	G	1.2525298E-4	9.0	3.579363E-4	0.9948778	728.2402	0.06900429	0.98074234	1.0
SPIKE	S41:G>A	36	401058	8.976258E-5	204.10526	37.444443	TRUE	G	9.901187E-5	538.0	5.4676016E-4	0.99594873	1022.63873	0.073849864	0.97364515	0.0
SPIKE	S41:G>C	0	401058	0.0	9999.0	0.0	TRUE	G	2.0639286E-6	12.0	3.579363E-4	0.99991536	728.2402	0.06900429	0.98074234	0.0
SPIKE	S41:G>T	0	401058	0.0	9999.0	0.0	TRUE	G	4.351966E-6	22.0	4.1686787E-4	0.9998216	543.1398	0.07936903	0.977341	0.0
SPIKE	S42:C>T	48	401058	1.19683435E-4	155.54156	39.0625	TRUE	C	2.501512E-4	1274.0	4.6499752E-4	0.9897962	1301.571	0.078784786	0.9768161	0.0
SPIKE	S42:C>A	9	401058	2.2440645E-5	76.49874	39.0	TRUE	C	1.4887427E-5	53.0	6.006602E-4	0.9993898	205.61856	0.11272283	0.97159475	0.0
SPIKE	S42:C>G	2	401058	4.98681E-6	18.175919	40.0	TRUE	C	5.7184766E-6	33.0	3.871519E-4	0.9997656	792.9218	0.06952512	0.98115325	0.0
SPIKE	S43:G>C	1	401058	2.493405E-6	14.115765	40.0	TRUE	G	1.7199404E-6	10.0	3.579363E-4	0.9999295	728.2402	0.06900429	0.98074234	0.0
SPIKE	S43:G>A	53	401058	1.3215047E-4	260.67862	39.18868	TRUE	G	1.7262665E-4	938.0	5.4676016E-4	0.9929473	1022.63873	0.073849864	0.97364515	0.0
SPIKE	S43:G>T	0	401058	0.0	9999.0	0.0	TRUE	G	4.747599E-6	24.0	4.1686787E-4	0.9998054	543.1398	0.07936903	0.977341	0.0
SPIKE	S44:G>C	1	401058	2.493405E-6	9.520512	40.0	TRUE	G	4.987827E-6	29.0	3.579363E-4	0.9997955	728.2402	0.06900429	0.98074234	0.0
SPIKE	S44:G>A	24	401058	5.9841717E-5	73.18563	39.125	TRUE	G	1.415244E-4	769.0	5.4676016E-4	0.9942143	1022.63873	0.073849864	0.97364515	0.0
SPIKE	S44:G>T	0	401058	0.0	9999.0	0.0	TRUE	G	2.175983E-6	11.0	4.1686787E-4	0.9999108	543.1398	0.07936903	0.977341	0.0
SPIKE	S45:C>T	40	401058	9.97362E-5	255.77168	38.25	TRUE	C	9.0321475E-5	460.0	4.6499752E-4	0.9963037	1301.571	0.078784786	0.9768161	0.0
SPIKE	S45:C>A	6	401058	1.4960429E-5	77.19296	38.833332	TRUE	C	3.9325278E-6	14.0	6.006602E-4	0.99983877	205.61856	0.11272283	0.97159475	0.0
SPIKE	S45:C>G	6	401058	1.4960429E-5	74.72696	38.666668	TRUE	C	4.3321793E-6	25.0	3.871519E-4	0.9998224	792.9218	0.06952512	0.98115325	0.0
SPIKE	S46:G>A	36	401058	8.976258E-5	143.80959	39.583332	TRUE	G	1.5440698E-4	839.0	5.4676016E-4	0.9936893	1022.63873	0.073849864	0.97364515	0.0
SPIKE	D46-47:G>	1	401058	2.493405E-6	9999.0	39.863663	TRUE		NaN	NaN	NaN	NaN	NaN	NaN	NaN	NaN
SPIKE	S46:G>C	0	401058	0.0	9999.0	0.0	TRUE	G	1.2525298E-4	5.0	3.579363E-4	0.9948778	728.2402	0.06900429	0.98074234	1.0
SPIKE	S46:G>T	0	401058	0.0	9999.0	0.0	TRUE	G	1.0744208E-4	5.0	4.1686787E-4	0.9956046	543.1398	0.07936903	0.977341	1.0
SPIKE	S47:A>C	1	401058	2.493405E-6	11.670615	38.0	TRUE	A	3.0260173E-6	13.0	4.934922E-4	0.99987596	401.6565	0.09340059	0.9678501	0.0
SPIKE	S47:A>T	5	401058	1.2467025E-5	63.29362	39.8	TRUE	A	3.6765096E-6	14.0	5.52992E-4	0.99984926	333.542	0.10537924	0.97258335	0.0
SPIKE	S47:A>G	66	401058	1.6456473E-4	567.7506	39.28788	TRUE	A	8.313332E-5	501.0	3.96511E-4	0.99659735	2708.3057	0.06657586	0.9766856	0.0
SPIKE	D47-48:A>	1	401058	2.493405E-6	9999.0	39.870705	TRUE		NaN	NaN	NaN	NaN	NaN	NaN	NaN	NaN
SPIKE	S48:A>T	4	401058	9.97362E-6	30.631987	39.0	TRUE	A	1.076692E-5	41.0	5.52992E-4	0.9995586	333.542	0.10537924	0.97258335	0.0
SPIKE	S48:A>C	1	401058	2.493405E-6	6.0472684	38.0	TRUE	A	1.14057575E-5	49.0	4.934922E-4	0.99953246	401.6565	0.09340059	0.9678501	0.0
SPIKE	S48:A>G	96	401058	2.3936687E-4	507.4521	39.166668	TRUE	A	2.7462203E-4	1655.0	3.96511E-4	0.9888036	2708.3057	0.06657586	0.9766856	0.0
SPIKE	S49:T>C	10	401058	2.493405E-5	0.13090378	38.9	TRUE	T	3.8745633E-4	2195.0	4.0704678E-4	0.9842398	2573.8396	0.07082266	0.97222227	0.0
SPIKE	S49:T>G	1	401058	2.493405E-6	5.1323953	40.0	TRUE	T	1.43263E-5	88.0	2.925027E-4	0.9994128	1428.5702	0.06531089	0.9777334	0.0
SPIKE	D49-50:T>	70	401058	1.7453835E-4	9999.0	39.766586	TRUE		NaN	NaN	NaN	NaN	NaN	NaN	NaN	NaN
SPIKE	S49:T>A	0	401058	0.0	9999.0	0.0	TRUE	T	2.167551E-5	90.0	5.422881E-4	0.9991117	324.66907	0.096642815	0.97952276	0.0
SPIKE	S50:T>C	10	401058	2.493405E-5	0.18918568	39.6	TRUE	T	3.710402E-4	2102.0	4.0704678E-4	0.9849025	2573.8396	0.07082266	0.97222227	0.0
SPIKE	S50:T>A	2	401058	4.98681E-6	8.280188	38.5	TRUE	T	2.0230476E-5	84.0	5.422881E-4	0.9991709	324.66907	0.096642815	0.97952276	0.0
SPIKE	S50:T>G	0	401058	0.0	9999.0	0.0	TRUE	T	1.0744724E-5	66.0	2.925027E-4	0.9995596	1428.5702	0.06531089	0.9777334	0.0
SPIKE	S51:T>C	11	401059	2.7427386E-5	0.29479465	38.18182	TRUE	T	3.777469E-4	2140.0	4.0704678E-4	0.9846317	2573.846	0.07082266	0.97222227	0.0
SPIKE	S51:T>A	0	401059	0.0	9999.0	0.0	TRUE	T	2.3505828E-4	976.0	5.422881E-4	0.9904089	324.6699	0.096642815	0.97952276	0.0
SPIKE	S51:T>G	0	401059	0.0	9999.0	0.0	TRUE	T	2.9303721E-6	18.0	2.925027E-4	0.99987984	1428.5737	0.06531089	0.9777334	0.0
SPIKE	S52:A>C	1	401059	2.4933988E-6	0.001627451	36.0	TRUE	A	2.1391561E-4	919.0	4.934922E-4	0.9912678	401.6575	0.09340059	0.9678501	0.0
SPIKE	S52:A>G	69	401059	1.7204451E-4	330.26596	39.0	TRUE	A	2.2915534E-4	1381.0	3.96511E-4	0.9906486	2708.3125	0.06657586	0.9766856	0.0
SPIKE	S52:A>T	0	401059	0.0	9999.0	0.0	TRUE	A	5.7773577E-6	22.0	5.52992E-4	0.99976313	333.54282	0.10537924	0.97258335	0.0
SPIKE	D53-59:CCACCA>	1	401059	2.4933988E-6	9999.0	39.821472	TRUE		NaN	NaN	NaN	NaN	NaN	NaN	NaN	NaN
SPIKE	S53:C>T	32	401059	7.978876E-5	117.614716	39.5	TRUE	C	1.5197531E-4	774.0	4.6499752E-4	0.99378836	1301.5743	0.078784786	0.9768161	0.0
SPIKE	S53:C>G	5	401059	1.2466993E-5	68.00888	39.6	TRUE	C	2.9458745E-6	17.0	3.871519E-4	0.99987924	792.92377	0.06952512	0.98115325	0.0
SPIKE	S53:C>A	3	401059	7.480196E-6	26.464363	40.0	TRUE	C	7.0223537E-6	25.0	6.006602E-4	0.9997121	205.61908	0.11272283	0.97159475	0.0
SPIKE	D53-54:C>	22	401059	5.4854772E-5	9999.0	39.821472	TRUE		NaN	NaN	NaN	NaN	NaN	NaN	NaN	NaN
SPIKE	S54:C>T	42	401060	1.0472249E-4	128.25232	40.0	TRUE	C	2.3404926E-4	1192.0	4.6499752E-4	0.99044985	1301.5775	0.078784786	0.9768161	0.0
SPIKE	S54:C>A	36	401060	8.976213E-5	73.65738	40.0	TRUE	C	2.8089344E-4	1000.0	6.006602E-4	0.9885494	205.6196	0.11272283	0.97159475	0.0
SPIKE	S54:C>G	0	401060	0.0	9999.0	0.0	TRUE	C	1.3740317E-4	9.0	3.871519E-4	0.9943823	792.9257	0.06952512	0.98115325	1.0
SPIKE	S55:A>T	27	401060	6.73216E-5	125.89108	40.0	TRUE	A	9.900265E-5	377.0	5.52992E-4	0.9959491	333.54364	0.10537924	0.97258335	0.0
SPIKE	S55:A>C	1	401060	2.4933925E-6	2.103261E-8	40.0	TRUE	A	4.7903942E-4	2058.0	4.934922E-4	0.980551	401.6585	0.09340059	0.9678501	0.0
SPIKE	S55:A>G	91	401060	2.2689872E-4	308.81598	40.0	TRUE	A	4.410524E-4	2658.0	3.96511E-4	0.9820794	2708.3193	0.06657586	0.9766856	0.0
SPIKE	S56:C>T	49	401060	1.2217624E-4	250.93466	40.0	TRUE	C	1.5197493E-4	774.0	4.6499752E-4	0.9937884	1301.5775	0.078784786	0.9768161	0.0
SPIKE	S56:C>G	1	401060	2.4933925E-6	10.674521	40.0	TRUE	C	3.8122987E-6	22.0	3.871519E-4	0.9998437	792.9257	0.06952512	0.98115325	0.0
SPIKE	S56:C>A	2	401060	4.986785E-6	3.9838536	40.0	TRUE	C	3.9605977E-5	141.0	6.006602E-4	0.9983775	205.6196	0.11272283	0.97159475	0.0
SPIKE	D56-57:C>	1	401060	2.4933925E-6	9999.0	39.999744	TRUE		NaN	NaN	NaN	NaN	NaN	NaN	NaN	NaN
SPIKE	S57:C>T	39	401060	9.724231E-5	126.59446	40.0	TRUE	C	2.063639E-4	1051.0	4.6499752E-4	0.99157476	1301.5775	0.078784786	0.9768161	0.0
SPIKE	S57:C>G	1	401060	2.4933925E-6	0.036301147	40.0	TRUE	C	1.3740317E-4	4.0	3.871519E-4	0.9943823	792.9257	0.06952512	0.98115325	1.0
SPIKE	S57:C>A	23	401060	5.734803E-5	16.687786	40.0	TRUE	C	3.258364E-4	1160.0	6.006602E-4	0.98672956	205.6196	0.11272283	0.97159475	0.0
SPIKE	S58:A>T	3	401060	7.4801774E-6	9.021164E-4	40.0	TRUE	A	3.188043E-4	1214.0	5.52992E-4	0.98701406	333.54364	0.10537924	0.97258335	0.0
SPIKE	S58:A>C	11	401060	2.7427317E-5	0.7958401	40.0	TRUE	A	3.2657548E-4	1403.0	4.934922E-4	0.98669964	401.6585	0.09340059	0.9678501	0.0
SPIKE	S58:A>G	81	401060	2.019648E-4	282.3494	40.0	TRUE	A	3.8430298E-4	2316.0	3.96511E-4	0.9843671	2708.3193	0.06657586	0.9766856	0.0
SPIKE	S59:T>C	62	401060	1.5459034E-4	83.47227	40.0	TRUE	T	5.9998065E-4	3399.0	4.0704678E-4	0.9757009	2573.8523	0.07082266	0.97222227	0.0
SPIKE	S59:T>G	2	401060	4.986785E-6	13.683571	40.0	TRUE	T	9.930681E-6	61.0	2.925027E-4	0.9995929	1428.5773	0.06531089	0.9777334	0.0
SPIKE	S59:T>A	7	401060	1.7453747E-5	0.071281925	40.0	TRUE	T	3.2344516E-4	1343.0	5.422881E-4	0.9868263	324.6707	0.096642815	0.97952276	0.0
SPIKE	S60:T>C	46	401060	1.1469606E-4	43.629173	40.0	TRUE	T	5.3908234E-4	3054.0	4.0704678E-4	0.9781401	2573.8523	0.07082266	0.97222227	0.0
SPIKE	S60:T>A	10	401060	2.4933925E-5	90.1946	40.0	TRUE	T	1.420943E-5	59.0	5.422881E-4	0.9994176	324.6707	0.096642815	0.97952276	0.0
SPIKE	S60:T>G	0	401060	0.0	9999.0	0.0	TRUE	T	1.921017E-4	1180.0	2.925027E-4	0.9921548	1428.5773	0.06531089	0.9777334	0.0
SPIKE	S61:G>T	2	401060	4.986785E-6	0.006967705	40.0	TRUE	G	2.2214698E-4	1123.0	4.1686787E-4	0.9909333	543.14246	0.07936903	0.977341	0.0
SPIKE	S61:G>A	42	401060	1.0472249E-4	119.04228	40.0	TRUE	G	2.5028898E-4	1360.0	5.4676016E-4	0.9897906	1022.6438	0.073849864	0.97364515	0.0
SPIKE	D61-62:G>	2	401060	4.986785E-6	9999.0	39.999702	TRUE		NaN	NaN	NaN	NaN	NaN	NaN	NaN	NaN
SPIKE	S61:G>C	0	401060	0.0	9999.0	0.0	TRUE	G	1.2525298E-4	5.0	3.579363E-4	0.9948778	728.2438	0.06900429	0.98074234	1.0
SPIKE	S62:A>T	31	401060	7.729517E-5	203.13625	40.0	TRUE	A	6.88029E-5	262.0	5.52992E-4	0.9971831	333.54364	0.10537924	0.97258335	0.0
SPIKE	S62:A>C	3	401060	7.4801774E-6	19.226559	40.0	TRUE	A	1.2802317E-5	55.0	4.934922E-4	0.99947524	401.6585	0.09340059	0.9678501	0.0
SPIKE	S62:A>G	114	401060	2.8424675E-4	283.07028	40.0	TRUE	A	7.236379E-4	4361.0	3.96511E-4	0.97076666	2708.3193	0.06657586	0.9766856	0.0
SPIKE	D62-63:A>	35	401060	8.726874E-5	9999.0	40.0	TRUE		NaN	NaN	NaN	NaN	NaN	NaN	NaN	NaN
SPIKE	I62:>A	3	401060	7.4801774E-6	9999.0	40.0	TRUE		NaN	NaN	NaN	NaN	NaN	NaN	NaN	NaN
SPIKE	S63:A>T	9	401060	2.2440532E-5	35.733986	40.0	TRUE	A	4.8319598E-5	184.0	5.52992E-4	0.9980209	333.54364	0.10537924	0.97258335	0.0
SPIKE	S63:A>C	5	401060	1.2466962E-5	38.144577	40.0	TRUE	A	1.2336778E-5	53.0	4.934922E-4	0.9994943	401.6585	0.09340059	0.9678501	0.0
SPIKE	S63:A>G	127	401060	3.1666085E-4	475.61218	40.0	TRUE	A	5.484116E-4	3305.0	3.96511E-4	0.97776604	2708.3193	0.06657586	0.9766856	0.0
SPIKE	S64:A>G	111	401060	2.7676657E-4	269.2446	40.0	TRUE	A	7.186599E-4	4331.0	3.96511E-4	0.9709648	2708.3193	0.06657586	0.9766856	0.0
SPIKE	S64:A>C	11	401060	2.7427317E-5	74.75855	40.0	TRUE	A	2.6535712E-5	114.0	4.934922E-4	0.99891263	401.6585	0.09340059	0.9678501	0.0
SPIKE	S64:A>T	9	401060	2.2440532E-5	47.085445	40.0	TRUE	A	3.4138848E-5	130.0	5.52992E-4	0.99860126	333.54364	0.10537924	0.97258335	0.0
SPIKE	S65:A>G	109	401060	2.7177978E-4	367.6448	40.0	TRUE	A	5.2733807E-4	3178.0	3.96511E-4	0.9786112	2708.3193	0.06657586	0.9766856	0.0
SPIKE	S65:A>C	30	401060	7.480178E-5	1.8807952	40.0	TRUE	A	7.162315E-4	3077.0	4.934922E-4	0.97106147	401.6585	0.09340059	0.9678501	0.0
SPIKE	S65:A>T	3	401060	7.4801774E-6	12.240215	40.0	TRUE	A	2.3897192E-5	91.0	5.52992E-4	0.9990207	333.54364	0.10537924	0.97258335	0.0
SPIKE	S66:C>A	3	401060	7.4801774E-6	0.1482518	40.0	TRUE	C	1.716259E-4	611.0	6.006602E-4	0.99298805	205.6196	0.11272283	0.97159475	0.0
SPIKE	S66:C>T	49	401060	1.2217624E-4	299.0633	40.0	TRUE	C	1.1741733E-4	598.0	4.6499752E-4	0.9951975	1301.5775	0.078784786	0.9768161	0.0
SPIKE	D66-67:C>	5	401060	1.2466962E-5	9999.0	39.99993	TRUE		NaN	NaN	NaN	NaN	NaN	NaN	NaN	NaN
SPIKE	S66:C>G	0	401060	0.0	9999.0	0.0	TRUE	C	5.025303E-6	29.0	3.871519E-4	0.999794	792.9257	0.06952512	0.98115325	0.0
SPIKE	S67:C>A	50	401060	1.2466962E-4	38.58606	40.0	TRUE	C	6.334147E-4	2255.0	6.006602E-4	0.97436434	205.6196	0.11272283	0.97159475	0.0
SPIKE	S67:C>T	53	401060	1.321498E-4	363.34372	40.0	TRUE	C	1.04261875E-4	531.0	4.6499752E-4	0.9957344	1301.5775	0.078784786	0.9768161	0.0
SPIKE	S67:C>G	0	401060	0.0	9999.0	0.0	TRUE	C	1.3740317E-4	9.0	3.871519E-4	0.9943823	792.9257	0.06952512	0.98115325	1.0
SPIKE	S68:A>G	101	401060	2.5183265E-4	141.98267	40.0	TRUE	A	9.3072344E-4	5609.0	3.96511E-4	0.9625592	2708.3193	0.06657586	0.9766856	0.0
SPIKE	S68:A>C	6	401060	1.4960355E-5	2.6537528	40.0	TRUE	A	1.4268764E-4	613.0	4.934922E-4	0.9941669	401.6585	0.09340059	0.9678501	0.0
SPIKE	S68:A>T	32	401060	7.978856E-5	160.38924	40.0	TRUE	A	1.0609303E-4	404.0	5.52992E-4	0.99565965	333.54364	0.10537924	0.97258335	0.0
SPIKE	S69:G>A	51	401060	1.2716302E-4	162.1842	40.0	TRUE	G	2.7310944E-4	1484.0	5.4676016E-4	0.98886496	1022.6438	0.073849864	0.97364515	0.0
SPIKE	S69:G>T	1	401060	2.4933925E-6	6.0940485	40.0	TRUE	G	1.1275492E-5	57.0	4.1686787E-4	0.9995378	543.14246	0.07936903	0.977341	0.0
SPIKE	S69:G>C	0	401060	0.0	9999.0	0.0	TRUE	G	3.859527E-4	2244.0	3.579363E-4	0.9843005	728.2438	0.06900429	0.98074234	0.0
SPIKE	S70:C>A	9	401060	2.2440532E-5	117.16547	40.0	TRUE	C	5.056082E-6	18.0	6.006602E-4	0.9997927	205.6196	0.11272283	0.97159475	0.0
SPIKE	S70:C>G	7	401060	1.7453747E-5	12.978809	40.0	TRUE	C	7.919184E-5	457.0	3.871519E-4	0.9967584	792.9257	0.06952512	0.98115325	0.0
SPIKE	S70:C>T	60	401060	1.4960355E-4	338.1725	40.0	TRUE	C	1.6022164E-4	816.0	4.6499752E-4	0.9934524	1301.5775	0.078784786	0.9768161	0.0
SPIKE	D70-71:C>	1	401060	2.4933925E-6	9999.0	39.99993	TRUE		NaN	NaN	NaN	NaN	NaN	NaN	NaN	NaN
SPIKE	S71:C>A	19	401060	4.737446E-5	97.2873	40.0	TRUE	C	6.4324595E-5	229.0	6.006602E-4	0.9973662	205.6196	0.11272283	0.97159475	0.0
SPIKE	S71:C>G	1	401060	2.4933925E-6	7.8418125E-6	40.0	TRUE	C	3.4102745E-4	1968.0	3.871519E-4	0.98611516	792.9257	0.06952512	0.98115325	0.0
SPIKE	S71:C>T	51	401060	1.2716302E-4	145.58597	40.0	TRUE	C	2.9786304E-4	1517.0	4.6499752E-4	0.9878619	1301.5775	0.078784786	0.9768161	0.0
SPIKE	S72:G>A	65	401060	1.6207052E-4	333.47287	40.0	TRUE	G	1.9747064E-4	1073.0	5.4676016E-4	0.9919364	1022.6438	0.073849864	0.97364515	0.0
SPIKE	S72:G>C	1	401060	2.4933925E-6	0.35473067	40.0	TRUE	G	7.9116864E-5	460.0	3.579363E-4	0.99676144	728.2438	0.06900429	0.98074234	0.0
SPIKE	S72:G>T	0	401060	0.0	9999.0	0.0	TRUE	G	2.3619189E-4	1194.0	4.1686787E-4	0.9903629	543.14246	0.07936903	0.977341	0.0
SPIKE	S73:T>A	8	401060	1.994714E-5	31.464457	40.0	TRUE	T	4.479583E-5	186.0	5.422881E-4	0.9981651	324.6707	0.096642815	0.97952276	0.0
SPIKE	S73:T>C	63	401060	1.5708373E-4	87.492775	40.0	TRUE	T	5.9892156E-4	3393.0	4.0704678E-4	0.97574323	2573.8523	0.07082266	0.97222227	0.0
SPIKE	S73:T>G	0	401060	0.0	9999.0	0.0	TRUE	T	3.8762213E-4	2381.0	2.925027E-4	0.98423314	1428.5773	0.06531089	0.9777334	0.0
SPIKE	S74:G>A	37	401060	9.225553E-5	235.95723	40.0	TRUE	G	8.447253E-5	459.0	5.4676016E-4	0.99654263	1022.6438	0.073849864	0.97364515	0.0
SPIKE	S74:G>T	1	401060	2.4933925E-6	0.29075903	40.0	TRUE	G	8.4269464E-5	426.0	4.1686787E-4	0.9965509	543.14246	0.07936903	0.977341	0.0
SPIKE	D74-75:G>	1	401060	2.4933925E-6	9999.0	39.99993	TRUE		NaN	NaN	NaN	NaN	NaN	NaN	NaN	NaN
SPIKE	S74:G>C	0	401060	0.0	9999.0	0.0	TRUE	G	2.9410836E-5	171.0	3.579363E-4	0.99879485	728.2438	0.06900429	0.98074234	0.0
SPIKE	S75:G>A	40	401060	9.97357E-5	214.79965	40.0	TRUE	G	1.1796709E-4	641.0	5.4676016E-4	0.995175	1022.6438	0.073849864	0.97364515	0.0
SPIKE	S75:G>T	3	401060	7.4801774E-6	7.1447845E-5	40.0	TRUE	G	3.8633397E-4	1953.0	4.1686787E-4	0.9842851	543.14246	0.07936903	0.977341	0.0
SPIKE	S75:G>C	0	401060	0.0	9999.0	0.0	TRUE	G	3.0958774E-6	18.0	3.579363E-4	0.9998731	728.2438	0.06900429	0.98074234	0.0
SPIKE	S76:T>A	3	401060	7.4801774E-6	10.892159	40.0	TRUE	T	2.7214672E-5	113.0	5.422881E-4	0.9988848	324.6707	0.096642815	0.97952276	0.0
SPIKE	S76:T>G	16	401060	3.989428E-5	22.026073	40.0	TRUE	T	1.7826386E-4	1095.0	2.925027E-4	0.9927178	1428.5773	0.06531089	0.9777334	0.0
SPIKE	S76:T>C	45	401060	1.12202666E-4	40.08548	40.0	TRUE	T	5.427892E-4	3075.0	4.0704678E-4	0.97799146	2573.8523	0.07082266	0.97222227	0.0
SPIKE	D76-77:T>	3	401060	7.4801774E-6	9999.0	39.999336	TRUE		NaN	NaN	NaN	NaN	NaN	NaN	NaN	NaN
SPIKE	S77:T>A	2	401060	4.986785E-6	12.990809	40.0	TRUE	T	1.0837701E-5	45.0	5.422881E-4	0.99955577	324.6707	0.096642815	0.97952276	0.0
SPIKE	S77:T>G	2	401060	4.986785E-6	6.0669	40.0	TRUE	T	2.8001263E-5	172.0	2.925027E-4	0.9988526	1428.5773	0.06531089	0.9777334	0.0
SPIKE	S77:T>C	42	401060	1.0472249E-4	115.46173	40.0	TRUE	T	2.5700848E-4	1456.0	4.0704678E-4	0.989518	2573.8523	0.07082266	0.97222227	0.0
SPIKE	S78:T>A	2	401060	4.986785E-6	13.728873	40.0	TRUE	T	9.874349E-6	41.0	5.422881E-4	0.9995952	324.6707	0.096642815	0.97952276	0.0
SPIKE	S78:T>C	60	401060	1.4960355E-4	120.30669	40.0	TRUE	T	4.56649E-4	2587.0	4.0704678E-4	0.9814516	2573.8523	0.07082266	0.97222227	0.0
SPIKE	S78:T>G	0	401060	0.0	9999.0	0.0	TRUE	T	3.995064E-4	2454.0	2.925027E-4	0.9837537	1428.5773	0.06531089	0.9777334	0.0
SPIKE	S79:G>A	43	401060	1.0721588E-4	227.3964	40.0	TRUE	G	1.2882521E-4	700.0	5.4676016E-4	0.9947321	1022.6438	0.073849864	0.97364515	0.0
SPIKE	S79:G>C	0	401060	0.0	9999.0	0.0	TRUE	G	3.888766E-4	2261.0	3.579363E-4	0.9841825	728.2438	0.06900429	0.98074234	0.0
SPIKE	S79:G>T	0	401060	0.0	9999.0	0.0	TRUE	G	6.943329E-5	351.0	4.1686787E-4	0.9971573	543.14246	0.07936903	0.977341	0.0
SPIKE	S80:C>G	1	401060	2.4933925E-6	5.378694E-7	40.0	TRUE	C	4.037571E-4	2330.0	3.871519E-4	0.9835822	792.9257	0.06952512	0.98115325	0.0
SPIKE	S80:C>A	7	401060	1.7453747E-5	43.61544	40.0	TRUE	C	2.190969E-5	78.0	6.006602E-4	0.9991021	205.6196	0.11272283	0.97159475	0.0
SPIKE	S80:C>T	63	401060	1.5708373E-4	197.41417	40.0	TRUE	C	3.3693668E-4	1716.0	4.6499752E-4	0.98628056	1301.5775	0.078784786	0.9768161	0.0
SPIKE	S81:G>A	67	401060	1.670573E-4	341.7253	40.0	TRUE	G	2.0483209E-4	1113.0	5.4676016E-4	0.99163705	1022.6438	0.073849864	0.97364515	0.0
SPIKE	S81:G>T	1	401060	2.4933925E-6	2.1690276	40.0	TRUE	G	3.3035212E-5	167.0	4.1686787E-4	0.9986465	543.14246	0.07936903	0.977341	0.0
SPIKE	D81-82:G>	1	401060	2.4933925E-6	9999.0	39.999897	TRUE		NaN	NaN	NaN	NaN	NaN	NaN	NaN	NaN
SPIKE	S81:G>C	0	401060	0.0	9999.0	0.0	TRUE	G	5.1597955E-5	300.0	3.579363E-4	0.9978867	728.2438	0.06900429	0.98074234	0.0
SPIKE	S82:G>A	66	401060	1.645639E-4	397.32333	40.0	TRUE	G	1.5863904E-4	862.0	5.4676016E-4	0.9935169	1022.6438	0.073849864	0.97364515	0.0
SPIKE	S82:G>T	2	401060	4.986785E-6	17.869022	40.0	TRUE	G	5.9344693E-6	30.0	4.1686787E-4	0.9997567	543.14246	0.07936903	0.977341	0.0
SPIKE	S82:G>C	0	401060	0.0	9999.0	0.0	TRUE	G	3.6978535E-4	2150.0	3.579363E-4	0.98495317	728.2438	0.06900429	0.98074234	0.0
SPIKE	S83:C>G	1	401060	2.4933925E-6	1.1951188E-7	40.0	TRUE	C	4.3876094E-4	2532.0	3.871519E-4	0.98217165	792.9257	0.06952512	0.98115325	0.0
SPIKE	S83:C>A	11	401060	2.7427317E-5	116.898926	40.0	TRUE	C	1.0393057E-5	37.0	6.006602E-4	0.99957395	205.6196	0.11272283	0.97159475	0.0
SPIKE	S83:C>T	54	401060	1.346432E-4	175.07275	40.0	TRUE	C	2.8254773E-4	1439.0	4.6499752E-4	0.98848236	1301.5775	0.078784786	0.9768161	0.0
SPIKE	S84:G>A	43	401060	1.0721588E-4	35.08433	40.0	TRUE	G	5.399617E-4	2934.0	5.4676016E-4	0.9781048	1022.6438	0.073849864	0.97364515	0.0
SPIKE	S84:G>T	2	401060	4.986785E-6	17.336334	40.0	TRUE	G	6.330101E-6	32.0	4.1686787E-4	0.9997405	543.14246	0.07936903	0.977341	0.0
SPIKE	S84:G>C	0	401060	0.0	9999.0	0.0	TRUE	G	5.3833868E-5	313.0	3.579363E-4	0.9977952	728.2438	0.06900429	0.98074234	0.0
SPIKE	S85:A>G	48	401060	1.1968284E-4	210.1929	40.0	TRUE	A	1.8252732E-4	1100.0	3.96511E-4	0.9925443	2708.3193	0.06657586	0.9766856	0.0
SPIKE	S85:A>T	1	401060	2.4933925E-6	8.303793E-9	40.0	TRUE	A	5.00528E-4	1906.0	5.52992E-4	0.9796875	333.54364	0.10537924	0.97258335	0.0
SPIKE	S85:A>C	1	401060	2.4933925E-6	11.670615	40.0	TRUE	A	3.026002E-6	13.0	4.934922E-4	0.99987596	401.6585	0.09340059	0.9678501	0.0
SPIKE	I86:>T	1	401059	2.4933988E-6	9999.0	39.64842	TRUE		NaN	NaN	NaN	NaN	NaN	NaN	NaN	NaN
SPIKE	S86:T>A	1	401059	2.4933988E-6	0.20771737	40.0	TRUE	T	9.296362E-5	386.0	5.422881E-4	0.99619573	324.6699	0.096642815	0.97952276	0.0
SPIKE	S86:T>C	23	401059	5.734817E-5	0.027321666	38.95652	TRUE	T	8.28925E-4	4696.0	4.0704678E-4	0.9665851	2573.846	0.07082266	0.97222227	0.0
SPIKE	D86-87:T>	36	401059	8.9762354E-5	9999.0	39.64842	TRUE		NaN	NaN	NaN	NaN	NaN	NaN	NaN	NaN
SPIKE	S86:T>G	0	401059	0.0	9999.0	0.0	TRUE	T	1.8070628E-5	111.0	2.925027E-4	0.99925935	1428.5737	0.06531089	0.9777334	0.0
SPIKE	S87:T>A	1	401059	2.4933988E-6	2.1509638	38.0	TRUE	T	3.3235698E-5	138.0	5.422881E-4	0.9986383	324.6699	0.096642815	0.97952276	0.0
SPIKE	S87:T>C	10	401059	2.4933986E-5	0.11270619	38.6	TRUE	T	3.939865E-4	2232.0	4.0704678E-4	0.9839763	2573.846	0.07082266	0.97222227	0.0
SPIKE	S87:T>G	0	401059	0.0	9999.0	0.0	TRUE	T	4.3467186E-5	267.0	2.925027E-4	0.99821943	1428.5737	0.06531089	0.9777334	0.0
SPIKE	S88:T>G	1	401059	2.4933988E-6	9.906352	37.0	TRUE	T	4.5583565E-6	28.0	2.925027E-4	0.99981314	1428.5737	0.06531089	0.9777334	0.0
SPIKE	S88:T>A	3	401059	7.480196E-6	6.10326	39.333332	TRUE	T	4.5518456E-5	189.0	5.422881E-4	0.9981355	324.6699	0.096642815	0.97952276	0.0
SPIKE	S88:T>C	10	401059	2.4933986E-5	0.23394607	38.3	TRUE	T	3.613308E-4	2047.0	4.0704678E-4	0.98529464	2573.846	0.07082266	0.97222227	0.0
SPIKE	S89:A>G	70	401059	1.7453791E-4	326.8814	39.07143	TRUE	A	2.3977514E-4	1445.0	3.96511E-4	0.9902174	2708.3125	0.06657586	0.9766856	0.0
SPIKE	S89:A>T	1	401059	2.4933988E-6	1.2073019	40.0	TRUE	A	4.7531896E-5	181.0	5.52992E-4	0.9980531	333.54282	0.10537924	0.97258335	0.0
SPIKE	S89:A>C	3	401059	7.480196E-6	30.970457	40.0	TRUE	A	4.8881698E-6	21.0	4.934922E-4	0.9997996	401.6575	0.09340059	0.9678501	0.0
SPIKE	D89-92:ATC>	1	401059	2.4933988E-6	9999.0	39.79936	TRUE		NaN	NaN	NaN	NaN	NaN	NaN	NaN	NaN
SPIKE	S90:T>G	1	401059	2.4933988E-6	5.612958	31.0	TRUE	T	1.2698279E-5	78.0	2.925027E-4	0.99947953	1428.5737	0.06531089	0.9777334	0.0
SPIKE	S90:T>A	6	401059	1.4960392E-5	39.770164	39.333332	TRUE	T	1.7822042E-5	74.0	5.422881E-4	0.99926955	324.6699	0.096642815	0.97952276	0.0
SPIKE	S90:T>C	4	401059	9.973595E-6	0.0044952002	38.0	TRUE	T	3.1314162E-4	1774.0	4.0704678E-4	0.98724324	2573.846	0.07082266	0.97222227	0.0
SPIKE	S91:C>G	1	401059	2.4933988E-6	10.87487	40.0	TRUE	C	3.6390215E-6	21.0	3.871519E-4	0.9998508	792.92377	0.06952512	0.98115325	0.0
SPIKE	S91:C>A	102	401059	2.5432667E-4	2278.5464	38.980392	TRUE	C	5.056095E-6	18.0	6.006602E-4	0.9997927	205.61908	0.11272283	0.97159475	0.0
SPIKE	S91:C>T	47	401059	1.1718974E-4	193.52943	38.70213	TRUE	C	1.9261987E-4	981.0	4.6499752E-4	0.9921337	1301.5743	0.078784786	0.9768161	0.0
SPIKE	S92:G>A	46	401059	1.1469634E-4	142.03516	38.695652	TRUE	G	2.5194592E-4	1369.0	5.4676016E-4	0.9897234	1022.64124	0.073849864	0.97364515	0.0
SPIKE	S92:G>T	1	401059	2.4933988E-6	11.476647	40.0	TRUE	G	3.1650582E-6	16.0	4.1686787E-4	0.99987024	543.1411	0.07936903	0.977341	0.0
SPIKE	S92:G>C	1	401059	2.4933988E-6	9.099733	40.0	TRUE	G	5.503796E-6	32.0	3.579363E-4	0.9997744	728.242	0.06900429	0.98074234	0.0
SPIKE	S93:T>G	2	401059	4.9867976E-6	12.056659	39.5	TRUE	T	1.2209884E-5	75.0	2.925027E-4	0.9994995	1428.5737	0.06531089	0.9777334	0.0
SPIKE	S93:T>A	2	401059	4.9867976E-6	2.3904698	39.0	TRUE	T	5.4670316E-5	227.0	5.422881E-4	0.997761	324.6699	0.096642815	0.97952276	0.0
SPIKE	S93:T>C	15	401059	3.740098E-5	0.71068984	39.333332	TRUE	T	4.338794E-4	2458.0	4.0704678E-4	0.98236823	2573.846	0.07082266	0.97222227	0.0
SPIKE	S94:C>G	2	401059	4.9867976E-6	0.1507971	40.0	TRUE	C	1.3740317E-4	2.0	3.871519E-4	0.9943823	792.92377	0.06952512	0.98115325	1.0
SPIKE	S94:C>A	56	401059	1.3963033E-4	980.4632	39.285713	TRUE	C	8.707719E-6	31.0	6.006602E-4	0.999643	205.61908	0.11272283	0.97159475	0.0
SPIKE	S94:C>T	36	401059	8.9762354E-5	149.34811	37.916668	TRUE	C	1.480483E-4	754.0	4.6499752E-4	0.9939484	1301.5743	0.078784786	0.9768161	0.0
SPIKE	S95:G>A	48	401059	1.19683136E-4	243.86972	38.458332	TRUE	G	1.5072587E-4	819.0	5.4676016E-4	0.9938393	1022.64124	0.073849864	0.97364515	0.0
SPIKE	D95-98:GTC>	2	401059	4.9867976E-6	9999.0	39.84514	TRUE		NaN	NaN	NaN	NaN	NaN	NaN	NaN	NaN
SPIKE	S95:G>C	0	401059	0.0	9999.0	0.0	TRUE	G	7.0517385E-6	41.0	3.579363E-4	0.9997109	728.242	0.06900429	0.98074234	0.0
SPIKE	S95:G>T	0	401059	0.0	9999.0	0.0	TRUE	G	1.0744208E-4	6.0	4.1686787E-4	0.9956046	543.1411	0.07936903	0.977341	1.0
SPIKE	S96:T>C	11	401059	2.7427386E-5	0.008903152	38.81818	TRUE	T	5.270805E-4	2986.0	4.0704678E-4	0.97862154	2573.846	0.07082266	0.97222227	0.0
SPIKE	S96:T>A	2	401059	4.9867976E-6	3.1201992	40.0	TRUE	T	4.672265E-5	194.0	5.422881E-4	0.9980862	324.6699	0.096642815	0.97952276	0.0
SPIKE	S96:T>G	0	401059	0.0	9999.0	0.0	TRUE	T	1.4000667E-5	86.0	2.925027E-4	0.9994261	1428.5737	0.06531089	0.9777334	0.0
SPIKE	S97:C>T	38	401059	9.474915E-5	193.62236	39.026318	TRUE	C	1.2114828E-4	617.0	4.6499752E-4	0.99504524	1301.5743	0.078784786	0.9768161	0.0
SPIKE	S97:C>A	63	401059	1.5708413E-4	1170.9014	38.650795	TRUE	C	7.5841417E-6	27.0	6.006602E-4	0.9996891	205.61908	0.11272283	0.97159475	0.0
SPIKE	S97:C>G	0	401059	0.0	9999.0	0.0	TRUE	C	1.3740317E-4	7.0	3.871519E-4	0.9943823	792.92377	0.06952512	0.98115325	1.0
SPIKE	S98:A>C	7	401059	1.745379E-5	61.330708	37.0	TRUE	A	1.1638499E-5	50.0	4.934922E-4	0.9995229	401.6575	0.09340059	0.9678501	0.0
SPIKE	S98:A>T	2	401059	4.9867976E-6	21.28986	38.0	TRUE	A	3.9391075E-6	15.0	5.52992E-4	0.99983853	333.54282	0.10537924	0.97258335	0.0
SPIKE	S98:A>G	77	401059	1.919917E-4	225.48866	39.03896	TRUE	A	4.3308866E-4	2610.0	3.96511E-4	0.98240006	2708.3125	0.06657586	0.9766856	0.0
SPIKE	I98:>GTC	1	401059	2.4933988E-6	9999.0	39.813316	TRUE		NaN	NaN	NaN	NaN	NaN	NaN	NaN	NaN
SPIKE	D98-101:ATC>	8	401059	1.994719E-5	9999.0	39.813316	TRUE		NaN	NaN	NaN	NaN	NaN	NaN	NaN	NaN
SPIKE	S99:T>C	4	401059	9.973595E-6	0.0016203077	37.25	TRUE	T	3.427965E-4	1942.0	4.0704678E-4	0.98604363	2573.846	0.07082266	0.97222227	0.0
SPIKE	S99:T>A	5	401059	1.2466993E-5	36.008305	38.6	TRUE	T	1.3727788E-5	57.0	5.422881E-4	0.99943733	324.6699	0.096642815	0.97952276	0.0
SPIKE	S99:T>G	1	401059	2.4933988E-6	8.831815	40.0	TRUE	T	5.8607443E-6	36.0	2.925027E-4	0.99975973	1428.5737	0.06531089	0.9777334	0.0
SPIKE	S100:C>T	43	401059	1.0721615E-4	163.11598	39.023254	TRUE	C	1.9477973E-4	992.0	4.6499752E-4	0.9920458	1301.5743	0.078784786	0.9768161	0.0
SPIKE	S100:C>A	42	401059	1.0472275E-4	669.927	38.690475	TRUE	C	9.550401E-6	34.0	6.006602E-4	0.9996085	205.61908	0.11272283	0.97159475	0.0
SPIKE	S100:C>G	2	401059	4.9867976E-6	27.456465	38.5	TRUE	C	1.9061541E-6	11.0	3.871519E-4	0.99992186	792.92377	0.06952512	0.98115325	0.0
SPIKE	S101:G>C	1	401059	2.4933988E-6	10.332412	40.0	TRUE	G	4.1278468E-6	24.0	3.579363E-4	0.9998308	728.242	0.06900429	0.98074234	0.0
SPIKE	S101:G>T	2	401059	4.9867976E-6	0.41904864	38.0	TRUE	G	1.0744208E-4	9.0	4.1686787E-4	0.9956046	543.1411	0.07936903	0.977341	1.0
SPIKE	S101:G>A	33	401059	8.228216E-5	117.99443	38.424244	TRUE	G	1.6084788E-4	874.0	5.4676016E-4	0.9934269	1022.64124	0.073849864	0.97364515	0.0
SPIKE	D102-104:TG>	1	401059	2.4933988E-6	9999.0	39.750854	TRUE		NaN	NaN	NaN	NaN	NaN	NaN	NaN	NaN
SPIKE	S102:T>C	12	401059	2.9920784E-5	0.06261728	37.583332	TRUE	T	4.7747916E-4	2705.0	4.0704678E-4	0.9806137	2573.846	0.07082266	0.97222227	0.0
SPIKE	S102:T>A	9	401059	2.2440589E-5	67.10714	38.666668	TRUE	T	1.9267072E-5	80.0	5.422881E-4	0.99921036	324.6699	0.096642815	0.97952276	0.0
SPIKE	D102-103:T>	1	401059	2.4933988E-6	9999.0	39.750854	TRUE		NaN	NaN	NaN	NaN	NaN	NaN	NaN	NaN
SPIKE	S102:T>G	0	401059	0.0	9999.0	0.0	TRUE	T	1.5628651E-5	96.0	2.925027E-4	0.9993594	1428.5737	0.06531089	0.9777334	0.0
SPIKE	I103:>G	1	401059	2.4933988E-6	9999.0	39.926254	TRUE		NaN	NaN	NaN	NaN	NaN	NaN	NaN	NaN
SPIKE	S103:G>T	1	401059	2.4933988E-6	0.118266806	35.0	TRUE	G	1.0744208E-4	6.0	4.1686787E-4	0.9956046	543.1411	0.07936903	0.977341	1.0
SPIKE	S103:G>A	35	401059	8.7268956E-5	200.59546	38.771427	TRUE	G	9.496282E-5	516.0	5.4676016E-4	0.9961141	1022.64124	0.073849864	0.97364515	0.0
SPIKE	S103:G>C	0	401059	0.0	9999.0	0.0	TRUE	G	2.235917E-6	13.0	3.579363E-4	0.9999083	728.242	0.06900429	0.98074234	0.0
SPIKE	S104:G>A	30	401059	7.480196E-5	129.02098	38.933334	TRUE	G	1.2017582E-4	653.0	5.4676016E-4	0.9950849	1022.64124	0.073849864	0.97364515	0.0
SPIKE	S104:G>C	0	401059	0.0	9999.0	0.0	TRUE	G	6.0197767E-6	35.0	3.579363E-4	0.99975324	728.242	0.06900429	0.98074234	0.0
SPIKE	S104:G>T	0	401059	0.0	9999.0	0.0	TRUE	G	2.9672422E-6	15.0	4.1686787E-4	0.99987835	543.1411	0.07936903	0.977341	0.0
SPIKE	S105:C>T	44	401059	1.09709545E-4	121.095146	38.704544	TRUE	C	2.6801848E-4	1365.0	4.6499752E-4	0.98907137	1301.5743	0.078784786	0.9768161	0.0
SPIKE	S105:C>A	14	401059	3.490758E-5	131.92741	38.357143	TRUE	C	1.6853648E-5	60.0	6.006602E-4	0.99930924	205.61908	0.11272283	0.97159475	0.0
SPIKE	S105:C>G	6	401059	1.4960392E-5	61.622074	38.666668	TRUE	C	7.278043E-6	42.0	3.871519E-4	0.9997016	792.92377	0.06952512	0.98115325	0.0
SPIKE	D105-106:C>	1	401059	2.4933988E-6	9999.0	39.843987	TRUE		NaN	NaN	NaN	NaN	NaN	NaN	NaN	NaN
SPIKE	D105-107:CG>	1	401059	2.4933988E-6	9999.0	39.843987	TRUE		NaN	NaN	NaN	NaN	NaN	NaN	NaN	NaN
SPIKE	D106-109:GGC>	2	401059	4.9867976E-6	9999.0	39.84647	TRUE		NaN	NaN	NaN	NaN	NaN	NaN	NaN	NaN
SPIKE	S106:G>T	6	401059	1.4960392E-5	49.121075	39.333332	TRUE	G	1.2066785E-5	61.0	4.1686787E-4	0.9995054	543.1411	0.07936903	0.977341	0.0
SPIKE	S106:G>A	60	401059	1.4960392E-4	199.92026	38.533333	TRUE	G	3.0329212E-4	1648.0	5.4676016E-4	0.987642	1022.64124	0.073849864	0.97364515	0.0
SPIKE	S106:G>C	0	401059	0.0	9999.0	0.0	TRUE	G	4.471834E-6	26.0	3.579363E-4	0.99981666	728.242	0.06900429	0.98074234	0.0
SPIKE	S107:G>C	1	401059	2.4933988E-6	8.717843	40.0	TRUE	G	6.0197767E-6	35.0	3.579363E-4	0.99975324	728.242	0.06900429	0.98074234	0.0
SPIKE	S107:G>T	1	401059	2.4933988E-6	12.053429	37.0	TRUE	G	2.769426E-6	14.0	4.1686787E-4	0.99988645	543.1411	0.07936903	0.977341	0.0
SPIKE	S107:G>A	27	401059	6.7321766E-5	72.79299	38.74074	TRUE	G	1.7520273E-4	952.0	5.4676016E-4	0.99284244	1022.64124	0.073849864	0.97364515	0.0
SPIKE	S108:C>T	38	401059	9.474915E-5	127.835266	38.94737	TRUE	C	1.9458338E-4	991.0	4.6499752E-4	0.9920538	1301.5743	0.078784786	0.9768161	0.0
SPIKE	S108:C>A	2	401059	4.9867976E-6	17.168377	38.0	TRUE	C	6.460565E-6	23.0	6.006602E-4	0.9997352	205.61908	0.11272283	0.97159475	0.0
SPIKE	S108:C>G	2	401059	4.9867976E-6	0.1507971	40.0	TRUE	C	1.3740317E-4	4.0	3.871519E-4	0.9943823	792.92377	0.06952512	0.98115325	1.0
SPIKE	S109:A>C	10	401059	2.4933986E-5	107.76725	39.5	TRUE	A	9.310799E-6	40.0	4.934922E-4	0.99961835	401.6575	0.09340059	0.9678501	0.0
SPIKE	S109:A>T	3	401059	7.480196E-6	26.345581	38.333332	TRUE	A	7.0903934E-6	27.0	5.52992E-4	0.9997093	333.54282	0.10537924	0.97258335	0.0
SPIKE	S109:A>G	116	401059	2.8923425E-4	468.7366	38.793102	TRUE	A	4.6212715E-4	2785.0	3.96511E-4	0.98123115	2708.3125	0.06657586	0.9766856	0.0
SPIKE	S110:G>T	1	401059	2.4933988E-6	12.37385	37.0	TRUE	G	2.57161E-6	13.0	4.1686787E-4	0.99989456	543.1411	0.07936903	0.977341	0.0
SPIKE	S110:G>A	31	401059	7.729536E-5	111.87981	38.580647	TRUE	G	1.5054183E-4	818.0	5.4676016E-4	0.9938468	1022.64124	0.073849864	0.97364515	0.0
SPIKE	S110:G>C	0	401059	0.0	9999.0	0.0	TRUE	G	1.2525298E-4	7.0	3.579363E-4	0.9948778	728.242	0.06900429	0.98074234	1.0
SPIKE	S111:C>T	37	401059	9.225575E-5	145.12534	38.027027	TRUE	C	1.6159649E-4	823.0	4.6499752E-4	0.99339646	1301.5743	0.078784786	0.9768161	0.0
SPIKE	S111:C>A	9	401059	2.2440589E-5	129.66693	37.11111	TRUE	C	3.651624E-6	13.0	6.006602E-4	0.9998503	205.61908	0.11272283	0.97159475	0.0
SPIKE	S111:C>G	4	401059	9.973595E-6	51.244347	38.75	TRUE	C	3.1191612E-6	18.0	3.871519E-4	0.99987215	792.92377	0.06952512	0.98115325	0.0
SPIKE	S112:G>A	40	401057	9.973645E-5	200.57498	38.825	TRUE	G	1.2974636E-4	705.0	5.4676016E-4	0.99469453	1022.63617	0.073849864	0.97364515	0.0
SPIKE	S112:G>C	0	401057	0.0	9999.0	0.0	TRUE	G	1.2525298E-4	9.0	3.579363E-4	0.9948778	728.23834	0.06900429	0.98074234	1.0
SPIKE	S112:G>T	0	401057	0.0	9999.0	0.0	TRUE	G	1.0744208E-4	4.0	4.1686787E-4	0.9956046	543.13837	0.07936903	0.977341	1.0
SPIKE	D113-115:TG>	3	401057	7.4802333E-6	9999.0	39.713646	TRUE		NaN	NaN	NaN	NaN	NaN	NaN	NaN	NaN
SPIKE	S113:T>C	14	401057	3.4907756E-5	7.859884E-6	38.357143	TRUE	T	8.760595E-4	4963.0	4.0704678E-4	0.964719	2573.833	0.07082266	0.97222227	0.0
SPIKE	S113:T>G	1	401057	2.493411E-6	2.5935206	38.0	TRUE	T	2.881547E-5	177.0	2.925027E-4	0.9988193	1428.5667	0.06531089	0.9777334	0.0
SPIKE	S113:T>A	2	401057	4.986822E-6	5.917311	37.5	TRUE	T	2.8659912E-5	119.0	5.422881E-4	0.9988256	324.66827	0.096642815	0.97952276	0.0
SPIKE	S114:G>T	1	401057	2.493411E-6	13.509594	40.0	TRUE	G	1.9781712E-6	10.0	4.1686787E-4	0.9999189	543.13837	0.07936903	0.977341	0.0
SPIKE	S114:G>A	31	401057	7.729574E-5	167.61394	38.903225	TRUE	G	9.2754846E-5	504.0	5.4676016E-4	0.99620426	1022.63617	0.073849864	0.97364515	0.0
SPIKE	S114:G>C	0	401057	0.0	9999.0	0.0	TRUE	G	1.2525298E-4	7.0	3.579363E-4	0.9948778	728.23834	0.06900429	0.98074234	1.0
SPIKE	S115:A>T	16	401057	3.9894578E-5	121.07093	38.125	TRUE	A	2.9674757E-5	113.0	5.52992E-4	0.99878407	333.54114	0.10537924	0.97258335	0.0
SPIKE	S115:A>C	1	401057	2.493411E-6	5.7292247	40.0	TRUE	A	1.2336871E-5	53.0	4.934922E-4	0.9994943	401.6555	0.09340059	0.9678501	0.0
SPIKE	S115:A>G	96	401057	2.3936747E-4	318.55942	38.708332	TRUE	A	4.745746E-4	2860.0	3.96511E-4	0.98073053	2708.299	0.06657586	0.9766856	0.0
SPIKE	D115-116:A>	1	401057	2.493411E-6	9999.0	39.758408	TRUE		NaN	NaN	NaN	NaN	NaN	NaN	NaN	NaN
SPIKE	S116:C>T	27	401057	6.73221E-5	163.26945	37.666668	TRUE	C	6.931209E-5	353.0	4.6499752E-4	0.9971622	1301.5679	0.078784786	0.9768161	0.0
SPIKE	S116:C>G	1	401057	2.493411E-6	0.036302634	38.0	TRUE	C	1.3740317E-4	5.0	3.871519E-4	0.9943823	792.9198	0.06952512	0.98115325	1.0
SPIKE	S116:C>A	2	401057	4.986822E-6	21.928345	38.5	TRUE	C	3.6516421E-6	13.0	6.006602E-4	0.9998503	205.61806	0.11272283	0.97159475	0.0
SPIKE	S117:C>T	45	401057	1.122035E-4	222.10442	38.644444	TRUE	C	1.4765635E-4	752.0	4.6499752E-4	0.9939644	1301.5679	0.078784786	0.9768161	0.0
SPIKE	S117:C>G	1	401057	2.493411E-6	0.036302634	37.0	TRUE	C	1.3740317E-4	3.0	3.871519E-4	0.9943823	792.9198	0.06952512	0.98115325	1.0
SPIKE	S117:C>A	7	401057	1.7453878E-5	51.314106	38.142857	TRUE	C	1.6572836E-5	59.0	6.006602E-4	0.99932075	205.61806	0.11272283	0.97159475	0.0
SPIKE	S118:T>C	15	401057	3.740117E-5	1.6861404	39.066666	TRUE	T	3.7792532E-4	2141.0	4.0704678E-4	0.9846245	2573.833	0.07082266	0.97222227	0.0
SPIKE	S118:T>A	1	401057	2.493411E-6	1.0710483	37.0	TRUE	T	5.0576316E-5	210.0	5.422881E-4	0.9979285	324.66827	0.096642815	0.97952276	0.0
SPIKE	S118:T>G	0	401057	0.0	9999.0	0.0	TRUE	T	1.9047513E-5	117.0	2.925027E-4	0.99921936	1428.5667	0.06531089	0.9777334	0.0
SPIKE	S119:A>T	17	401057	4.238799E-5	123.10116	38.588234	TRUE	A	3.387649E-5	129.0	5.52992E-4	0.99861205	333.54114	0.10537924	0.97258335	0.0
SPIKE	S119:A>C	1	401057	2.493411E-6	6.5827646	38.0	TRUE	A	1.0009159E-5	43.0	4.934922E-4	0.9995897	401.6555	0.09340059	0.9678501	0.0
SPIKE	S119:A>G	60	401057	1.4960468E-4	193.5372	38.133335	TRUE	A	3.1311967E-4	1887.0	3.96511E-4	0.9872441	2708.299	0.06657586	0.9766856	0.0
SPIKE	S120:T>C	15	401057	3.740117E-5	0.007414352	38.6	TRUE	T	6.577066E-4	3726.0	4.0704678E-4	0.9733944	2573.833	0.07082266	0.97222227	0.0
SPIKE	S120:T>G	1	401057	2.493411E-6	5.1323953	32.0	TRUE	T	1.4326335E-5	88.0	2.925027E-4	0.9994128	1428.5667	0.06531089	0.9777334	0.0
SPIKE	S120:T>A	2	401057	4.986822E-6	14.771132	37.0	TRUE	T	8.670226E-6	36.0	5.422881E-4	0.9996446	324.66827	0.096642815	0.97952276	0.0
SPIKE	S121:G>T	1	401057	2.493411E-6	9.389236	40.0	TRUE	G	5.1432453E-6	26.0	4.1686787E-4	0.9997892	543.13837	0.07936903	0.977341	0.0
SPIKE	S121:G>C	1	401057	2.493411E-6	0.058761306	40.0	TRUE	G	1.2525298E-4	9.0	3.579363E-4	0.9948778	728.23834	0.06900429	0.98074234	1.0
SPIKE	S121:G>A	46	401057	1.14696915E-4	222.2828	38.326088	TRUE	G	1.5495949E-4	842.0	5.4676016E-4	0.9936668	1022.63617	0.073849864	0.97364515	0.0
SPIKE	S122:T>C	21	401057	5.2361633E-5	0.43226218	38.333332	TRUE	T	6.1657786E-4	3493.0	4.0704678E-4	0.97503716	2573.833	0.07082266	0.97222227	0.0
SPIKE	S122:T>A	6	401057	1.4960467E-5	23.528393	39.166668	TRUE	T	3.6848458E-5	153.0	5.422881E-4	0.99849033	324.66827	0.096642815	0.97952276	0.0
SPIKE	S122:T>G	0	401057	0.0	9999.0	0.0	TRUE	T	1.8070717E-5	111.0	2.925027E-4	0.99925935	1428.5667	0.06531089	0.9777334	0.0
SPIKE	S123:G>A	32	401057	7.9789155E-5	188.89598	38.0	TRUE	G	8.373702E-5	455.0	5.4676016E-4	0.9965727	1022.63617	0.073849864	0.97364515	0.0
SPIKE	S123:G>C	0	401057	0.0	9999.0	0.0	TRUE	G	1.2525298E-4	6.0	3.579363E-4	0.9948778	728.23834	0.06900429	0.98074234	1.0
SPIKE	S123:G>T	0	401057	0.0	9999.0	0.0	TRUE	G	3.7585255E-6	19.0	4.1686787E-4	0.9998459	543.13837	0.07936903	0.977341	0.0
SPIKE	D124-126:TG>	11	401057	2.7427523E-5	9999.0	39.17615	TRUE		NaN	NaN	NaN	NaN	NaN	NaN	NaN	NaN
SPIKE	S124:T>C	18	401057	4.4881403E-5	0.0025460839	38.61111	TRUE	T	7.93449E-4	4495.0	4.0704678E-4	0.96799207	2573.833	0.07082266	0.97222227	0.0
SPIKE	S124:T>A	3	401057	7.4802333E-6	25.710892	38.0	TRUE	T	7.4660275E-6	31.0	5.422881E-4	0.99969393	324.66827	0.096642815	0.97952276	0.0
SPIKE	S124:T>G	0	401057	0.0	9999.0	0.0	TRUE	T	1.6768325E-5	103.0	2.925027E-4	0.99931276	1428.5667	0.06531089	0.9777334	0.0
SPIKE	I125:>G	1	401057	2.493411E-6	9999.0	39.314648	TRUE		NaN	NaN	NaN	NaN	NaN	NaN	NaN	NaN
SPIKE	S125:G>A	37	401057	9.225621E-5	162.49797	37.89189	TRUE	G	1.4336513E-4	779.0	5.4676016E-4	0.99413925	1022.63617	0.073849864	0.97364515	0.0
SPIKE	S125:G>C	0	401057	0.0	9999.0	0.0	TRUE	G	4.98784E-6	29.0	3.579363E-4	0.9997955	728.23834	0.06900429	0.98074234	0.0
SPIKE	S125:G>T	0	401057	0.0	9999.0	0.0	TRUE	G	1.0744208E-4	8.0	4.1686787E-4	0.9956046	543.13837	0.07936903	0.977341	1.0
SPIKE	S126:C>T	43	401057	1.0721668E-4	161.6276	38.069767	TRUE	C	1.9674422E-4	1002.0	4.6499752E-4	0.99196595	1301.5679	0.078784786	0.9768161	0.0
SPIKE	S126:C>G	9	401057	2.2440701E-5	36.402763	38.22222	TRUE	C	4.7307516E-5	273.0	3.871519E-4	0.99806225	792.9198	0.06952512	0.98115325	0.0
SPIKE	S126:C>A	6	401057	1.4960467E-5	66.90347	38.166668	TRUE	C	5.898806E-6	21.0	6.006602E-4	0.9997582	205.61806	0.11272283	0.97159475	0.0
SPIKE	D126-127:C>	1	401057	2.493411E-6	9999.0	39.328064	TRUE		NaN	NaN	NaN	NaN	NaN	NaN	NaN	NaN
SPIKE	D126-128:CG>	4	401057	9.973644E-6	9999.0	39.328064	TRUE		NaN	NaN	NaN	NaN	NaN	NaN	NaN	NaN
SPIKE	S127:G>C	1	401057	2.493411E-6	2.6038542	37.0	TRUE	G	2.8723078E-5	167.0	3.579363E-4	0.99882305	728.23834	0.06900429	0.98074234	0.0
SPIKE	S127:G>A	44	401057	1.0971009E-4	183.74814	38.477272	TRUE	G	1.7833224E-4	969.0	5.4676016E-4	0.99271506	1022.63617	0.073849864	0.97364515	0.0
SPIKE	S127:G>T	0	401057	0.0	9999.0	0.0	TRUE	G	2.5716226E-6	13.0	4.1686787E-4	0.99989456	543.13837	0.07936903	0.977341	0.0
SPIKE	S128:G>A	27	401057	6.73221E-5	75.26613	37.814816	TRUE	G	1.7023459E-4	925.0	5.4676016E-4	0.9930447	1022.63617	0.073849864	0.97364515	0.0
SPIKE	S128:G>T	2	401057	4.986822E-6	18.742558	38.5	TRUE	G	5.3410627E-6	27.0	4.1686787E-4	0.999781	543.13837	0.07936903	0.977341	0.0
SPIKE	S128:G>C	0	401057	0.0	9999.0	0.0	TRUE	G	1.1179641E-5	65.0	3.579363E-4	0.99954176	728.23834	0.06900429	0.98074234	0.0
SPIKE	S129:C>A	7	401057	1.7453878E-5	52.27956	37.57143	TRUE	C	1.6011047E-5	57.0	6.006602E-4	0.99934375	205.61806	0.11272283	0.97159475	0.0
SPIKE	S129:C>G	1	401057	2.493411E-6	1.6745533	37.0	TRUE	C	3.9336286E-5	227.0	3.871519E-4	0.9983885	792.9198	0.06952512	0.98115325	0.0
SPIKE	S129:C>T	58	401057	1.4461785E-4	295.30182	36.689655	TRUE	C	1.7926893E-4	913.0	4.6499752E-4	0.9926769	1301.5679	0.078784786	0.9768161	0.0
SPIKE	D130-133:GGC>	7	401057	1.7453878E-5	9999.0	39.300983	TRUE		NaN	NaN	NaN	NaN	NaN	NaN	NaN	NaN
SPIKE	S130:G>A	46	401057	1.14696915E-4	111.445755	37.913044	TRUE	G	3.10103E-4	1685.0	5.4676016E-4	0.98736626	1022.63617	0.073849864	0.97364515	0.0
SPIKE	S130:G>T	2	401057	4.986822E-6	16.145493	38.5	TRUE	G	7.3192336E-6	37.0	4.1686787E-4	0.99969995	543.13837	0.07936903	0.977341	0.0
SPIKE	S130:G>C	0	401057	0.0	9999.0	0.0	TRUE	G	2.8551083E-5	166.0	3.579363E-4	0.9988301	728.23834	0.06900429	0.98074234	0.0
SPIKE	S131:G>A	38	401057	9.474962E-5	125.22617	37.5	TRUE	G	1.9857635E-4	1079.0	5.4676016E-4	0.99189144	1022.63617	0.073849864	0.97364515	0.0
SPIKE	S131:G>C	0	401057	0.0	9999.0	0.0	TRUE	G	5.8478123E-5	340.0	3.579363E-4	0.99760526	728.23834	0.06900429	0.98074234	0.0
SPIKE	S131:G>T	0	401057	0.0	9999.0	0.0	TRUE	G	2.1759884E-6	11.0	4.1686787E-4	0.9999108	543.13837	0.07936903	0.977341	0.0
SPIKE	S132:C>A	5	401057	1.2467056E-5	32.294548	37.6	TRUE	C	1.6572836E-5	59.0	6.006602E-4	0.99932075	205.61806	0.11272283	0.97159475	0.0
SPIKE	S132:C>G	4	401057	9.973644E-6	15.078603	37.75	TRUE	C	3.0152043E-5	174.0	3.871519E-4	0.9987645	792.9198	0.06952512	0.98115325	0.0
SPIKE	S132:C>T	34	401057	8.477598E-5	160.84567	34.058823	TRUE	C	1.20952536E-4	616.0	4.6499752E-4	0.99505323	1301.5679	0.078784786	0.9768161	0.0
SPIKE	S133:A>G	0	401057	0.0	9999.0	0.0	TRUE	A	9.391931E-5	566.0	3.96511E-4	0.9961567	2708.299	0.06657586	0.9766856	0.0
SPIKE	S133:A>C	0	401057	0.0	9999.0	0.0	TRUE	A	1.6107762E-4	692.0	4.934922E-4	0.99341756	401.6555	0.09340059	0.9678501	0.0
SPIKE	S133:A>T	0	401057	0.0	9999.0	0.0	TRUE	A	8.7590735E-5	3.0	5.52992E-4	0.9964152	333.54114	0.10537924	0.97258335	1.0
SPIKE	S134:G>A	0	401057	0.0	9999.0	0.0	TRUE	G	5.0775916E-4	2759.0	5.4676016E-4	0.97939706	1022.63617	0.073849864	0.97364515	0.0
SPIKE	S134:G>C	0	401057	0.0	9999.0	0.0	TRUE	G	4.9706403E-5	289.0	3.579363E-4	0.9979641	728.23834	0.06900429	0.98074234	0.0
SPIKE	S134:G>T	0	401057	0.0	9999.0	0.0	TRUE	G	9.851293E-5	498.0	4.1686787E-4	0.9959691	543.13837	0.07936903	0.977341	0.0
SPIKE	S135:C>A	0	401057	0.0	9999.0	0.0	TRUE	C	2.6404181E-5	94.0	6.006602E-4	0.998918	205.61806	0.11272283	0.97159475	0.0
SPIKE	S135:C>G	0	401057	0.0	9999.0	0.0	TRUE	C	9.045613E-5	522.0	3.871519E-4	0.9962982	792.9198	0.06952512	0.98115325	0.0
SPIKE	S135:C>T	0	401057	0.0	9999.0	0.0	TRUE	C	1.6316811E-4	831.0	4.6499752E-4	0.99333245	1301.5679	0.078784786	0.9768161	0.0
SPIKE	S136:C>A	0	401057	0.0	9999.0	0.0	TRUE	C	1.4887463E-4	530.0	6.006602E-4	0.9939147	205.61806	0.11272283	0.97159475	0.0
SPIKE	S136:C>G	0	401057	0.0	9999.0	0.0	TRUE	C	3.0671905E-5	177.0	3.871519E-4	0.99874324	792.9198	0.06952512	0.98115325	0.0
SPIKE	S136:C>T	0	401057	0.0	9999.0	0.0	TRUE	C	3.3890273E-4	1726.0	4.6499752E-4	0.9862011	1301.5679	0.078784786	0.9768161	0.0
SPIKE	S137:T>A	0	401057	0.0	9999.0	0.0	TRUE	T	5.4911427E-5	228.0	5.422881E-4	0.9977512	324.66827	0.096642815	0.97952276	0.0
SPIKE	S137:T>G	0	401057	0.0	9999.0	0.0	TRUE	T	1.7093922E-4	1050.0	2.925027E-4	0.993016	1428.5667	0.06531089	0.9777334	0.0
SPIKE	S137:T>C	0	401057	0.0	9999.0	0.0	TRUE	T	1.2162099E-4	689.0	4.0704678E-4	0.99502593	2573.833	0.07082266	0.97222227	0.0
SPIKE	S138:G>A	0	401057	0.0	9999.0	0.0	TRUE	G	4.923E-4	2675.0	5.4676016E-4	0.980018	1022.63617	0.073849864	0.97364515	0.0
SPIKE	S138:G>C	0	401057	0.0	9999.0	0.0	TRUE	G	5.503823E-6	32.0	3.579363E-4	0.9997744	728.23834	0.06900429	0.98074234	0.0
SPIKE	S138:G>T	0	401057	0.0	9999.0	0.0	TRUE	G	2.2135736E-4	1119.0	4.1686787E-4	0.9909654	543.13837	0.07936903	0.977341	0.0
SPIKE	S139:A>G	0	401057	0.0	9999.0	0.0	TRUE	A	1.2942943E-4	780.0	3.96511E-4	0.99470747	2708.299	0.06657586	0.9766856	0.0
SPIKE	S139:A>C	0	401057	0.0	9999.0	0.0	TRUE	A	7.2159055E-6	31.0	4.934922E-4	0.9997042	401.6555	0.09340059	0.9678501	0.0
SPIKE	S139:A>T	0	401057	0.0	9999.0	0.0	TRUE	A	7.468585E-4	2844.0	5.52992E-4	0.9698429	333.54114	0.10537924	0.97258335	0.0
SPIKE	S140:T>A	0	401057	0.0	9999.0	0.0	TRUE	T	1.6882856E-4	701.0	5.422881E-4	0.99310195	324.66827	0.096642815	0.97952276	0.0
SPIKE	S140:T>G	0	401057	0.0	9999.0	0.0	TRUE	T	1.17866664E-4	724.0	2.925027E-4	0.9951791	1428.5667	0.06531089	0.9777334	0.0
SPIKE	S140:T>C	0	401057	0.0	9999.0	0.0	TRUE	T	6.3546526E-5	360.0	4.0704678E-4	0.99739796	2573.833	0.07082266	0.97222227	0.0
SPIKE	S141:T>A	0	401057	0.0	9999.0	0.0	TRUE	T	0.0010531916	4373.0	5.422881E-4	0.95773816	324.66827	0.096642815	0.97952276	0.0
SPIKE	S141:T>G	0	401057	0.0	9999.0	0.0	TRUE	T	8.546961E-5	525.0	2.925027E-4	0.99650186	1428.5667	0.06531089	0.9777334	0.0
SPIKE	S141:T>C	0	401057	0.0	9999.0	0.0	TRUE	T	2.647772E-4	1500.0	4.0704678E-4	0.98920286	2573.833	0.07082266	0.97222227	0.0
SPIKE	S142:A>G	0	401057	0.0	9999.0	0.0	TRUE	A	0.0012114927	7301.0	3.96511E-4	0.95154226	2708.299	0.06657586	0.9766856	0.0
SPIKE	S142:A>C	0	401057	0.0	9999.0	0.0	TRUE	A	3.403114E-4	1462.0	4.934922E-4	0.9861441	401.6555	0.09340059	0.9678501	0.0
SPIKE	S142:A>T	0	401057	0.0	9999.0	0.0	TRUE	A	1.4338423E-4	546.0	5.52992E-4	0.9941385	333.54114	0.10537924	0.97258335	0.0
SPIKE	S143:G>A	0	401057	0.0	9999.0	0.0	TRUE	G	2.357519E-4	1281.0	5.4676016E-4	0.99038076	1022.63617	0.073849864	0.97364515	0.0
SPIKE	S143:G>C	0	401057	0.0	9999.0	0.0	TRUE	G	0.00174626	10153.0	3.579363E-4	0.9309063	728.23834	0.06900429	0.98074234	0.0
SPIKE	S143:G>T	0	401057	0.0	9999.0	0.0	TRUE	G	1.305593E-5	66.0	4.1686787E-4	0.99946487	543.13837	0.07936903	0.977341	0.0
SPIKE	S144:C>A	0	401057	0.0	9999.0	0.0	TRUE	C	5.3370154E-6	19.0	6.006602E-4	0.9997812	205.61806	0.11272283	0.97159475	0.0
SPIKE	S144:C>G	0	401057	0.0	9999.0	0.0	TRUE	C	3.0983824E-4	1788.0	3.871519E-4	0.987377	792.9198	0.06952512	0.98115325	0.0
SPIKE	S144:C>T	0	401057	0.0	9999.0	0.0	TRUE	C	1.2762849E-4	650.0	4.6499752E-4	0.9947809	1301.5679	0.078784786	0.9768161	0.0
SPIKE	S145:C>A	0	401057	0.0	9999.0	0.0	TRUE	C	1.011224E-5	36.0	6.006602E-4	0.9995855	205.61806	0.11272283	0.97159475	0.0
SPIKE	S145:C>G	0	401057	0.0	9999.0	0.0	TRUE	C	1.4937391E-4	862.0	3.871519E-4	0.9938944	792.9198	0.06952512	0.98115325	0.0
SPIKE	S145:C>T	0	401057	0.0	9999.0	0.0	TRUE	C	2.774447E-4	1413.0	4.6499752E-4	0.98868924	1301.5679	0.078784786	0.9768161	0.0
SPIKE	S146:C>A	0	401057	0.0	9999.0	0.0	TRUE	C	5.05612E-6	18.0	6.006602E-4	0.9997927	205.61806	0.11272283	0.97159475	0.0
SPIKE	S146:C>G	0	401057	0.0	9999.0	0.0	TRUE	C	0.0021459938	12384.0	3.871519E-4	0.9157739	792.9198	0.06952512	0.98115325	0.0
SPIKE	S146:C>T	0	401057	0.0	9999.0	0.0	TRUE	C	3.4204434E-4	1742.0	4.6499752E-4	0.98607403	1301.5679	0.078784786	0.9768161	0.0
SPIKE	S147:G>A	0	401057	0.0	9999.0	0.0	TRUE	G	1.707867E-4	928.0	5.4676016E-4	0.9930222	1022.63617	0.073849864	0.97364515	0.0
SPIKE	S147:G>C	0	401057	0.0	9999.0	0.0	TRUE	G	4.738448E-4	2755.0	3.579363E-4	0.98075986	728.23834	0.06900429	0.98074234	0.0
SPIKE	S147:G>T	0	401057	0.0	9999.0	0.0	TRUE	G	0.00228914	11572.0	4.1686787E-4	0.910415	543.13837	0.07936903	0.977341	0.0
SPIKE	S148:T>A	0	401057	0.0	9999.0	0.0	TRUE	T	4.094273E-6	17.0	5.422881E-4	0.99983215	324.66827	0.096642815	0.97952276	0.0
SPIKE	S148:T>G	0	401057	0.0	9999.0	0.0	TRUE	T	0.0028467078	17486.0	2.925027E-4	0.88983876	1428.5667	0.06531089	0.9777334	0.0
SPIKE	S148:T>C	0	401057	0.0	9999.0	0.0	TRUE	T	3.4403385E-4	1949.0	4.0704678E-4	0.9859936	2573.833	0.07082266	0.97222227	0.0
SPIKE	S149:G>A	0	401057	0.0	9999.0	0.0	TRUE	G	1.496224E-4	813.0	5.4676016E-4	0.99388427	1022.63617	0.073849864	0.97364515	0.0
SPIKE	S149:G>C	0	401057	0.0	9999.0	0.0	TRUE	G	0.002022827	11761.0	3.579363E-4	0.92041016	728.23834	0.06900429	0.98074234	0.0
SPIKE	S149:G>T	0	401057	0.0	9999.0	0.0	TRUE	G	7.048224E-4	3563.0	4.1686787E-4	0.97151583	543.13837	0.07936903	0.977341	0.0
SPIKE	S150:C>A	0	401045	0.0	9999.0	0.0	TRUE	C	4.775367E-6	17.0	6.006602E-4	0.99980426	205.61191	0.11272283	0.97159475	0.0
SPIKE	S150:C>G	0	401045	0.0	9999.0	0.0	TRUE	C	0.0010456487	6034.0	3.871519E-4	0.9580344	792.8961	0.06952512	0.98115325	0.0
SPIKE	S150:C>T	0	401045	0.0	9999.0	0.0	TRUE	C	0.0029541969	15045.0	4.6499752E-4	0.8859258	1301.5289	0.078784786	0.9768161	0.0
SPIKE	S151:T>A	0	401011	0.0	9999.0	0.0	TRUE	T	6.7442825E-6	28.0	5.422881E-4	0.9997235	324.63104	0.096642815	0.97952276	0.0
SPIKE	S151:T>G	0	401011	0.0	9999.0	0.0	TRUE	T	0.0030738397	18879.0	2.925027E-4	0.88159066	1428.4028	0.06531089	0.9777334	0.0
SPIKE	S151:T>C	0	401011	0.0	9999.0	0.0	TRUE	T	5.758682E-4	3262.0	4.0704678E-4	0.976666	2573.5378	0.07082266	0.97222227	0.0
SPIKE	S152:G>A	0	400927	0.0	9999.0	0.0	TRUE	G	2.266235E-4	1231.0	5.4676016E-4	0.99075145	1022.3047	0.073849864	0.97364515	0.0
SPIKE	S152:G>C	0	400927	0.0	9999.0	0.0	TRUE	G	6.7099595E-6	39.0	3.579363E-4	0.9997249	728.0023	0.06900429	0.98074234	0.0
SPIKE	S152:G>T	0	400927	0.0	9999.0	0.0	TRUE	G	4.7827902E-4	2417.0	4.1686787E-4	0.9805816	542.96234	0.07936903	0.977341	0.0
SPIKE	S153:G>A	0	400467	0.0	9999.0	0.0	TRUE	G	8.3676074E-5	454.0	5.4676016E-4	0.9965752	1021.1318	0.073849864	0.97364515	0.0
SPIKE	S153:G>C	0	400467	0.0	9999.0	0.0	TRUE	G	5.856428E-6	34.0	3.579363E-4	0.9997599	727.16705	0.06900429	0.98074234	0.0
SPIKE	S153:G>T	0	400467	0.0	9999.0	0.0	TRUE	G	7.726234E-6	39.0	4.1686787E-4	0.99968326	542.33936	0.07936903	0.977341	0.0
