#pipeline_block
reference	mutation	count	coverage	freq	score	cqs	has.reference	ancestral.allele	error.rate	minor.count.local	minor.fdr	minor.recall	minor.count.global	read.fraction.in.minors	q.filtered.read.fraction	global.est
SPIKE	S0:T>A	0	0	NaN	9999.0	0.0	FALSE	A	1.590029E-4	0.0	0.0015007107	0.9761213	0.0	0.02748563	0.98227274	1.0
SPIKE	S0:T>G	0	0	NaN	9999.0	0.0	FALSE	A	3.4760567E-4	0.0	4.5087622E-4	0.9485355	0.0	0.022759695	0.9804364	1.0
SPIKE	S0:T>C	0	0	NaN	9999.0	0.0	FALSE	A	4.4542432E-4	0.0	0.0016494414	0.9345366	0.0	0.0313953	0.97058165	1.0
SPIKE	S1:A>G	0	0	NaN	9999.0	0.0	FALSE	A	5.761318E-4	0.0	0.0013453648	0.9161529	0.0	0.028711045	0.97300595	1.0
SPIKE	S1:A>C	0	0	NaN	9999.0	0.0	FALSE	A	9.1300644E-5	0.0	0.002108211	0.98621815	0.0	0.032967035	0.9688911	1.0
SPIKE	S1:A>T	0	0	NaN	9999.0	0.0	FALSE	A	1.1167032E-4	0.0	0.001879994	0.9831694	0.0	0.028513493	0.9783272	1.0
SPIKE	S2:G>A	0	0	NaN	9999.0	0.0	FALSE	A	1.8882881E-4	0.0	0.0022029588	0.97170603	0.0	0.030325424	0.97489995	1.0
SPIKE	S2:G>C	0	0	NaN	9999.0	0.0	FALSE	A	2.0933099E-4	0.0	7.8468706E-4	0.9686826	0.0	0.023276726	0.98290503	1.0
SPIKE	S2:G>T	0	0	NaN	9999.0	0.0	FALSE	A	1.5208447E-4	0.0	9.765844E-4	0.9771483	0.0	0.023487134	0.9828144	1.0
SPIKE	S3:C>A	0	0	NaN	9999.0	0.0	FALSE	A	3.1694068E-5	0.0	0.003520256	0.9951941	0.0	0.035874233	0.96777284	1.0
SPIKE	S3:C>G	0	0	NaN	9999.0	0.0	FALSE	A	2.1189054E-4	0.0	9.146358E-4	0.96830577	0.0	0.023705792	0.983998	1.0
SPIKE	S3:C>T	0	0	NaN	9999.0	0.0	FALSE	A	3.2839683E-4	0.0	0.0013613913	0.951309	0.0	0.028721165	0.98076326	1.0
SPIKE	S4:G>A	0	0	NaN	9999.0	0.0	FALSE	A	1.8882881E-4	0.0	0.0022029588	0.97170603	0.0	0.030325424	0.97489995	1.0
SPIKE	S4:G>C	0	0	NaN	9999.0	0.0	FALSE	A	2.0933099E-4	0.0	7.8468706E-4	0.9686826	0.0	0.023276726	0.98290503	1.0
SPIKE	S4:G>T	0	0	NaN	9999.0	0.0	FALSE	A	1.5208447E-4	0.0	9.765844E-4	0.9771483	0.0	0.023487134	0.9828144	1.0
SPIKE	S5:T>A	0	0	NaN	9999.0	0.0	FALSE	A	1.590029E-4	0.0	0.0015007107	0.9761213	0.0	0.02748563	0.98227274	1.0
SPIKE	S5:T>G	0	0	NaN	9999.0	0.0	FALSE	A	3.4760567E-4	0.0	4.5087622E-4	0.9485355	0.0	0.022759695	0.9804364	1.0
SPIKE	S5:T>C	0	0	NaN	9999.0	0.0	FALSE	A	4.4542432E-4	0.0	0.0016494414	0.9345366	0.0	0.0313953	0.97058165	1.0
SPIKE	S6:G>A	0	0	NaN	9999.0	0.0	FALSE	A	1.8882881E-4	0.0	0.0022029588	0.97170603	0.0	0.030325424	0.97489995	1.0
SPIKE	S6:G>C	0	0	NaN	9999.0	0.0	FALSE	A	2.0933099E-4	0.0	7.8468706E-4	0.9686826	0.0	0.023276726	0.98290503	1.0
SPIKE	S6:G>T	0	0	NaN	9999.0	0.0	FALSE	A	1.5208447E-4	0.0	9.765844E-4	0.9771483	0.0	0.023487134	0.9828144	1.0
SPIKE	S7:A>G	0	0	NaN	9999.0	0.0	FALSE	A	5.761318E-4	0.0	0.0013453648	0.9161529	0.0	0.028711045	0.97300595	1.0
SPIKE	S7:A>C	0	0	NaN	9999.0	0.0	FALSE	A	9.1300644E-5	0.0	0.002108211	0.98621815	0.0	0.032967035	0.9688911	1.0
SPIKE	S7:A>T	0	0	NaN	9999.0	0.0	FALSE	A	1.1167032E-4	0.0	0.001879994	0.9831694	0.0	0.028513493	0.9783272	1.0
SPIKE	S8:A>G	0	0	NaN	9999.0	0.0	FALSE	A	5.761318E-4	0.0	0.0013453648	0.9161529	0.0	0.028711045	0.97300595	1.0
SPIKE	S8:A>C	0	0	NaN	9999.0	0.0	FALSE	A	9.1300644E-5	0.0	0.002108211	0.98621815	0.0	0.032967035	0.9688911	1.0
SPIKE	S8:A>T	0	0	NaN	9999.0	0.0	FALSE	A	1.1167032E-4	0.0	0.001879994	0.9831694	0.0	0.028513493	0.9783272	1.0
SPIKE	S9:G>A	0	0	NaN	9999.0	0.0	FALSE	A	1.8882881E-4	0.0	0.0022029588	0.97170603	0.0	0.030325424	0.97489995	1.0
SPIKE	S9:G>C	0	0	NaN	9999.0	0.0	FALSE	A	2.0933099E-4	0.0	7.8468706E-4	0.9686826	0.0	0.023276726	0.98290503	1.0
SPIKE	S9:G>T	0	0	NaN	9999.0	0.0	FALSE	A	1.5208447E-4	0.0	9.765844E-4	0.9771483	0.0	0.023487134	0.9828144	1.0
SPIKE	S10:A>G	0	0	NaN	9999.0	0.0	FALSE	A	5.761318E-4	0.0	0.0013453648	0.9161529	0.0	0.028711045	0.97300595	1.0
SPIKE	S10:A>C	0	0	NaN	9999.0	0.0	FALSE	A	9.1300644E-5	0.0	0.002108211	0.98621815	0.0	0.032967035	0.9688911	1.0
SPIKE	S10:A>T	0	0	NaN	9999.0	0.0	FALSE	A	1.1167032E-4	0.0	0.001879994	0.9831694	0.0	0.028513493	0.9783272	1.0
SPIKE	S11:C>A	0	0	NaN	9999.0	0.0	FALSE	A	3.1694068E-5	0.0	0.003520256	0.9951941	0.0	0.035874233	0.96777284	1.0
SPIKE	S11:C>G	0	0	NaN	9999.0	0.0	FALSE	A	2.1189054E-4	0.0	9.146358E-4	0.96830577	0.0	0.023705792	0.983998	1.0
SPIKE	S11:C>T	0	0	NaN	9999.0	0.0	FALSE	A	3.2839683E-4	0.0	0.0013613913	0.951309	0.0	0.028721165	0.98076326	1.0
SPIKE	S12:G>A	0	0	NaN	9999.0	0.0	FALSE	A	1.8882881E-4	0.0	0.0022029588	0.97170603	0.0	0.030325424	0.97489995	1.0
SPIKE	S12:G>C	0	0	NaN	9999.0	0.0	FALSE	A	2.0933099E-4	0.0	7.8468706E-4	0.9686826	0.0	0.023276726	0.98290503	1.0
SPIKE	S12:G>T	0	0	NaN	9999.0	0.0	FALSE	A	1.5208447E-4	0.0	9.765844E-4	0.9771483	0.0	0.023487134	0.9828144	1.0
SPIKE	S13:A>G	0	0	NaN	9999.0	0.0	FALSE	A	5.761318E-4	0.0	0.0013453648	0.9161529	0.0	0.028711045	0.97300595	1.0
SPIKE	S13:A>C	0	0	NaN	9999.0	0.0	FALSE	A	9.1300644E-5	0.0	0.002108211	0.98621815	0.0	0.032967035	0.9688911	1.0
SPIKE	S13:A>T	0	0	NaN	9999.0	0.0	FALSE	A	1.1167032E-4	0.0	0.001879994	0.9831694	0.0	0.028513493	0.9783272	1.0
SPIKE	S14:C>A	0	0	NaN	9999.0	0.0	FALSE	A	3.1694068E-5	0.0	0.003520256	0.9951941	0.0	0.035874233	0.96777284	1.0
SPIKE	S14:C>G	0	0	NaN	9999.0	0.0	FALSE	A	2.1189054E-4	0.0	9.146358E-4	0.96830577	0.0	0.023705792	0.983998	1.0
SPIKE	S14:C>T	0	0	NaN	9999.0	0.0	FALSE	A	3.2839683E-4	0.0	0.0013613913	0.951309	0.0	0.028721165	0.98076326	1.0
SPIKE	S15:A>G	0	0	NaN	9999.0	0.0	FALSE	A	5.761318E-4	0.0	0.0013453648	0.9161529	0.0	0.028711045	0.97300595	1.0
SPIKE	S15:A>C	0	0	NaN	9999.0	0.0	FALSE	A	9.1300644E-5	0.0	0.002108211	0.98621815	0.0	0.032967035	0.9688911	1.0
SPIKE	S15:A>T	0	0	NaN	9999.0	0.0	FALSE	A	1.1167032E-4	0.0	0.001879994	0.9831694	0.0	0.028513493	0.9783272	1.0
SPIKE	S16:G>A	0	0	NaN	9999.0	0.0	FALSE	A	1.8882881E-4	0.0	0.0022029588	0.97170603	0.0	0.030325424	0.97489995	1.0
SPIKE	S16:G>C	0	0	NaN	9999.0	0.0	FALSE	A	2.0933099E-4	0.0	7.8468706E-4	0.9686826	0.0	0.023276726	0.98290503	1.0
SPIKE	S16:G>T	0	0	NaN	9999.0	0.0	FALSE	A	1.5208447E-4	0.0	9.765844E-4	0.9771483	0.0	0.023487134	0.9828144	1.0
SPIKE	S17:A>G	0	0	NaN	9999.0	0.0	FALSE	A	5.761318E-4	0.0	0.0013453648	0.9161529	0.0	0.028711045	0.97300595	1.0
SPIKE	S17:A>C	0	0	NaN	9999.0	0.0	FALSE	A	9.1300644E-5	0.0	0.002108211	0.98621815	0.0	0.032967035	0.9688911	1.0
SPIKE	S17:A>T	0	0	NaN	9999.0	0.0	FALSE	A	1.1167032E-4	0.0	0.001879994	0.9831694	0.0	0.028513493	0.9783272	1.0
SPIKE	S18:A>G	0	0	NaN	9999.0	0.0	FALSE	A	5.761318E-4	0.0	0.0013453648	0.9161529	0.0	0.028711045	0.97300595	1.0
SPIKE	S18:A>C	0	0	NaN	9999.0	0.0	FALSE	A	9.1300644E-5	0.0	0.002108211	0.98621815	0.0	0.032967035	0.9688911	1.0
SPIKE	S18:A>T	0	0	NaN	9999.0	0.0	FALSE	A	1.1167032E-4	0.0	0.001879994	0.9831694	0.0	0.028513493	0.9783272	1.0
SPIKE	S19:C>A	0	0	NaN	9999.0	0.0	FALSE	A	3.1694068E-5	0.0	0.003520256	0.9951941	0.0	0.035874233	0.96777284	1.0
SPIKE	S19:C>G	0	0	NaN	9999.0	0.0	FALSE	A	2.1189054E-4	0.0	9.146358E-4	0.96830577	0.0	0.023705792	0.983998	1.0
SPIKE	S19:C>T	0	0	NaN	9999.0	0.0	FALSE	A	3.2839683E-4	0.0	0.0013613913	0.951309	0.0	0.028721165	0.98076326	1.0
SPIKE	S20:C>A	0	0	NaN	9999.0	0.0	FALSE	A	3.1694068E-5	0.0	0.003520256	0.9951941	0.0	0.035874233	0.96777284	1.0
SPIKE	S20:C>G	0	0	NaN	9999.0	0.0	FALSE	A	2.1189054E-4	0.0	9.146358E-4	0.96830577	0.0	0.023705792	0.983998	1.0
SPIKE	S20:C>T	0	0	NaN	9999.0	0.0	FALSE	A	3.2839683E-4	0.0	0.0013613913	0.951309	0.0	0.028721165	0.98076326	1.0
SPIKE	S21:A>G	0	0	NaN	9999.0	0.0	FALSE	A	5.761318E-4	0.0	0.0013453648	0.9161529	0.0	0.028711045	0.97300595	1.0
SPIKE	S21:A>C	0	0	NaN	9999.0	0.0	FALSE	A	9.1300644E-5	0.0	0.002108211	0.98621815	0.0	0.032967035	0.9688911	1.0
SPIKE	S21:A>T	0	0	NaN	9999.0	0.0	FALSE	A	1.1167032E-4	0.0	0.001879994	0.9831694	0.0	0.028513493	0.9783272	1.0
SPIKE	S22:A>G	0	0	NaN	9999.0	0.0	FALSE	A	5.761318E-4	0.0	0.0013453648	0.9161529	0.0	0.028711045	0.97300595	1.0
SPIKE	S22:A>C	0	0	NaN	9999.0	0.0	FALSE	A	9.1300644E-5	0.0	0.002108211	0.98621815	0.0	0.032967035	0.9688911	1.0
SPIKE	S22:A>T	0	0	NaN	9999.0	0.0	FALSE	A	1.1167032E-4	0.0	0.001879994	0.9831694	0.0	0.028513493	0.9783272	1.0
SPIKE	S23:A>G	0	0	NaN	9999.0	0.0	FALSE	A	5.761318E-4	0.0	0.0013453648	0.9161529	0.0	0.028711045	0.97300595	1.0
SPIKE	S23:A>C	0	0	NaN	9999.0	0.0	FALSE	A	9.1300644E-5	0.0	0.002108211	0.98621815	0.0	0.032967035	0.9688911	1.0
SPIKE	S23:A>T	0	0	NaN	9999.0	0.0	FALSE	A	1.1167032E-4	0.0	0.001879994	0.9831694	0.0	0.028513493	0.9783272	1.0
SPIKE	S24:A>G	0	0	NaN	9999.0	0.0	FALSE	A	5.761318E-4	0.0	0.0013453648	0.9161529	0.0	0.028711045	0.97300595	1.0
SPIKE	S24:A>C	0	0	NaN	9999.0	0.0	FALSE	A	9.1300644E-5	0.0	0.002108211	0.98621815	0.0	0.032967035	0.9688911	1.0
SPIKE	S24:A>T	0	0	NaN	9999.0	0.0	FALSE	A	1.1167032E-4	0.0	0.001879994	0.9831694	0.0	0.028513493	0.9783272	1.0
SPIKE	S25:A>G	0	0	NaN	9999.0	0.0	FALSE	A	5.761318E-4	0.0	0.0013453648	0.9161529	0.0	0.028711045	0.97300595	1.0
SPIKE	S25:A>C	0	0	NaN	9999.0	0.0	FALSE	A	9.1300644E-5	0.0	0.002108211	0.98621815	0.0	0.032967035	0.9688911	1.0
SPIKE	S25:A>T	0	0	NaN	9999.0	0.0	FALSE	A	1.1167032E-4	0.0	0.001879994	0.9831694	0.0	0.028513493	0.9783272	1.0
SPIKE	S26:T>A	0	71726	0.0	9999.0	0.0	TRUE	T	5.3567932E-5	140.0	0.0015007107	0.9918907	415.5547	0.02748563	0.98227274	0.0
SPIKE	S26:T>G	0	71726	0.0	9999.0	0.0	TRUE	T	2.3153509E-5	73.0	4.5087622E-4	0.99648684	1095.9554	0.022759695	0.9804364	0.0
SPIKE	S26:T>C	0	71726	0.0	9999.0	0.0	TRUE	T	4.452924E-4	1019.0	0.0016494414	0.93455535	1019.3019	0.0313953	0.97058165	0.0
SPIKE	S27:G>A	0	73715	0.0	9999.0	0.0	TRUE	G	9.3179224E-5	227.0	0.0022029588	0.9859366	460.01822	0.030325424	0.97489995	0.0
SPIKE	S27:G>C	0	73715	0.0	9999.0	0.0	TRUE	G	2.0933099E-4	2.0	7.8468706E-4	0.9686826	663.4504	0.023276726	0.98290503	1.0
SPIKE	S27:G>T	0	73715	0.0	9999.0	0.0	TRUE	G	6.181573E-4	1942.0	9.765844E-4	0.91031927	477.78778	0.023487134	0.9828144	0.0
SPIKE	S28:G>A	0	74258	0.0	9999.0	0.0	TRUE	G	8.434827E-5	207.0	0.0022029588	0.9872609	463.4068	0.030325424	0.97489995	0.0
SPIKE	S28:G>C	0	74258	0.0	9999.0	0.0	TRUE	G	7.517076E-6	24.0	7.8468706E-4	0.99885803	668.33746	0.023276726	0.98290503	0.0
SPIKE	S28:G>T	0	74258	0.0	9999.0	0.0	TRUE	G	1.4219193E-5	45.0	9.765844E-4	0.997841	481.30725	0.023487134	0.9828144	0.0
SPIKE	S29:G>A	0	74264	0.0	9999.0	0.0	TRUE	G	1.1327017E-4	278.0	0.0022029588	0.9829303	463.44424	0.030325424	0.97489995	0.0
SPIKE	S29:G>C	0	74264	0.0	9999.0	0.0	TRUE	G	7.516469E-6	24.0	7.8468706E-4	0.99885815	668.3915	0.023276726	0.98290503	0.0
SPIKE	S29:G>T	0	74264	0.0	9999.0	0.0	TRUE	G	2.9068002E-5	92.0	9.765844E-4	0.9955914	481.34613	0.023487134	0.9828144	0.0
SPIKE	S30:A>G	10	74280	1.3462573E-4	1.3692235	39.9	TRUE	A	0.0014672034	3801.0	0.0013453648	0.80010295	1492.5519	0.028711045	0.97300595	0.0
SPIKE	S30:A>T	1	74280	1.3462574E-5	7.505716	38.0	TRUE	A	4.3295197E-5	113.0	0.001879994	0.99344075	291.45834	0.028513493	0.9783272	0.0
SPIKE	S30:A>C	0	74280	0.0	9999.0	0.0	TRUE	A	9.300595E-6	21.0	0.002108211	0.9985873	206.14957	0.032967035	0.9688911	0.0
SPIKE	S31:T>A	4	74280	5.3850297E-5	2.6254992	37.25	TRUE	T	5.2760605E-4	1428.0	0.0015007107	0.9229353	430.35165	0.02748563	0.98227274	0.0
SPIKE	S31:T>C	4	74280	5.3850297E-5	2.4251313	39.5	TRUE	T	5.44756E-4	1291.0	0.0016494414	0.9205325	1055.5969	0.0313953	0.97058165	0.0
SPIKE	S31:T>G	0	74280	0.0	9999.0	0.0	TRUE	T	4.2877227E-6	14.0	4.5087622E-4	0.99934846	1134.98	0.022759695	0.9804364	0.0
SPIKE	S32:C>T	7	74280	9.423802E-5	5.1365585	39.57143	TRUE	C	7.0315076E-4	1821.0	0.0013613913	0.8986345	850.4728	0.028721165	0.98076326	0.0
SPIKE	S32:C>A	1	74280	1.3462574E-5	13.354903	39.0	TRUE	C	1.1068966E-5	23.0	0.003520256	0.9983189	65.856514	0.035874233	0.96777284	0.0
SPIKE	S32:C>G	0	74280	0.0	9999.0	0.0	TRUE	C	2.1189054E-4	9.0	9.146358E-4	0.96830577	664.5481	0.023705792	0.983998	1.0
SPIKE	S33:C>T	2	74280	2.6925149E-5	8.999103	39.5	TRUE	C	9.885041E-5	256.0	0.0013613913	0.98508704	850.4728	0.028721165	0.98076326	0.0
SPIKE	S33:C>A	0	74280	0.0	9999.0	0.0	TRUE	C	1.0106447E-5	21.0	0.003520256	0.998465	65.856514	0.035874233	0.96777284	0.0
SPIKE	S33:C>G	0	74280	0.0	9999.0	0.0	TRUE	C	2.1189054E-4	2.0	9.146358E-4	0.96830577	664.5481	0.023705792	0.983998	1.0
SPIKE	S34:A>T	2	74280	2.6925149E-5	19.228313	40.0	TRUE	A	2.7203178E-5	71.0	0.001879994	0.99587363	291.45834	0.028513493	0.9783272	0.0
SPIKE	S34:A>G	10	74280	1.3462573E-4	33.24494	39.7	TRUE	A	3.4122803E-4	884.0	0.0013453648	0.94945544	1492.5519	0.028711045	0.97300595	0.0
SPIKE	S34:A>C	0	74280	0.0	9999.0	0.0	TRUE	A	5.68222E-4	1283.0	0.002108211	0.917255	206.14957	0.032967035	0.9688911	0.0
SPIKE	D35-36:T>	3	74280	4.0387724E-5	9999.0	39.54526	TRUE		NaN	NaN	NaN	NaN	NaN	NaN	NaN	NaN
SPIKE	S35:T>A	0	74280	0.0	9999.0	0.0	TRUE	T	5.098714E-4	1380.0	0.0015007107	0.9254266	430.35165	0.02748563	0.98227274	0.0
SPIKE	S35:T>G	0	74280	0.0	9999.0	0.0	TRUE	T	6.431584E-6	21.0	4.5087622E-4	0.9990229	1134.98	0.022759695	0.9804364	0.0
SPIKE	S35:T>C	0	74280	0.0	9999.0	0.0	TRUE	T	4.7217816E-4	1119.0	0.0016494414	0.93074393	1055.5969	0.0313953	0.97058165	0.0
SPIKE	S36:T>C	5	74280	6.731287E-5	13.024992	40.0	TRUE	T	2.6499364E-4	628.0	0.0016494414	0.9605214	1055.5969	0.0313953	0.97058165	0.0
SPIKE	S36:T>A	0	74280	0.0	9999.0	0.0	TRUE	T	1.7734657E-5	48.0	0.0015007107	0.99730796	430.35165	0.02748563	0.98227274	0.0
SPIKE	S36:T>G	0	74280	0.0	9999.0	0.0	TRUE	T	3.4760567E-4	7.0	4.5087622E-4	0.9485355	1134.98	0.022759695	0.9804364	1.0
SPIKE	S37:A>T	1	74280	1.3462574E-5	0.4179218	39.0	TRUE	A	4.0421623E-4	1055.0	0.001879994	0.9404085	291.45834	0.028513493	0.9783272	0.0
SPIKE	S37:A>G	11	74280	1.4808831E-4	60.07392	39.545456	TRUE	A	2.0226638E-4	524.0	0.0013453648	0.96972334	1492.5519	0.028711045	0.97300595	0.0
SPIKE	S37:A>C	0	74280	0.0	9999.0	0.0	TRUE	A	6.6432817E-6	15.0	0.002108211	0.9989907	206.14957	0.032967035	0.9688911	0.0
SPIKE	S38:T>C	4	74280	5.3850297E-5	6.4687133	39.5	TRUE	T	3.3208597E-4	787.0	0.0016494414	0.95077574	1055.5969	0.0313953	0.97058165	0.0
SPIKE	S38:T>A	1	74280	1.3462574E-5	0.4113986	40.0	TRUE	T	4.0641925E-4	1100.0	0.0015007107	0.9400937	430.35165	0.02748563	0.98227274	0.0
SPIKE	S38:T>G	1	74280	1.3462574E-5	16.377846	39.0	TRUE	T	5.5127866E-6	18.0	4.5087622E-4	0.99916244	1134.98	0.022759695	0.9804364	0.0
SPIKE	S39:C>T	9	74280	1.2116317E-4	11.865997	39.88889	TRUE	C	6.309436E-4	1634.0	0.0013613913	0.90855175	850.4728	0.028721165	0.98076326	0.0
SPIKE	S39:C>A	25	74280	3.3656435E-4	456.74817	38.84	TRUE	C	1.8769117E-5	39.0	0.003520256	0.99715114	65.856514	0.035874233	0.96777284	0.0
SPIKE	D39-40:C>	1	74280	1.3462574E-5	9999.0	39.67764	TRUE		NaN	NaN	NaN	NaN	NaN	NaN	NaN	NaN
SPIKE	S39:C>G	0	74280	0.0	9999.0	0.0	TRUE	C	6.0581324E-6	19.0	9.146358E-4	0.9990796	664.5481	0.023705792	0.983998	0.0
SPIKE	S40:G>T	1	74280	1.3462574E-5	14.818369	40.0	TRUE	G	7.897212E-6	25.0	9.765844E-4	0.99880034	481.44986	0.023487134	0.9828144	0.0
SPIKE	S40:G>A	8	74280	1.07700595E-4	33.61978	39.375	TRUE	G	2.2404738E-4	550.0	0.0022029588	0.96651816	463.5441	0.030325424	0.97489995	0.0
SPIKE	S40:G>C	0	74280	0.0	9999.0	0.0	TRUE	G	3.0623013E-4	978.0	7.8468706E-4	0.9545197	668.53546	0.023276726	0.98290503	0.0
SPIKE	S41:G>T	1	74280	1.3462574E-5	17.334408	39.0	TRUE	G	4.422439E-6	14.0	9.765844E-4	0.999328	481.44986	0.023487134	0.9828144	0.0
SPIKE	S41:G>A	2	74280	2.6925149E-5	11.62961	38.0	TRUE	G	6.9658374E-5	171.0	0.0022029588	0.9894678	463.5441	0.030325424	0.97489995	0.0
SPIKE	S41:G>C	0	74280	0.0	9999.0	0.0	TRUE	G	6.262375E-6	20.0	7.8468706E-4	0.9990486	668.53546	0.023276726	0.98290503	0.0
SPIKE	D42-44:CG>	1	74280	1.3462574E-5	9999.0	39.664364	TRUE		NaN	NaN	NaN	NaN	NaN	NaN	NaN	NaN
SPIKE	S42:C>T	5	74280	6.731287E-5	22.035563	39.0	TRUE	C	1.5445377E-4	400.0	0.0013613913	0.97679645	850.4728	0.028721165	0.98076326	0.0
SPIKE	S42:C>A	4	74280	5.3850297E-5	57.680183	39.75	TRUE	C	1.1550225E-5	24.0	0.003520256	0.9982459	65.856514	0.035874233	0.96777284	0.0
SPIKE	S42:C>G	0	74280	0.0	9999.0	0.0	TRUE	C	3.1980564E-4	1003.0	9.146358E-4	0.95255214	664.5481	0.023705792	0.983998	0.0
SPIKE	S43:G>A	9	74280	1.2116317E-4	46.16903	39.555557	TRUE	G	1.8942189E-4	465.0	0.0022029588	0.9716184	463.5441	0.030325424	0.97489995	0.0
SPIKE	S43:G>C	0	74280	0.0	9999.0	0.0	TRUE	G	3.024727E-4	966.0	7.8468706E-4	0.955065	668.53546	0.023276726	0.98290503	0.0
SPIKE	S43:G>T	0	74280	0.0	9999.0	0.0	TRUE	G	7.5813236E-6	24.0	9.765844E-4	0.9988483	481.44986	0.023487134	0.9828144	0.0
SPIKE	S44:G>A	7	74280	9.423802E-5	45.909363	37.857143	TRUE	G	1.0876483E-4	267.0	0.0022029588	0.98360366	463.5441	0.030325424	0.97489995	0.0
SPIKE	S44:G>C	0	74280	0.0	9999.0	0.0	TRUE	G	9.706681E-6	31.0	7.8468706E-4	0.9985257	668.53546	0.023276726	0.98290503	0.0
SPIKE	S44:G>T	0	74280	0.0	9999.0	0.0	TRUE	G	6.001881E-6	19.0	9.765844E-4	0.9990881	481.44986	0.023487134	0.9828144	0.0
SPIKE	S45:C>T	5	74280	6.731287E-5	41.657215	38.6	TRUE	C	5.598949E-5	145.0	0.0013613913	0.9915257	850.4728	0.028721165	0.98076326	0.0
SPIKE	S45:C>A	3	74280	4.0387724E-5	51.514366	38.333332	TRUE	C	5.2938535E-6	11.0	0.003520256	0.99919564	65.856514	0.035874233	0.96777284	0.0
SPIKE	S45:C>G	2	74280	2.6925149E-5	2.1666021	40.0	TRUE	C	3.111967E-4	976.0	9.146358E-4	0.9537994	664.5481	0.023705792	0.983998	0.0
SPIKE	S46:G>T	1	74280	1.3462574E-5	16.491653	40.0	TRUE	G	5.370104E-6	17.0	9.765844E-4	0.9991841	481.44986	0.023487134	0.9828144	0.0
SPIKE	S46:G>A	2	74280	2.6925149E-5	7.24439	39.5	TRUE	G	1.2668861E-4	311.0	0.0022029588	0.9809275	463.5441	0.030325424	0.97489995	0.0
SPIKE	S46:G>C	0	74280	0.0	9999.0	0.0	TRUE	G	2.9777593E-4	951.0	7.8468706E-4	0.9557471	668.53546	0.023276726	0.98290503	0.0
SPIKE	S47:A>T	2	74280	2.6925149E-5	28.071516	40.0	TRUE	A	9.578584E-6	25.0	0.001879994	0.9985451	291.45834	0.028513493	0.9783272	0.0
SPIKE	S47:A>G	21	74280	2.8271406E-4	51.14654	39.761906	TRUE	A	8.2566374E-4	2139.0	0.0013453648	0.882055	1492.5519	0.028711045	0.97300595	0.0
SPIKE	D47-48:A>	1	74280	1.3462574E-5	9999.0	39.632793	TRUE		NaN	NaN	NaN	NaN	NaN	NaN	NaN	NaN
SPIKE	S47:A>C	0	74280	0.0	9999.0	0.0	TRUE	A	4.4288545E-6	10.0	0.002108211	0.99932706	206.14957	0.032967035	0.9688911	0.0
SPIKE	S48:A>T	3	74280	4.0387724E-5	40.69949	39.333332	TRUE	A	1.2260587E-5	32.0	0.001879994	0.9981381	291.45834	0.028513493	0.9783272	0.0
SPIKE	S48:A>G	20	74280	2.6925147E-4	83.75529	39.85	TRUE	A	4.6822353E-4	1213.0	0.0013453648	0.93130356	1492.5519	0.028711045	0.97300595	0.0
SPIKE	S48:A>C	0	74280	0.0	9999.0	0.0	TRUE	A	8.857709E-6	20.0	0.002108211	0.99865454	206.14957	0.032967035	0.9688911	0.0
SPIKE	S49:T>C	2	74280	2.6925149E-5	0.5436926	39.5	TRUE	T	5.380046E-4	1275.0	0.0016494414	0.9214777	1055.5969	0.0313953	0.97058165	0.0
SPIKE	D49-50:T>	16	74280	2.1540119E-4	9999.0	39.555626	TRUE		NaN	NaN	NaN	NaN	NaN	NaN	NaN	NaN
SPIKE	S49:T>A	0	74280	0.0	9999.0	0.0	TRUE	T	3.846204E-4	1041.0	0.0015007107	0.9432138	430.35165	0.02748563	0.98227274	0.0
SPIKE	S49:T>G	0	74280	0.0	9999.0	0.0	TRUE	T	6.73785E-6	22.0	4.5087622E-4	0.99897635	1134.98	0.022759695	0.9804364	0.0
SPIKE	S50:T>C	3	74280	4.0387724E-5	2.5844092	39.333332	TRUE	T	4.0719562E-4	965.0	0.0016494414	0.9399828	1055.5969	0.0313953	0.97058165	0.0
SPIKE	S50:T>A	0	74280	0.0	9999.0	0.0	TRUE	T	3.657773E-5	99.0	0.0015007107	0.99445564	430.35165	0.02748563	0.98227274	0.0
SPIKE	S50:T>G	0	74280	0.0	9999.0	0.0	TRUE	T	9.494243E-6	31.0	4.5087622E-4	0.9985579	1134.98	0.022759695	0.9804364	0.0
SPIKE	S51:T>C	3	74280	4.0387724E-5	4.308091	36.666668	TRUE	T	3.1014383E-4	735.0	0.0016494414	0.9539521	1055.5969	0.0313953	0.97058165	0.0
SPIKE	S51:T>A	3	74280	4.0387724E-5	29.245531	39.666668	TRUE	T	3.0296707E-5	82.0	0.0015007107	0.9954055	430.35165	0.02748563	0.98227274	0.0
SPIKE	S51:T>G	0	74280	0.0	9999.0	0.0	TRUE	T	3.9814568E-6	13.0	4.5087622E-4	0.999395	1134.98	0.022759695	0.9804364	0.0
SPIKE	S52:A>T	4	74280	5.3850297E-5	24.004955	39.25	TRUE	A	8.850611E-5	231.0	0.001879994	0.9866372	291.45834	0.028513493	0.9783272	0.0
SPIKE	S52:A>G	10	74280	1.3462573E-4	35.446083	39.6	TRUE	A	3.1961178E-4	828.0	0.0013453648	0.9525802	1492.5519	0.028711045	0.97300595	0.0
SPIKE	S52:A>C	0	74280	0.0	9999.0	0.0	TRUE	A	5.3146255E-6	12.0	0.002108211	0.9991925	206.14957	0.032967035	0.9688911	0.0
SPIKE	S53:C>T	8	74280	1.07700595E-4	62.362484	39.375	TRUE	C	8.7652516E-5	227.0	0.0013613913	0.9867652	850.4728	0.028721165	0.98076326	0.0
SPIKE	S53:C>A	16	74280	2.1540119E-4	148.51526	39.375	TRUE	C	1.05395804E-4	219.0	0.003520256	0.9841075	65.856514	0.035874233	0.96777284	0.0
SPIKE	D53-54:C>	7	74280	9.423802E-5	9999.0	39.81089	TRUE		NaN	NaN	NaN	NaN	NaN	NaN	NaN	NaN
SPIKE	S53:C>G	0	74280	0.0	9999.0	0.0	TRUE	C	9.246623E-6	29.0	9.146358E-4	0.9985955	664.5481	0.023705792	0.983998	0.0
SPIKE	S54:C>T	5	74280	6.731287E-5	24.833412	40.0	TRUE	C	1.3244411E-4	343.0	0.0013613913	0.98006976	850.4728	0.028721165	0.98076326	0.0
SPIKE	S54:C>G	1	74280	1.3462574E-5	1.6807781	40.0	TRUE	C	2.1189054E-4	6.0	9.146358E-4	0.96830577	664.5481	0.023705792	0.983998	1.0
SPIKE	S54:C>A	24	74280	3.231018E-4	411.1051	40.0	TRUE	C	2.358171E-5	49.0	0.003520256	0.996422	65.856514	0.035874233	0.96777284	0.0
SPIKE	S55:A>T	10	74280	1.3462573E-4	87.85217	40.0	TRUE	A	8.122639E-5	212.0	0.001879994	0.9877295	291.45834	0.028513493	0.9783272	0.0
SPIKE	S55:A>C	4	74280	5.3850297E-5	9.909061	40.0	TRUE	A	2.4314411E-4	549.0	0.002108211	0.9637167	206.14957	0.032967035	0.9688911	0.0
SPIKE	S55:A>G	18	74280	2.4232634E-4	83.5945	40.0	TRUE	A	3.7712645E-4	977.0	0.0013453648	0.9442888	1492.5519	0.028711045	0.97300595	0.0
SPIKE	S56:C>T	5	74280	6.731287E-5	34.417007	40.0	TRUE	C	8.031596E-5	208.0	0.0013613913	0.98786616	850.4728	0.028721165	0.98076326	0.0
SPIKE	S56:C>A	17	74280	2.2886376E-4	221.22618	40.0	TRUE	C	4.5719644E-5	95.0	0.003520256	0.9930747	65.856514	0.035874233	0.96777284	0.0
SPIKE	D56-57:C>	2	74280	2.6925149E-5	9999.0	39.99949	TRUE		NaN	NaN	NaN	NaN	NaN	NaN	NaN	NaN
SPIKE	S56:C>G	0	74280	0.0	9999.0	0.0	TRUE	C	6.0581324E-6	19.0	9.146358E-4	0.9990796	664.5481	0.023705792	0.983998	0.0
SPIKE	S57:C>T	10	74280	1.3462573E-4	78.756996	40.0	TRUE	C	1.01553356E-4	263.0	0.0013613913	0.98468244	850.4728	0.028721165	0.98076326	0.0
SPIKE	S57:C>G	1	74280	1.3462574E-5	1.6807781	40.0	TRUE	C	2.1189054E-4	7.0	9.146358E-4	0.96830577	664.5481	0.023705792	0.983998	1.0
SPIKE	S57:C>A	2	74280	2.6925149E-5	21.326763	40.0	TRUE	C	2.1175414E-5	44.0	0.003520256	0.99678653	65.856514	0.035874233	0.96777284	0.0
SPIKE	S58:A>T	1	74280	1.3462574E-5	8.967593	40.0	TRUE	A	3.0651467E-5	80.0	0.001879994	0.9953518	291.45834	0.028513493	0.9783272	0.0
SPIKE	S58:A>G	14	74280	1.8847604E-4	70.586494	40.0	TRUE	A	2.7444924E-4	711.0	0.0013453648	0.95914185	1492.5519	0.028711045	0.97300595	0.0
SPIKE	S58:A>C	0	74280	0.0	9999.0	0.0	TRUE	A	2.807894E-4	634.0	0.002108211	0.958218	206.14957	0.032967035	0.9688911	0.0
SPIKE	S59:T>C	15	74280	2.0193862E-4	39.036022	40.0	TRUE	T	5.890623E-4	1396.0	0.0016494414	0.914354	1055.5969	0.0313953	0.97058165	0.0
SPIKE	S59:T>A	2	74280	2.6925149E-5	3.455318	40.0	TRUE	T	2.3609263E-4	639.0	0.0015007107	0.9647502	430.35165	0.02748563	0.98227274	0.0
SPIKE	D59-60:T>	1	74280	1.3462574E-5	9999.0	40.0	TRUE		NaN	NaN	NaN	NaN	NaN	NaN	NaN	NaN
SPIKE	S59:T>G	0	74280	0.0	9999.0	0.0	TRUE	T	3.675191E-6	12.0	4.5087622E-4	0.9994415	1134.98	0.022759695	0.9804364	0.0
SPIKE	S60:T>C	6	74280	8.077545E-5	6.838865	40.0	TRUE	T	5.173283E-4	1226.0	0.0016494414	0.9243783	1055.5969	0.0313953	0.97058165	0.0
SPIKE	S60:T>G	1	74280	1.3462574E-5	9.100993	40.0	TRUE	T	2.9707793E-5	97.0	4.5087622E-4	0.9954946	1134.98	0.022759695	0.9804364	0.0
SPIKE	S60:T>A	4	74280	5.3850297E-5	55.266727	40.0	TRUE	T	1.33009935E-5	36.0	0.0015007107	0.9979803	430.35165	0.02748563	0.98227274	0.0
SPIKE	S61:G>T	1	74280	1.3462574E-5	2.3854496	40.0	TRUE	G	1.6615735E-4	526.0	9.765844E-4	0.97506034	481.44986	0.023487134	0.9828144	0.0
SPIKE	S61:G>A	8	74280	1.07700595E-4	46.237488	40.0	TRUE	G	1.4624184E-4	359.0	0.0022029588	0.9780165	463.5441	0.030325424	0.97489995	0.0
SPIKE	D61-62:G>	1	74280	1.3462574E-5	9999.0	39.99895	TRUE		NaN	NaN	NaN	NaN	NaN	NaN	NaN	NaN
SPIKE	S61:G>C	0	74280	0.0	9999.0	0.0	TRUE	G	2.0933099E-4	1.0	7.8468706E-4	0.9686826	668.53546	0.023276726	0.98290503	1.0
SPIKE	S62:A>T	3	74280	4.0387724E-5	17.4631	40.0	TRUE	A	8.04601E-5	210.0	0.001879994	0.9878445	291.45834	0.028513493	0.9783272	0.0
SPIKE	S62:A>G	18	74280	2.4232634E-4	29.870275	40.0	TRUE	A	9.4995723E-4	2461.0	0.0013453648	0.8655471	1492.5519	0.028711045	0.97300595	0.0
SPIKE	D62-63:A>	1	74280	1.3462574E-5	9999.0	40.0	TRUE		NaN	NaN	NaN	NaN	NaN	NaN	NaN	NaN
SPIKE	S62:A>C	0	74280	0.0	9999.0	0.0	TRUE	A	8.857709E-6	20.0	0.002108211	0.99865454	206.14957	0.032967035	0.9688911	0.0
SPIKE	S63:A>T	1	74280	1.3462574E-5	9.13066	40.0	TRUE	A	2.9502036E-5	77.0	0.001879994	0.9955257	291.45834	0.028513493	0.9783272	0.0
SPIKE	S63:A>C	2	74280	2.6925149E-5	33.135475	40.0	TRUE	A	5.3146255E-6	12.0	0.002108211	0.9991925	206.14957	0.032967035	0.9688911	0.0
SPIKE	S63:A>G	34	74280	4.5772752E-4	133.43745	40.0	TRUE	A	8.075215E-4	2092.0	0.0013453648	0.8844907	1492.5519	0.028711045	0.97300595	0.0
SPIKE	S64:A>G	20	74280	2.6925147E-4	56.289627	40.0	TRUE	A	7.013703E-4	1817.0	0.0013453648	0.8988777	1492.5519	0.028711045	0.97300595	0.0
SPIKE	S64:A>C	1	74280	1.3462574E-5	12.711073	40.0	TRUE	A	1.2843678E-5	29.0	0.002108211	0.9980497	206.14957	0.032967035	0.9688911	0.0
SPIKE	S64:A>T	0	74280	0.0	9999.0	0.0	TRUE	A	2.183917E-5	57.0	0.001879994	0.9966859	291.45834	0.028513493	0.9783272	0.0
SPIKE	S65:A>G	21	74280	2.8271406E-4	85.117424	40.0	TRUE	A	5.0721E-4	1314.0	0.0013453648	0.92580104	1492.5519	0.028711045	0.97300595	0.0
SPIKE	S65:A>C	3	74280	4.0387724E-5	10.643684	40.0	TRUE	A	1.5058105E-4	340.0	0.002108211	0.97737163	206.14957	0.032967035	0.9688911	0.0
SPIKE	S65:A>T	3	74280	4.0387724E-5	34.51468	40.0	TRUE	A	1.9923453E-5	52.0	0.001879994	0.9969762	291.45834	0.028513493	0.9783272	0.0
SPIKE	S66:C>A	4	74280	5.3850297E-5	12.70313	40.0	TRUE	C	1.944288E-4	404.0	0.003520256	0.97087926	65.856514	0.035874233	0.96777284	0.0
SPIKE	S66:C>T	3	74280	4.0387724E-5	17.936024	40.0	TRUE	C	7.722688E-5	200.0	0.0013613913	0.9883301	850.4728	0.028721165	0.98076326	0.0
SPIKE	D66-67:C>	4	74280	5.3850297E-5	9999.0	40.0	TRUE		NaN	NaN	NaN	NaN	NaN	NaN	NaN	NaN
SPIKE	S66:C>G	0	74280	0.0	9999.0	0.0	TRUE	C	4.145038E-6	13.0	9.146358E-4	0.99937016	664.5481	0.023705792	0.983998	0.0
SPIKE	S67:C>A	13	74280	1.7501347E-4	80.872116	40.0	TRUE	C	1.896162E-4	394.0	0.003520256	0.97158974	65.856514	0.035874233	0.96777284	0.0
SPIKE	S67:C>T	10	74280	1.3462573E-4	80.80927	40.0	TRUE	C	9.653361E-5	250.0	0.0013613913	0.985434	850.4728	0.028721165	0.98076326	0.0
SPIKE	S67:C>G	0	74280	0.0	9999.0	0.0	TRUE	C	2.1189054E-4	1.0	9.146358E-4	0.96830577	664.5481	0.023705792	0.983998	1.0
SPIKE	S68:A>G	19	74280	2.557889E-4	71.20883	40.0	TRUE	A	5.07596E-4	1315.0	0.0013453648	0.92574674	1492.5519	0.028711045	0.97300595	0.0
SPIKE	S68:A>C	2	74280	2.6925149E-5	7.174319	40.0	TRUE	A	1.279939E-4	289.0	0.002108211	0.980733	206.14957	0.032967035	0.9688911	0.0
SPIKE	S68:A>T	7	74280	9.423802E-5	59.15047	40.0	TRUE	A	6.781637E-5	177.0	0.001879994	0.98974484	291.45834	0.028513493	0.9783272	0.0
SPIKE	S69:G>A	6	74280	8.077545E-5	24.155334	40.0	TRUE	G	1.9308811E-4	474.0	0.0022029588	0.97107714	463.5441	0.030325424	0.97489995	0.0
SPIKE	S69:G>T	1	74280	1.3462574E-5	2.6670074	40.0	TRUE	G	1.5208447E-4	7.0	9.765844E-4	0.9771483	481.44986	0.023487134	0.9828144	1.0
SPIKE	S69:G>C	0	74280	0.0	9999.0	0.0	TRUE	G	1.0708661E-4	342.0	7.8468706E-4	0.9838546	668.53546	0.023276726	0.98290503	0.0
SPIKE	S70:C>A	15	74280	2.0193862E-4	245.54222	40.0	TRUE	C	1.8769117E-5	39.0	0.003520256	0.99715114	65.856514	0.035874233	0.96777284	0.0
SPIKE	S70:C>T	9	74280	1.2116317E-4	87.190544	40.0	TRUE	C	6.023697E-5	156.0	0.0013613913	0.9908858	850.4728	0.028721165	0.98076326	0.0
SPIKE	S70:C>G	0	74280	0.0	9999.0	0.0	TRUE	C	8.353846E-5	262.0	9.146358E-4	0.9873824	664.5481	0.023705792	0.983998	0.0
SPIKE	S71:C>A	2	74280	2.6925149E-5	20.772287	40.0	TRUE	C	2.2619191E-5	47.0	0.003520256	0.9965678	65.856514	0.035874233	0.96777284	0.0
SPIKE	S71:C>T	8	74280	1.07700595E-4	40.243675	40.0	TRUE	C	1.783941E-4	462.0	0.0013613913	0.9732484	850.4728	0.028721165	0.98076326	0.0
SPIKE	S71:C>G	0	74280	0.0	9999.0	0.0	TRUE	C	9.406048E-5	295.0	9.146358E-4	0.9858045	664.5481	0.023705792	0.983998	0.0
SPIKE	S72:G>A	13	74280	1.7501347E-4	89.903404	40.0	TRUE	G	1.5886997E-4	390.0	0.0022029588	0.976141	463.5441	0.030325424	0.97489995	0.0
SPIKE	S72:G>T	4	74280	5.3850297E-5	28.221233	40.0	TRUE	G	6.760014E-5	214.0	9.765844E-4	0.9897774	481.44986	0.023487134	0.9828144	0.0
SPIKE	S72:G>C	0	74280	0.0	9999.0	0.0	TRUE	G	8.9865076E-5	287.0	7.8468706E-4	0.9864334	668.53546	0.023276726	0.98290503	0.0
SPIKE	S73:T>A	3	74280	4.0387724E-5	25.172905	40.0	TRUE	T	4.2119813E-5	114.0	0.0015007107	0.99361825	430.35165	0.02748563	0.98227274	0.0
SPIKE	S73:T>C	8	74280	1.07700595E-4	15.700129	40.0	TRUE	T	4.5107992E-4	1069.0	0.0016494414	0.9337336	1055.5969	0.0313953	0.97058165	0.0
SPIKE	S73:T>G	0	74280	0.0	9999.0	0.0	TRUE	T	1.7242771E-4	563.0	4.5087622E-4	0.97413146	1134.98	0.022759695	0.9804364	0.0
SPIKE	S74:G>A	8	74280	1.07700595E-4	56.797237	40.0	TRUE	G	1.0428388E-4	256.0	0.0022029588	0.9842738	463.5441	0.030325424	0.97489995	0.0
SPIKE	S74:G>C	0	74280	0.0	9999.0	0.0	TRUE	G	1.09591565E-5	35.0	7.8468706E-4	0.9983356	668.53546	0.023276726	0.98290503	0.0
SPIKE	S74:G>T	0	74280	0.0	9999.0	0.0	TRUE	G	7.265435E-5	230.0	9.765844E-4	0.9890173	481.44986	0.023487134	0.9828144	0.0
SPIKE	S75:G>A	0	74280	0.0	9999.0	0.0	TRUE	G	8.065706E-5	198.0	0.0022029588	0.98781496	463.5441	0.030325424	0.97489995	0.0
SPIKE	S75:G>C	0	74280	0.0	9999.0	0.0	TRUE	G	4.0705436E-6	13.0	7.8468706E-4	0.9993815	668.53546	0.023276726	0.98290503	0.0
SPIKE	S75:G>T	0	74280	0.0	9999.0	0.0	TRUE	G	9.7293654E-5	308.0	9.765844E-4	0.98532015	481.44986	0.023487134	0.9828144	0.0
SPIKE	S76:T>A	1	74280	1.3462574E-5	12.104035	40.0	TRUE	T	1.4778881E-5	40.0	0.0015007107	0.9977561	430.35165	0.02748563	0.98227274	0.0
SPIKE	S76:T>G	1	74280	1.3462574E-5	3.3409917	40.0	TRUE	T	1.2465022E-4	407.0	4.5087622E-4	0.9812315	1134.98	0.022759695	0.9804364	0.0
SPIKE	S76:T>C	7	74280	9.423802E-5	8.862886	40.0	TRUE	T	5.4095837E-4	1282.0	0.0016494414	0.9210641	1055.5969	0.0313953	0.97058165	0.0
SPIKE	D76-77:T>	2	74280	2.6925149E-5	9999.0	39.99949	TRUE		NaN	NaN	NaN	NaN	NaN	NaN	NaN	NaN
SPIKE	S77:T>A	5	74280	6.731287E-5	54.62417	40.0	TRUE	T	2.9927234E-5	81.0	0.0015007107	0.9954614	430.35165	0.02748563	0.98227274	0.0
SPIKE	S77:T>C	8	74280	1.07700595E-4	11.568646	40.0	TRUE	T	5.498196E-4	1303.0	0.0016494414	0.9198243	1055.5969	0.0313953	0.97058165	0.0
SPIKE	S77:T>G	0	74280	0.0	9999.0	0.0	TRUE	T	1.34757E-5	44.0	4.5087622E-4	0.9979538	1134.98	0.022759695	0.9804364	0.0
SPIKE	S78:T>A	9	74280	1.2116317E-4	124.52088	40.0	TRUE	T	2.2537793E-5	61.0	0.0015007107	0.9965801	430.35165	0.02748563	0.98227274	0.0
SPIKE	S78:T>C	6	74280	8.077545E-5	7.2769246	40.0	TRUE	T	5.0044974E-4	1186.0	0.0016494414	0.92675287	1055.5969	0.0313953	0.97058165	0.0
SPIKE	S78:T>G	0	74280	0.0	9999.0	0.0	TRUE	T	1.3996352E-4	457.0	4.5087622E-4	0.97895026	1134.98	0.022759695	0.9804364	0.0
SPIKE	S79:G>A	10	74280	1.3462573E-4	74.516396	40.0	TRUE	G	1.1283841E-4	277.0	0.0022029588	0.9829948	463.5441	0.030325424	0.97489995	0.0
SPIKE	S79:G>T	1	74280	1.3462574E-5	7.0186496	40.0	TRUE	G	4.8646827E-5	154.0	9.765844E-4	0.9926329	481.44986	0.023487134	0.9828144	0.0
SPIKE	S79:G>C	0	74280	0.0	9999.0	0.0	TRUE	G	1.2931804E-4	413.0	7.8468706E-4	0.98053557	668.53546	0.023276726	0.98290503	0.0
SPIKE	S80:C>T	8	74280	1.07700595E-4	37.622036	40.0	TRUE	C	1.9499788E-4	505.0	0.0013613913	0.9707953	850.4728	0.028721165	0.98076326	0.0
SPIKE	S80:C>A	0	74280	0.0	9999.0	0.0	TRUE	C	1.3956523E-5	29.0	0.003520256	0.9978809	65.856514	0.035874233	0.96777284	0.0
SPIKE	S80:C>G	0	74280	0.0	9999.0	0.0	TRUE	C	1.75367E-4	550.0	9.146358E-4	0.97369635	664.5481	0.023705792	0.983998	0.0
SPIKE	S81:G>A	16	74280	2.1540119E-4	111.0634	40.0	TRUE	G	1.8738509E-4	460.0	0.0022029588	0.9719193	463.5441	0.030325424	0.97489995	0.0
SPIKE	S81:G>T	2	74280	2.6925149E-5	21.716923	40.0	TRUE	G	2.0216863E-5	64.0	9.765844E-4	0.99693173	481.44986	0.023487134	0.9828144	0.0
SPIKE	S81:G>C	0	74280	0.0	9999.0	0.0	TRUE	G	5.5735138E-5	178.0	7.8468706E-4	0.99156404	668.53546	0.023276726	0.98290503	0.0
SPIKE	S82:G>A	13	74280	1.7501347E-4	119.104645	40.0	TRUE	G	9.124839E-5	224.0	0.0022029588	0.98622596	463.5441	0.030325424	0.97489995	0.0
SPIKE	S82:G>C	0	74280	0.0	9999.0	0.0	TRUE	G	1.2743933E-4	407.0	7.8468706E-4	0.98081565	668.53546	0.023276726	0.98290503	0.0
SPIKE	S82:G>T	0	74280	0.0	9999.0	0.0	TRUE	G	3.4747734E-6	11.0	9.765844E-4	0.99947196	481.44986	0.023487134	0.9828144	0.0
SPIKE	S83:C>G	3	74280	4.0387724E-5	7.8627687	40.0	TRUE	C	2.0087493E-4	630.0	9.146358E-4	0.96992844	664.5481	0.023705792	0.983998	0.0
SPIKE	S83:C>A	1	74280	1.3462574E-5	16.553722	40.0	TRUE	C	5.2938535E-6	11.0	0.003520256	0.99919564	65.856514	0.035874233	0.96777284	0.0
SPIKE	S83:C>T	6	74280	8.077545E-5	29.128387	40.0	TRUE	C	1.5329536E-4	397.0	0.0013613913	0.97696847	850.4728	0.028721165	0.98076326	0.0
SPIKE	S84:G>A	15	74280	2.0193862E-4	68.51997	40.0	TRUE	G	3.3036806E-4	811.0	0.0022029588	0.95102406	463.5441	0.030325424	0.97489995	0.0
SPIKE	S84:G>T	1	74280	1.3462574E-5	15.180029	40.0	TRUE	G	7.265435E-6	23.0	9.765844E-4	0.99889624	481.44986	0.023487134	0.9828144	0.0
SPIKE	S84:G>C	1	74280	1.3462574E-5	6.549272	40.0	TRUE	G	5.448266E-5	174.0	7.8468706E-4	0.9917528	668.53546	0.023276726	0.98290503	0.0
SPIKE	S85:A>G	14	74280	1.8847604E-4	47.207066	40.0	TRUE	A	4.388872E-4	1137.0	0.0013453648	0.93546563	1492.5519	0.028711045	0.97300595	0.0
SPIKE	S85:A>T	1	74280	1.3462574E-5	2.8188572	40.0	TRUE	A	1.4521132E-4	379.0	0.001879994	0.9781697	291.45834	0.028513493	0.9783272	0.0
SPIKE	S85:A>C	1	74280	1.3462574E-5	15.288406	40.0	TRUE	A	7.0861674E-6	16.0	0.002108211	0.9989235	206.14957	0.032967035	0.9688911	0.0
SPIKE	S86:T>C	4	74280	5.3850297E-5	1.0019656	39.0	TRUE	T	7.312643E-4	1733.0	0.0016494414	0.8948026	1055.5969	0.0313953	0.97058165	0.0
SPIKE	D86-87:T>	6	74280	8.077545E-5	9999.0	39.551495	TRUE		NaN	NaN	NaN	NaN	NaN	NaN	NaN	NaN
SPIKE	S86:T>A	0	74280	0.0	9999.0	0.0	TRUE	T	6.687444E-5	181.0	0.0015007107	0.9898866	430.35165	0.02748563	0.98227274	0.0
SPIKE	S86:T>G	0	74280	0.0	9999.0	0.0	TRUE	T	9.800509E-6	32.0	4.5087622E-4	0.99851143	1134.98	0.022759695	0.9804364	0.0
SPIKE	S87:T>C	7	74280	9.423802E-5	15.203209	39.57143	TRUE	T	3.8145581E-4	904.0	0.0016494414	0.9436676	1055.5969	0.0313953	0.97058165	0.0
SPIKE	S87:T>A	0	74280	0.0	9999.0	0.0	TRUE	T	2.1429378E-5	58.0	0.0015007107	0.99674803	430.35165	0.02748563	0.98227274	0.0
SPIKE	S87:T>G	0	74280	0.0	9999.0	0.0	TRUE	T	1.8375955E-5	60.0	4.5087622E-4	0.99721074	1134.98	0.022759695	0.9804364	0.0
SPIKE	S88:T>A	1	74280	1.3462574E-5	11.595175	40.0	TRUE	T	1.6626242E-5	45.0	0.0015007107	0.997476	430.35165	0.02748563	0.98227274	0.0
SPIKE	S88:T>C	3	74280	4.0387724E-5	6.7909746	39.666668	TRUE	T	2.2659487E-4	537.0	0.0016494414	0.96614397	1055.5969	0.0313953	0.97058165	0.0
SPIKE	S88:T>G	0	74280	0.0	9999.0	0.0	TRUE	T	3.368925E-6	11.0	4.5087622E-4	0.99948806	1134.98	0.022759695	0.9804364	0.0
SPIKE	S89:A>G	4	74280	5.3850297E-5	12.516186	39.5	TRUE	A	1.9724833E-4	511.0	0.0013453648	0.9704633	1492.5519	0.028711045	0.97300595	0.0
SPIKE	S89:A>C	0	74280	0.0	9999.0	0.0	TRUE	A	9.1300644E-5	6.0	0.002108211	0.98621815	206.14957	0.032967035	0.9688911	1.0
SPIKE	S89:A>T	0	74280	0.0	9999.0	0.0	TRUE	A	2.8352608E-5	74.0	0.001879994	0.9956997	291.45834	0.028513493	0.9783272	0.0
SPIKE	S90:T>C	5	74280	6.731287E-5	6.0190315	36.0	TRUE	T	4.489701E-4	1064.0	0.0016494414	0.93403304	1055.5969	0.0313953	0.97058165	0.0
SPIKE	S90:T>A	0	74280	0.0	9999.0	0.0	TRUE	T	2.8449347E-5	77.0	0.0015007107	0.99568504	430.35165	0.02748563	0.98227274	0.0
SPIKE	S90:T>G	0	74280	0.0	9999.0	0.0	TRUE	T	5.2065207E-6	17.0	4.5087622E-4	0.9992089	1134.98	0.022759695	0.9804364	0.0
SPIKE	S91:C>G	2	74280	2.6925149E-5	30.74568	39.5	TRUE	C	7.01468E-6	22.0	9.146358E-4	0.9989343	664.5481	0.023705792	0.983998	0.0
SPIKE	S91:C>A	11	74280	1.4808831E-4	210.36688	39.545456	TRUE	C	7.7001505E-6	16.0	0.003520256	0.99883026	65.856514	0.035874233	0.96777284	0.0
SPIKE	S91:C>T	10	74280	1.3462573E-4	58.70304	39.7	TRUE	C	1.6874073E-4	437.0	0.0013613913	0.97467756	850.4728	0.028721165	0.98076326	0.0
SPIKE	S92:G>A	14	74280	1.8847604E-4	92.37991	39.642857	TRUE	G	1.8290414E-4	449.0	0.0022029588	0.97258145	463.5441	0.030325424	0.97489995	0.0
SPIKE	S92:G>C	0	74280	0.0	9999.0	0.0	TRUE	G	1.2211631E-5	39.0	7.8468706E-4	0.9981456	668.53546	0.023276726	0.98290503	0.0
SPIKE	S92:G>T	0	74280	0.0	9999.0	0.0	TRUE	G	4.422439E-6	14.0	9.765844E-4	0.999328	481.44986	0.023487134	0.9828144	0.0
SPIKE	S93:T>A	6	74280	8.077545E-5	56.619698	39.666668	TRUE	T	4.8031365E-5	130.0	0.0015007107	0.9927258	430.35165	0.02748563	0.98227274	0.0
SPIKE	S93:T>C	3	74280	4.0387724E-5	1.2144722	39.666668	TRUE	T	5.506635E-4	1305.0	0.0016494414	0.91970634	1055.5969	0.0313953	0.97058165	0.0
SPIKE	S93:T>G	0	74280	0.0	9999.0	0.0	TRUE	T	8.881711E-6	29.0	4.5087622E-4	0.9986509	1134.98	0.022759695	0.9804364	0.0
SPIKE	S94:C>G	2	74280	2.6925149E-5	4.03449	39.5	TRUE	C	2.1189054E-4	5.0	9.146358E-4	0.96830577	664.5481	0.023705792	0.983998	1.0
SPIKE	S94:C>A	6	74280	8.077545E-5	96.249245	39.666668	TRUE	C	1.0106447E-5	21.0	0.003520256	0.998465	65.856514	0.035874233	0.96777284	0.0
SPIKE	S94:C>T	5	74280	6.731287E-5	21.335634	39.0	TRUE	C	1.6063191E-4	416.0	0.0013613913	0.9758796	850.4728	0.028721165	0.98076326	0.0
SPIKE	S95:G>A	15	74280	2.0193862E-4	113.77533	39.2	TRUE	G	1.5113015E-4	371.0	0.0022029588	0.97729003	463.5441	0.030325424	0.97489995	0.0
SPIKE	S95:G>T	1	74280	1.3462574E-5	2.6670074	39.0	TRUE	G	1.5208447E-4	8.0	9.765844E-4	0.9771483	481.44986	0.023487134	0.9828144	1.0
SPIKE	S95:G>C	2	74280	2.6925149E-5	26.21655	40.0	TRUE	G	1.1898513E-5	38.0	7.8468706E-4	0.9981931	668.53546	0.023276726	0.98290503	0.0
SPIKE	S96:T>C	3	74280	4.0387724E-5	1.2616855	39.333332	TRUE	T	5.434901E-4	1288.0	0.0016494414	0.92070967	1055.5969	0.0313953	0.97058165	0.0
SPIKE	S96:T>A	1	74280	1.3462574E-5	6.6187067	38.0	TRUE	T	5.3573443E-5	145.0	0.0015007107	0.9918899	430.35165	0.02748563	0.98227274	0.0
SPIKE	S96:T>G	1	74280	1.3462574E-5	14.161965	40.0	TRUE	T	9.187977E-6	30.0	4.5087622E-4	0.9986044	1134.98	0.022759695	0.9804364	0.0
SPIKE	S97:C>T	5	74280	6.731287E-5	27.845741	39.2	TRUE	C	1.1275125E-4	292.0	0.0013613913	0.98300785	850.4728	0.028721165	0.98076326	0.0
SPIKE	S97:C>A	2	74280	2.6925149E-5	17.959358	39.5	TRUE	C	3.1694068E-5	6.0	0.003520256	0.9951941	65.856514	0.035874233	0.96777284	1.0
SPIKE	S97:C>G	0	74280	0.0	9999.0	0.0	TRUE	C	2.1189054E-4	1.0	9.146358E-4	0.96830577	664.5481	0.023705792	0.983998	1.0
SPIKE	S98:A>C	1	74280	1.3462574E-5	13.183802	40.0	TRUE	A	1.15150215E-5	26.0	0.002108211	0.99825126	206.14957	0.032967035	0.9688911	0.0
SPIKE	S98:A>T	3	74280	4.0387724E-5	44.391556	39.666668	TRUE	A	9.19544E-6	24.0	0.001879994	0.9986033	291.45834	0.028513493	0.9783272	0.0
SPIKE	S98:A>G	12	74280	1.615509E-4	45.597862	38.916668	TRUE	A	3.4200004E-4	886.0	0.0013453648	0.94934404	1492.5519	0.028711045	0.97300595	0.0
SPIKE	D98-101:ATC>	3	74280	4.0387724E-5	9999.0	39.742596	TRUE		NaN	NaN	NaN	NaN	NaN	NaN	NaN	NaN
SPIKE	S99:T>C	4	74280	5.3850297E-5	2.0565448	39.5	TRUE	T	5.8020104E-4	1375.0	0.0016494414	0.9155864	1055.5969	0.0313953	0.97058165	0.0
SPIKE	S99:T>A	2	74280	2.6925149E-5	24.805885	39.5	TRUE	T	1.4039937E-5	38.0	0.0015007107	0.9978682	430.35165	0.02748563	0.98227274	0.0
SPIKE	S99:T>G	0	74280	0.0	9999.0	0.0	TRUE	T	4.2877227E-6	14.0	4.5087622E-4	0.99934846	1134.98	0.022759695	0.9804364	0.0
SPIKE	S100:C>T	7	74280	9.423802E-5	33.73259	39.857143	TRUE	C	1.7182982E-4	445.0	0.0013613913	0.97422	850.4728	0.028721165	0.98076326	0.0
SPIKE	S100:C>A	8	74280	1.07700595E-4	109.836624	39.0	TRUE	C	2.1175414E-5	44.0	0.003520256	0.99678653	65.856514	0.035874233	0.96777284	0.0
SPIKE	S100:C>G	0	74280	0.0	9999.0	0.0	TRUE	C	4.4638873E-6	14.0	9.146358E-4	0.9993217	664.5481	0.023705792	0.983998	0.0
SPIKE	S101:G>A	20	74280	2.6925147E-4	170.3561	39.4	TRUE	G	1.5438902E-4	379.0	0.0022029588	0.9768061	463.5441	0.030325424	0.97489995	0.0
SPIKE	S101:G>C	0	74280	0.0	9999.0	0.0	TRUE	G	5.0098997E-6	16.0	7.8468706E-4	0.9992388	668.53546	0.023276726	0.98290503	0.0
SPIKE	S101:G>T	0	74280	0.0	9999.0	0.0	TRUE	G	1.5208447E-4	8.0	9.765844E-4	0.9771483	481.44986	0.023487134	0.9828144	1.0
SPIKE	D102-104:TG>	2	74280	2.6925149E-5	9999.0	39.653324	TRUE		NaN	NaN	NaN	NaN	NaN	NaN	NaN	NaN
SPIKE	S102:T>C	4	74280	5.3850297E-5	4.577107	40.0	TRUE	T	4.0677367E-4	964.0	0.0016494414	0.94004303	1055.5969	0.0313953	0.97058165	0.0
SPIKE	S102:T>A	7	74280	9.423802E-5	70.006516	39.285713	TRUE	T	4.6553476E-5	126.0	0.0015007107	0.99294883	430.35165	0.02748563	0.98227274	0.0
SPIKE	S102:T>G	0	74280	0.0	9999.0	0.0	TRUE	T	1.2863168E-5	42.0	4.5087622E-4	0.9980467	1134.98	0.022759695	0.9804364	0.0
SPIKE	S103:G>A	8	74280	1.07700595E-4	60.218258	39.75	TRUE	G	9.369254E-5	230.0	0.0022029588	0.98585963	463.5441	0.030325424	0.97489995	0.0
SPIKE	D103-105:GG>	1	74280	1.3462574E-5	9999.0	39.869804	TRUE		NaN	NaN	NaN	NaN	NaN	NaN	NaN	NaN
SPIKE	S103:G>C	0	74280	0.0	9999.0	0.0	TRUE	G	2.0933099E-4	3.0	7.8468706E-4	0.9686826	668.53546	0.023276726	0.98290503	1.0
SPIKE	S103:G>T	0	74280	0.0	9999.0	0.0	TRUE	G	1.5208447E-4	1.0	9.765844E-4	0.9771483	481.44986	0.023487134	0.9828144	1.0
SPIKE	S104:G>A	6	74280	8.077545E-5	45.20744	39.333332	TRUE	G	7.658347E-5	188.0	0.0022029588	0.9884268	463.5441	0.030325424	0.97489995	0.0
SPIKE	S104:G>C	0	74280	0.0	9999.0	0.0	TRUE	G	8.454206E-6	27.0	7.8468706E-4	0.99871576	668.53546	0.023276726	0.98290503	0.0
SPIKE	S104:G>T	0	74280	0.0	9999.0	0.0	TRUE	G	4.7383273E-6	15.0	9.765844E-4	0.99928004	481.44986	0.023487134	0.9828144	0.0
SPIKE	S105:C>T	5	74280	6.731287E-5	22.21587	39.4	TRUE	C	1.5290923E-4	396.0	0.0013613913	0.9770258	850.4728	0.028721165	0.98076326	0.0
SPIKE	S105:C>A	11	74280	1.4808831E-4	169.42809	39.727272	TRUE	C	1.8287858E-5	38.0	0.003520256	0.9972241	65.856514	0.035874233	0.96777284	0.0
SPIKE	S105:C>G	2	74280	2.6925149E-5	29.647139	39.0	TRUE	C	7.971227E-6	25.0	9.146358E-4	0.99878913	664.5481	0.023705792	0.983998	0.0
SPIKE	D105-106:C>	1	74280	1.3462574E-5	9999.0	39.777344	TRUE		NaN	NaN	NaN	NaN	NaN	NaN	NaN	NaN
SPIKE	D105-107:CG>	10	74280	1.3462573E-4	9999.0	39.777344	TRUE		NaN	NaN	NaN	NaN	NaN	NaN	NaN	NaN
SPIKE	S106:G>A	11	74280	1.4808831E-4	64.483284	39.272728	TRUE	G	1.8208942E-4	447.0	0.0022029588	0.9727019	463.5441	0.030325424	0.97489995	0.0
SPIKE	S106:G>C	0	74280	0.0	9999.0	0.0	TRUE	G	8.141087E-6	26.0	7.8468706E-4	0.9987633	668.53546	0.023276726	0.98290503	0.0
SPIKE	S106:G>T	0	74280	0.0	9999.0	0.0	TRUE	G	1.1687874E-5	37.0	9.765844E-4	0.99822503	481.44986	0.023487134	0.9828144	0.0
SPIKE	S107:G>T	1	74280	1.3462574E-5	16.754782	40.0	TRUE	G	5.0542158E-6	16.0	9.765844E-4	0.99923205	481.44986	0.023487134	0.9828144	0.0
SPIKE	S107:G>A	7	74280	9.423802E-5	49.671375	39.714287	TRUE	G	9.491462E-5	233.0	0.0022029588	0.9856765	463.5441	0.030325424	0.97489995	0.0
SPIKE	S107:G>C	0	74280	0.0	9999.0	0.0	TRUE	G	7.51485E-6	24.0	7.8468706E-4	0.9988584	668.53546	0.023276726	0.98290503	0.0
SPIKE	S108:C>T	6	74280	8.077545E-5	45.615566	39.666668	TRUE	C	7.5296215E-5	195.0	0.0013613913	0.9886202	850.4728	0.028721165	0.98076326	0.0
SPIKE	S108:C>A	2	74280	2.6925149E-5	17.959358	39.0	TRUE	C	3.1694068E-5	7.0	0.003520256	0.9951941	65.856514	0.035874233	0.96777284	1.0
SPIKE	S108:C>G	1	74280	1.3462574E-5	17.615623	40.0	TRUE	C	4.145038E-6	13.0	9.146358E-4	0.99937016	664.5481	0.023705792	0.983998	0.0
SPIKE	S109:A>C	1	74280	1.3462574E-5	14.109157	40.0	TRUE	A	9.300595E-6	21.0	0.002108211	0.9985873	206.14957	0.032967035	0.9688911	0.0
SPIKE	S109:A>T	2	74280	2.6925149E-5	20.636301	40.0	TRUE	A	2.29886E-5	60.0	0.001879994	0.9965118	291.45834	0.028513493	0.9783272	0.0
SPIKE	S109:A>G	12	74280	1.615509E-4	31.99158	39.75	TRUE	A	4.8211968E-4	1249.0	0.0013453648	0.9293385	1492.5519	0.028711045	0.97300595	0.0
SPIKE	S110:G>A	10	74280	1.3462573E-4	77.528725	39.4	TRUE	G	1.0469124E-4	257.0	0.0022029588	0.9842129	463.5441	0.030325424	0.97489995	0.0
SPIKE	S110:G>C	0	74280	0.0	9999.0	0.0	TRUE	G	3.757425E-6	12.0	7.8468706E-4	0.99942905	668.53546	0.023276726	0.98290503	0.0
SPIKE	S110:G>T	0	74280	0.0	9999.0	0.0	TRUE	G	1.5208447E-4	3.0	9.765844E-4	0.9771483	481.44986	0.023487134	0.9828144	1.0
SPIKE	S111:C>T	5	74280	6.731287E-5	29.056913	37.6	TRUE	C	1.05800835E-4	274.0	0.0013613913	0.9840469	850.4728	0.028721165	0.98076326	0.0
SPIKE	S111:C>A	5	74280	6.731287E-5	86.439224	39.0	TRUE	C	6.7376313E-6	14.0	0.003520256	0.9989764	65.856514	0.035874233	0.96777284	0.0
SPIKE	S111:C>G	3	74280	4.0387724E-5	39.878643	39.333332	TRUE	C	1.3072812E-5	41.0	9.146358E-4	0.9980149	664.5481	0.023705792	0.983998	0.0
SPIKE	S112:G>A	10	74280	1.3462573E-4	74.516396	39.1	TRUE	G	1.1283841E-4	277.0	0.0022029588	0.9829948	463.5441	0.030325424	0.97489995	0.0
SPIKE	S112:G>C	0	74280	0.0	9999.0	0.0	TRUE	G	4.3836626E-6	14.0	7.8468706E-4	0.9993339	668.53546	0.023276726	0.98290503	0.0
SPIKE	S112:G>T	0	74280	0.0	9999.0	0.0	TRUE	G	1.5208447E-4	9.0	9.765844E-4	0.9771483	481.44986	0.023487134	0.9828144	1.0
SPIKE	D113-115:TG>	2	74280	2.6925149E-5	9999.0	39.69833	TRUE		NaN	NaN	NaN	NaN	NaN	NaN	NaN	NaN
SPIKE	S113:T>C	5	74280	6.731287E-5	4.9194307	39.6	TRUE	T	4.9833994E-4	1181.0	0.0016494414	0.9270501	1055.5969	0.0313953	0.97058165	0.0
SPIKE	S113:T>A	5	74280	6.731287E-5	51.288094	39.6	TRUE	T	3.509984E-5	95.0	0.0015007107	0.99467903	430.35165	0.02748563	0.98227274	0.0
SPIKE	S113:T>G	0	74280	0.0	9999.0	0.0	TRUE	T	1.2250636E-5	40.0	4.5087622E-4	0.9981396	1134.98	0.022759695	0.9804364	0.0
SPIKE	S114:G>A	4	74280	5.3850297E-5	18.395231	39.75	TRUE	G	1.2872541E-4	316.0	0.0022029588	0.9806239	463.5441	0.030325424	0.97489995	0.0
SPIKE	S114:G>C	0	74280	0.0	9999.0	0.0	TRUE	G	2.0933099E-4	6.0	7.8468706E-4	0.9686826	668.53546	0.023276726	0.98290503	1.0
SPIKE	S114:G>T	0	74280	0.0	9999.0	0.0	TRUE	G	1.5208447E-4	9.0	9.765844E-4	0.9771483	481.44986	0.023487134	0.9828144	1.0
SPIKE	S115:A>T	1	74280	1.3462574E-5	6.3570905	39.0	TRUE	A	5.7088357E-5	149.0	0.001879994	0.9913601	291.45834	0.028513493	0.9783272	0.0
SPIKE	S115:A>G	26	74280	3.5002694E-4	126.70392	39.307693	TRUE	A	4.8829574E-4	1265.0	0.0013453648	0.9284665	1492.5519	0.028711045	0.97300595	0.0
SPIKE	S115:A>C	0	74280	0.0	9999.0	0.0	TRUE	A	3.2773525E-5	74.0	0.002108211	0.9950308	206.14957	0.032967035	0.9688911	0.0
SPIKE	S116:C>T	8	74280	1.07700595E-4	69.18909	38.25	TRUE	C	7.104874E-5	184.0	0.0013613913	0.9892587	850.4728	0.028721165	0.98076326	0.0
SPIKE	S116:C>G	2	74280	2.6925149E-5	4.03449	39.5	TRUE	C	2.1189054E-4	1.0	9.146358E-4	0.96830577	664.5481	0.023705792	0.983998	1.0
SPIKE	S116:C>A	3	74280	4.0387724E-5	28.683987	39.0	TRUE	C	3.1694068E-5	3.0	0.003520256	0.9951941	65.856514	0.035874233	0.96777284	1.0
SPIKE	D116-117:C>	2	74280	2.6925149E-5	9999.0	39.91614	TRUE		NaN	NaN	NaN	NaN	NaN	NaN	NaN	NaN
SPIKE	S117:C>T	8	74280	1.07700595E-4	65.663734	39.0	TRUE	C	7.915756E-5	205.0	0.0013613913	0.98804015	850.4728	0.028721165	0.98076326	0.0
SPIKE	S117:C>G	1	74280	1.3462574E-5	17.293913	40.0	TRUE	C	4.4638873E-6	14.0	9.146358E-4	0.9993217	664.5481	0.023705792	0.983998	0.0
SPIKE	S117:C>A	8	74280	1.07700595E-4	121.827415	39.5	TRUE	C	1.4919041E-5	31.0	0.003520256	0.9977349	65.856514	0.035874233	0.96777284	0.0
SPIKE	S118:T>C	4	74280	5.3850297E-5	8.919964	39.5	TRUE	T	2.6457166E-4	627.0	0.0016494414	0.960583	1055.5969	0.0313953	0.97058165	0.0
SPIKE	S118:T>A	5	74280	6.731287E-5	47.86632	39.2	TRUE	T	4.1380867E-5	112.0	0.0015007107	0.9937298	430.35165	0.02748563	0.98227274	0.0
SPIKE	D118-119:T>	2	74280	2.6925149E-5	9999.0	39.728798	TRUE		NaN	NaN	NaN	NaN	NaN	NaN	NaN	NaN
SPIKE	S118:T>G	0	74280	0.0	9999.0	0.0	TRUE	T	4.9002547E-6	16.0	4.5087622E-4	0.9992554	1134.98	0.022759695	0.9804364	0.0
SPIKE	S119:A>T	3	74280	4.0387724E-5	28.057362	39.0	TRUE	A	3.3333472E-5	87.0	0.001879994	0.9949461	291.45834	0.028513493	0.9783272	0.0
SPIKE	S119:A>C	1	74280	1.3462574E-5	14.320665	40.0	TRUE	A	8.857709E-6	20.0	0.002108211	0.99865454	206.14957	0.032967035	0.9688911	0.0
SPIKE	S119:A>G	8	74280	1.07700595E-4	33.204025	38.5	TRUE	A	2.2735668E-4	589.0	0.0013453648	0.9660321	1492.5519	0.028711045	0.97300595	0.0
SPIKE	S120:T>A	0	74280	0.0	9999.0	0.0	TRUE	T	1.5887297E-5	43.0	0.0015007107	0.99758804	430.35165	0.02748563	0.98227274	0.0
SPIKE	S120:T>G	0	74280	0.0	9999.0	0.0	TRUE	T	1.2250636E-5	40.0	4.5087622E-4	0.9981396	1134.98	0.022759695	0.9804364	0.0
SPIKE	S120:T>C	0	74280	0.0	9999.0	0.0	TRUE	T	4.050858E-4	960.0	0.0016494414	0.94028425	1055.5969	0.0313953	0.97058165	0.0
SPIKE	S121:G>T	1	74280	1.3462574E-5	16.24359	39.0	TRUE	G	5.6859926E-6	18.0	9.765844E-4	0.9991361	481.44986	0.023487134	0.9828144	0.0
SPIKE	S121:G>A	5	74280	6.731287E-5	29.333319	39.2	TRUE	G	1.0428388E-4	256.0	0.0022029588	0.9842738	463.5441	0.030325424	0.97489995	0.0
SPIKE	S121:G>C	0	74280	0.0	9999.0	0.0	TRUE	G	3.757425E-6	12.0	7.8468706E-4	0.99942905	668.53546	0.023276726	0.98290503	0.0
SPIKE	S122:T>C	5	74280	6.731287E-5	6.527982	36.8	TRUE	T	4.2913778E-4	1017.0	0.0016494414	0.93685293	1055.5969	0.0313953	0.97058165	0.0
SPIKE	S122:T>A	5	74280	6.731287E-5	48.620037	38.6	TRUE	T	3.9902978E-5	108.0	0.0015007107	0.9939531	430.35165	0.02748563	0.98227274	0.0
SPIKE	S122:T>G	0	74280	0.0	9999.0	0.0	TRUE	T	1.1331839E-5	37.0	4.5087622E-4	0.99827904	1134.98	0.022759695	0.9804364	0.0
SPIKE	S123:G>T	1	74280	1.3462574E-5	17.034918	38.0	TRUE	G	4.7383273E-6	15.0	9.765844E-4	0.99928004	481.44986	0.023487134	0.9828144	0.0
SPIKE	S123:G>A	3	74280	4.0387724E-5	14.581987	39.333332	TRUE	G	1.0387652E-4	255.0	0.0022029588	0.98433477	463.5441	0.030325424	0.97489995	0.0
SPIKE	S123:G>C	0	74280	0.0	9999.0	0.0	TRUE	G	2.0933099E-4	1.0	7.8468706E-4	0.9686826	668.53546	0.023276726	0.98290503	1.0
SPIKE	D124-126:TG>	3	74280	4.0387724E-5	9999.0	39.05925	TRUE		NaN	NaN	NaN	NaN	NaN	NaN	NaN	NaN
SPIKE	S124:T>C	4	74280	5.3850297E-5	2.5267432	37.75	TRUE	T	5.3589477E-4	1270.0	0.0016494414	0.92177325	1055.5969	0.0313953	0.97058165	0.0
SPIKE	S124:T>A	3	74280	4.0387724E-5	29.094458	38.666668	TRUE	T	3.066618E-5	83.0	0.0015007107	0.9953496	430.35165	0.02748563	0.98227274	0.0
SPIKE	S124:T>G	0	74280	0.0	9999.0	0.0	TRUE	T	1.500703E-5	49.0	4.5087622E-4	0.99772155	1134.98	0.022759695	0.9804364	0.0
SPIKE	S125:G>A	4	74280	5.3850297E-5	23.131226	38.75	TRUE	G	9.369254E-5	230.0	0.0022029588	0.98585963	463.5441	0.030325424	0.97489995	0.0
SPIKE	S125:G>C	0	74280	0.0	9999.0	0.0	TRUE	G	7.827969E-6	25.0	7.8468706E-4	0.9988108	668.53546	0.023276726	0.98290503	0.0
SPIKE	S125:G>T	0	74280	0.0	9999.0	0.0	TRUE	G	3.7906618E-6	12.0	9.765844E-4	0.999424	481.44986	0.023487134	0.9828144	0.0
SPIKE	S126:C>T	5	74280	6.731287E-5	22.629734	38.2	TRUE	C	1.4943402E-4	387.0	0.0013613913	0.97754204	850.4728	0.028721165	0.98076326	0.0
SPIKE	S126:C>G	1	74280	1.3462574E-5	6.6438885	39.0	TRUE	C	5.3247797E-5	167.0	9.146358E-4	0.991939	664.5481	0.023705792	0.983998	0.0
SPIKE	S126:C>A	6	74280	8.077545E-5	96.249245	39.0	TRUE	C	1.0106447E-5	21.0	0.003520256	0.998465	65.856514	0.035874233	0.96777284	0.0
SPIKE	D126-128:CG>	14	74280	1.8847604E-4	9999.0	39.139446	TRUE		NaN	NaN	NaN	NaN	NaN	NaN	NaN	NaN
SPIKE	S127:G>A	8	74280	1.07700595E-4	37.481316	39.0	TRUE	G	1.9593963E-4	481.0	0.0022029588	0.97065634	463.5441	0.030325424	0.97489995	0.0
SPIKE	S127:G>C	0	74280	0.0	9999.0	0.0	TRUE	G	3.068564E-5	98.0	7.8468706E-4	0.99534667	668.53546	0.023276726	0.98290503	0.0
SPIKE	S127:G>T	0	74280	0.0	9999.0	0.0	TRUE	G	3.7906618E-6	12.0	9.765844E-4	0.999424	481.44986	0.023487134	0.9828144	0.0
SPIKE	S128:G>A	4	74280	5.3850297E-5	22.16993	39.0	TRUE	G	9.980293E-5	245.0	0.0022029588	0.98494446	463.5441	0.030325424	0.97489995	0.0
SPIKE	S128:G>T	1	74280	1.3462574E-5	18.381393	35.0	TRUE	G	3.4747734E-6	11.0	9.765844E-4	0.99947196	481.44986	0.023487134	0.9828144	0.0
SPIKE	S128:G>C	0	74280	0.0	9999.0	0.0	TRUE	G	1.534282E-5	49.0	7.8468706E-4	0.9976706	668.53546	0.023276726	0.98290503	0.0
SPIKE	S129:C>A	3	74280	4.0387724E-5	48.398632	39.0	TRUE	C	6.7376313E-6	14.0	0.003520256	0.9989764	65.856514	0.035874233	0.96777284	0.0
SPIKE	S129:C>G	1	74280	1.3462574E-5	7.0617175	40.0	TRUE	C	4.8146212E-5	151.0	9.146358E-4	0.9927085	664.5481	0.023705792	0.983998	0.0
SPIKE	S129:C>T	7	74280	9.423802E-5	44.830757	37.142857	TRUE	C	1.1313739E-4	293.0	0.0013613913	0.98295015	850.4728	0.028721165	0.98076326	0.0
SPIKE	D130-133:GGC>	2	74280	2.6925149E-5	9999.0	39.116802	TRUE		NaN	NaN	NaN	NaN	NaN	NaN	NaN	NaN
SPIKE	S130:G>A	11	74280	1.4808831E-4	43.39265	38.909092	TRUE	G	3.0633388E-4	752.0	0.0022029588	0.95450467	463.5441	0.030325424	0.97489995	0.0
SPIKE	S130:G>T	1	74280	1.3462574E-5	14.484631	38.0	TRUE	G	8.528989E-6	27.0	9.765844E-4	0.99870443	481.44986	0.023487134	0.9828144	0.0
SPIKE	S130:G>C	0	74280	0.0	9999.0	0.0	TRUE	G	3.1311876E-5	100.0	7.8468706E-4	0.9952519	668.53546	0.023276726	0.98290503	0.0
SPIKE	S131:G>A	4	74280	5.3850297E-5	18.533604	39.0	TRUE	G	1.2750333E-4	313.0	0.0022029588	0.9808061	463.5441	0.030325424	0.97489995	0.0
SPIKE	S131:G>T	1	74280	1.3462574E-5	2.6670074	38.0	TRUE	G	1.5208447E-4	9.0	9.765844E-4	0.9771483	481.44986	0.023487134	0.9828144	1.0
SPIKE	S131:G>C	0	74280	0.0	9999.0	0.0	TRUE	G	3.8826725E-5	124.0	7.8468706E-4	0.9941157	668.53546	0.023276726	0.98290503	0.0
SPIKE	S132:C>A	3	74280	4.0387724E-5	30.055187	37.666668	TRUE	C	2.8394305E-5	59.0	0.003520256	0.9956934	65.856514	0.035874233	0.96777284	0.0
SPIKE	S132:C>T	4	74280	5.3850297E-5	29.756123	36.0	TRUE	C	6.1395374E-5	159.0	0.0013613913	0.99071133	850.4728	0.028721165	0.98076326	0.0
SPIKE	S132:C>G	0	74280	0.0	9999.0	0.0	TRUE	C	3.124721E-5	98.0	9.146358E-4	0.99526167	664.5481	0.023705792	0.983998	0.0
SPIKE	S133:A>G	0	74280	0.0	9999.0	0.0	TRUE	A	9.109708E-5	236.0	0.0013453648	0.9862487	1492.5519	0.028711045	0.97300595	0.0
SPIKE	S133:A>C	0	74280	0.0	9999.0	0.0	TRUE	A	1.3153697E-4	297.0	0.002108211	0.98020494	206.14957	0.032967035	0.9688911	0.0
SPIKE	S133:A>T	0	74280	0.0	9999.0	0.0	TRUE	A	1.1167032E-4	2.0	0.001879994	0.9831694	291.45834	0.028513493	0.9783272	1.0
SPIKE	S134:G>A	0	74280	0.0	9999.0	0.0	TRUE	G	6.5788464E-4	1615.0	0.0022029588	0.9048388	463.5441	0.030325424	0.97489995	0.0
SPIKE	S134:G>C	0	74280	0.0	9999.0	0.0	TRUE	G	5.8553203E-5	187.0	7.8468706E-4	0.9911394	668.53546	0.023276726	0.98290503	0.0
SPIKE	S134:G>T	0	74280	0.0	9999.0	0.0	TRUE	G	5.9387035E-5	188.0	9.765844E-4	0.99101377	481.44986	0.023487134	0.9828144	0.0
SPIKE	S135:C>A	0	74280	0.0	9999.0	0.0	TRUE	C	5.7269866E-5	119.0	0.003520256	0.99133277	65.856514	0.035874233	0.96777284	0.0
SPIKE	S135:C>G	0	74280	0.0	9999.0	0.0	TRUE	C	6.6639455E-5	209.0	9.146358E-4	0.9899219	664.5481	0.023705792	0.983998	0.0
SPIKE	S135:C>T	0	74280	0.0	9999.0	0.0	TRUE	C	1.4634494E-4	379.0	0.0013613913	0.9780012	850.4728	0.028721165	0.98076326	0.0
SPIKE	S136:C>A	0	74280	0.0	9999.0	0.0	TRUE	C	1.1646478E-4	242.0	0.003520256	0.9824531	65.856514	0.035874233	0.96777284	0.0
SPIKE	S136:C>G	0	74280	0.0	9999.0	0.0	TRUE	C	3.3160304E-5	104.0	9.146358E-4	0.9949723	664.5481	0.023705792	0.983998	0.0
SPIKE	S136:C>T	0	74280	0.0	9999.0	0.0	TRUE	C	6.201319E-4	1606.0	0.0013613913	0.9100461	850.4728	0.028721165	0.98076326	0.0
SPIKE	S137:T>A	0	74280	0.0	9999.0	0.0	TRUE	T	9.938797E-5	269.0	0.0015007107	0.9850066	430.35165	0.02748563	0.98227274	0.0
SPIKE	S137:T>G	0	74280	0.0	9999.0	0.0	TRUE	T	3.6598777E-4	1195.0	4.5087622E-4	0.94588894	1134.98	0.022759695	0.9804364	0.0
SPIKE	S137:T>C	0	74280	0.0	9999.0	0.0	TRUE	T	8.903449E-5	211.0	0.0016494414	0.9865579	1055.5969	0.0313953	0.97058165	0.0
SPIKE	S138:G>A	0	74280	0.0	9999.0	0.0	TRUE	G	0.0010196193	2503.0	0.0022029588	0.8564305	463.5441	0.030325424	0.97489995	0.0
SPIKE	S138:G>C	0	74280	0.0	9999.0	0.0	TRUE	G	2.0933099E-4	8.0	7.8468706E-4	0.9686826	668.53546	0.023276726	0.98290503	1.0
SPIKE	S138:G>T	0	74280	0.0	9999.0	0.0	TRUE	G	1.9964152E-4	632.0	9.765844E-4	0.9701103	481.44986	0.023487134	0.9828144	0.0
SPIKE	S139:A>G	0	74280	0.0	9999.0	0.0	TRUE	A	1.9261628E-4	499.0	0.0013453648	0.97114676	1492.5519	0.028711045	0.97300595	0.0
SPIKE	S139:A>C	0	74280	0.0	9999.0	0.0	TRUE	A	9.1300644E-5	8.0	0.002108211	0.98621815	206.14957	0.032967035	0.9688911	1.0
SPIKE	S139:A>T	0	74280	0.0	9999.0	0.0	TRUE	A	0.0010728013	2800.0	0.001879994	0.8495353	291.45834	0.028513493	0.9783272	0.0
SPIKE	S140:T>A	0	74280	0.0	9999.0	0.0	TRUE	T	1.8953915E-4	513.0	0.0015007107	0.97160107	430.35165	0.02748563	0.98227274	0.0
SPIKE	S140:T>G	0	74280	0.0	9999.0	0.0	TRUE	T	1.0719307E-4	350.0	4.5087622E-4	0.9838387	1134.98	0.022759695	0.9804364	0.0
SPIKE	S140:T>C	0	74280	0.0	9999.0	0.0	TRUE	T	5.865305E-5	139.0	0.0016494414	0.99112433	1055.5969	0.0313953	0.97058165	0.0
SPIKE	S141:T>A	0	74280	0.0	9999.0	0.0	TRUE	T	0.0019910848	5389.0	0.0015007107	0.73886144	430.35165	0.02748563	0.98227274	0.0
SPIKE	S141:T>G	0	74280	0.0	9999.0	0.0	TRUE	T	9.831136E-5	321.0	4.5087622E-4	0.98516774	1134.98	0.022759695	0.9804364	0.0
SPIKE	S141:T>C	0	74280	0.0	9999.0	0.0	TRUE	T	2.5993006E-4	616.0	0.0016494414	0.961261	1055.5969	0.0313953	0.97058165	0.0
SPIKE	S142:A>G	0	74280	0.0	9999.0	0.0	TRUE	A	0.0024696572	6398.0	0.0013453648	0.68702275	1492.5519	0.028711045	0.97300595	0.0
SPIKE	S142:A>C	0	74280	0.0	9999.0	0.0	TRUE	A	3.689236E-4	833.0	0.002108211	0.94546694	206.14957	0.032967035	0.9688911	0.0
SPIKE	S142:A>T	0	74280	0.0	9999.0	0.0	TRUE	A	1.7049878E-4	445.0	0.001879994	0.9744171	291.45834	0.028513493	0.9783272	0.0
SPIKE	S143:G>A	0	74280	0.0	9999.0	0.0	TRUE	G	3.6091998E-4	886.0	0.0022029588	0.94661784	463.5441	0.030325424	0.97489995	0.0
SPIKE	S143:G>C	0	74280	0.0	9999.0	0.0	TRUE	G	0.0028650365	9150.0	7.8468706E-4	0.6469505	668.53546	0.023276726	0.98290503	0.0
SPIKE	S143:G>T	0	74280	0.0	9999.0	0.0	TRUE	G	1.3899094E-5	44.0	9.765844E-4	0.9978896	481.44986	0.023487134	0.9828144	0.0
SPIKE	S144:C>A	0	74280	0.0	9999.0	0.0	TRUE	C	9.625188E-6	20.0	0.003520256	0.998538	65.856514	0.035874233	0.96777284	0.0
SPIKE	S144:C>G	0	74280	0.0	9999.0	0.0	TRUE	C	3.7656075E-4	1181.0	9.146358E-4	0.94437003	664.5481	0.023705792	0.983998	0.0
SPIKE	S144:C>T	0	74280	0.0	9999.0	0.0	TRUE	C	1.054147E-4	273.0	0.0013613913	0.98410463	850.4728	0.028721165	0.98076326	0.0
SPIKE	S145:C>A	0	74280	0.0	9999.0	0.0	TRUE	C	1.8287858E-5	38.0	0.003520256	0.9972241	65.856514	0.035874233	0.96777284	0.0
SPIKE	S145:C>G	0	74280	0.0	9999.0	0.0	TRUE	C	1.9194715E-4	602.0	9.146358E-4	0.9712455	664.5481	0.023705792	0.983998	0.0
SPIKE	S145:C>T	0	74280	0.0	9999.0	0.0	TRUE	C	3.2126383E-4	832.0	0.0013613913	0.952341	850.4728	0.028721165	0.98076326	0.0
SPIKE	S146:C>A	0	74280	0.0	9999.0	0.0	TRUE	C	1.0587707E-5	22.0	0.003520256	0.998392	65.856514	0.035874233	0.96777284	0.0
SPIKE	S146:C>G	0	74280	0.0	9999.0	0.0	TRUE	C	0.0034442078	10802.0	9.146358E-4	0.5924318	664.5481	0.023705792	0.983998	0.0
SPIKE	S146:C>T	0	74280	0.0	9999.0	0.0	TRUE	C	4.432823E-4	1148.0	0.0013613913	0.9348409	850.4728	0.028721165	0.98076326	0.0
SPIKE	S147:G>A	0	74280	0.0	9999.0	0.0	TRUE	G	3.2873862E-4	807.0	0.0022029588	0.9512596	463.5441	0.030325424	0.97489995	0.0
SPIKE	S147:G>C	0	74280	0.0	9999.0	0.0	TRUE	G	5.6737114E-4	1812.0	7.8468706E-4	0.91737366	668.53546	0.023276726	0.98290503	0.0
SPIKE	S147:G>T	0	74280	0.0	9999.0	0.0	TRUE	G	0.003271973	10358.0	9.765844E-4	0.60814625	481.44986	0.023487134	0.9828144	0.0
SPIKE	S148:T>A	0	74280	0.0	9999.0	0.0	TRUE	T	1.2931521E-5	35.0	0.0015007107	0.9980363	430.35165	0.02748563	0.98227274	0.0
SPIKE	S148:T>G	0	74280	0.0	9999.0	0.0	TRUE	T	0.004869628	15900.0	4.5087622E-4	0.4770264	1134.98	0.022759695	0.9804364	0.0
SPIKE	S148:T>C	0	74280	0.0	9999.0	0.0	TRUE	T	4.5192387E-4	1071.0	0.0016494414	0.9336138	1055.5969	0.0313953	0.97058165	0.0
SPIKE	S149:G>A	0	74280	0.0	9999.0	0.0	TRUE	G	2.7089365E-4	665.0	0.0022029588	0.95966035	463.5441	0.030325424	0.97489995	0.0
SPIKE	S149:G>C	0	74280	0.0	9999.0	0.0	TRUE	G	0.0033641479	10744.0	7.8468706E-4	0.5996852	668.53546	0.023276726	0.98290503	0.0
SPIKE	S149:G>T	0	74280	0.0	9999.0	0.0	TRUE	G	8.6995686E-4	2754.0	9.765844E-4	0.8761364	481.44986	0.023487134	0.9828144	0.0
SPIKE	S150:C>A	0	74277	0.0	9999.0	0.0	TRUE	C	3.1694068E-5	9.0	0.003520256	0.9951941	65.85385	0.035874233	0.96777284	1.0
SPIKE	S150:C>G	0	74277	0.0	9999.0	0.0	TRUE	C	0.0014849402	4657.0	9.146358E-4	0.7979488	664.52124	0.023705792	0.983998	0.0
SPIKE	S150:C>T	0	74277	0.0	9999.0	0.0	TRUE	C	0.0049724537	12877.0	0.0013613913	0.46962866	850.4384	0.028721165	0.98076326	0.0
SPIKE	S151:T>A	0	74265	0.0	9999.0	0.0	TRUE	T	7.76048E-6	21.0	0.0015007107	0.9988211	430.26474	0.02748563	0.98227274	0.0
SPIKE	S151:T>G	0	74265	0.0	9999.0	0.0	TRUE	T	0.0049986565	16318.0	4.5087622E-4	0.46776193	1134.7507	0.022759695	0.9804364	0.0
SPIKE	S151:T>C	0	74265	0.0	9999.0	0.0	TRUE	T	9.297753E-4	2203.0	0.0016494414	0.8682064	1055.3838	0.0313953	0.97058165	0.0
SPIKE	S152:G>A	0	74251	0.0	9999.0	0.0	TRUE	G	2.5184613E-4	618.0	0.0022029588	0.9624428	463.36313	0.030325424	0.97489995	0.0
SPIKE	S152:G>C	0	74251	0.0	9999.0	0.0	TRUE	G	7.517785E-6	24.0	7.8468706E-4	0.998858	668.2745	0.023276726	0.98290503	0.0
SPIKE	S152:G>T	0	74251	0.0	9999.0	0.0	TRUE	G	5.681893E-4	1798.0	9.765844E-4	0.9172596	481.26187	0.023487134	0.9828144	0.0
SPIKE	S153:G>A	0	74102	0.0	9999.0	0.0	TRUE	G	1.2413457E-4	304.0	0.0022029588	0.98130846	462.4333	0.030325424	0.97489995	0.0
SPIKE	S153:G>C	0	74102	0.0	9999.0	0.0	TRUE	G	5.649676E-6	18.0	7.8468706E-4	0.99914163	666.9334	0.023276726	0.98290503	0.0
SPIKE	S153:G>T	0	74102	0.0	9999.0	0.0	TRUE	G	6.6495927E-6	21.0	9.765844E-4	0.99898976	480.29614	0.023487134	0.9828144	0.0
