#pipeline_block
reference	mutation	count	coverage	freq	score	cqs	has.reference	ancestral.allele	error.rate	minor.count.local	minor.fdr	minor.recall	minor.count.global	read.fraction.in.minors	q.filtered.read.fraction	global.est
SPIKE	S0:T>A	0	107357	0.0	9999.0	0.0	TRUE	T	2.7818074E-5	9.0	0.0019556026	0.99470085	109.671234	0.027284427	0.993066	1.0
SPIKE	S0:T>G	0	107357	0.0	9999.0	0.0	TRUE	T	1.7141586E-4	2.0	3.8434993E-4	0.9677897	965.1402	0.019074708	0.9862026	1.0
SPIKE	S0:T>C	0	107357	0.0	9999.0	0.0	TRUE	T	7.716143E-6	35.0	0.0015176805	0.9985273	227.2329	0.023704031	0.98464155	0.0
SPIKE	S1:A>G	0	107419	0.0	9999.0	0.0	TRUE	A	5.0588533E-5	215.0	0.0018401664	0.9903841	220.12425	0.025321804	0.97091836	0.0
SPIKE	S1:A>C	0	107419	0.0	9999.0	0.0	TRUE	A	3.1276932E-6	10.0	0.0018049357	0.99940276	65.81776	0.033658117	0.9120175	0.0
SPIKE	S1:A>T	0	107419	0.0	9999.0	0.0	TRUE	A	7.571917E-6	23.0	0.0029631744	0.9985548	80.009125	0.035468917	0.9855372	0.0
SPIKE	S2:G>A	0	107487	0.0	9999.0	0.0	TRUE	G	1.1889438E-5	44.0	0.0018395359	0.9977317	195.70045	0.029098073	0.97841877	0.0
SPIKE	S2:G>C	0	107487	0.0	9999.0	0.0	TRUE	G	1.885548E-6	11.0	6.8927294E-4	0.9996399	458.2067	0.018437427	0.98737264	0.0
SPIKE	S2:G>T	0	107487	0.0	9999.0	0.0	TRUE	G	5.6390895E-6	30.0	8.073434E-4	0.99892354	430.63037	0.020220619	0.98660856	0.0
SPIKE	S3:C>A	0	107539	0.0	9999.0	0.0	TRUE	C	5.700234E-6	22.0	0.0036749488	0.99891186	68.105576	0.027966296	0.97680926	0.0
SPIKE	S3:C>G	0	107539	0.0	9999.0	0.0	TRUE	C	8.067106E-5	7.0	7.82529E-4	0.9847099	481.36978	0.018036196	0.989625	1.0
SPIKE	S3:C>T	0	107539	0.0	9999.0	0.0	TRUE	C	4.9178798E-5	249.0	7.9152087E-4	0.99065083	802.85425	0.021256339	0.9761288	0.0
SPIKE	S4:G>A	8	107582	7.436188E-5	35.208233	39.5	TRUE	G	1.4632693E-4	542.0	0.0018395359	0.9724385	195.87341	0.029098073	0.97841877	0.0
SPIKE	S4:G>C	3	107582	2.7885706E-5	56.974594	40.0	TRUE	G	2.3976693E-6	14.0	6.8927294E-4	0.9995422	458.61166	0.018437427	0.98737264	0.0
SPIKE	S4:G>T	0	107582	0.0	9999.0	0.0	TRUE	G	2.817055E-6	15.0	8.073434E-4	0.99946207	431.01096	0.020220619	0.98660856	0.0
SPIKE	S5:T>A	1	107607	9.293076E-6	7.8072233	40.0	TRUE	T	2.7818074E-5	1.0	0.0019556026	0.99470085	109.92663	0.027284427	0.993066	1.0
SPIKE	S5:T>C	10	107607	9.293076E-5	88.32436	39.7	TRUE	T	5.5427157E-5	252.0	0.0015176805	0.98946923	227.76204	0.023704031	0.98464155	0.0
SPIKE	S5:T>G	0	107607	0.0	9999.0	0.0	TRUE	T	2.8351133E-6	16.0	3.8434993E-4	0.9994586	967.3877	0.019074708	0.9862026	0.0
SPIKE	I6:>G	1	107639	9.290313E-6	9999.0	39.96179	TRUE		NaN	NaN	NaN	NaN	NaN	NaN	NaN	NaN
SPIKE	S6:G>A	21	107639	1.9509657E-4	375.58044	39.61905	TRUE	G	1.2142482E-5	45.0	0.0018395359	0.99768347	195.97719	0.029098073	0.97841877	0.0
SPIKE	S6:G>T	5	107639	4.6451565E-5	97.26689	40.0	TRUE	G	2.8155632E-6	15.0	8.073434E-4	0.99946237	431.23932	0.020220619	0.98660856	0.0
SPIKE	S6:G>C	0	107639	0.0	9999.0	0.0	TRUE	G	7.854279E-5	2.0	6.8927294E-4	0.9851103	458.85464	0.018437427	0.98737264	1.0
SPIKE	S7:A>G	4	107658	3.7154692E-5	36.52453	38.75	TRUE	A	2.7938004E-5	119.0	0.0018401664	0.9946781	220.61401	0.025321804	0.97091836	0.0
SPIKE	S7:A>C	4	107658	3.7154692E-5	41.594997	40.0	TRUE	A	2.0585776E-5	2.0	0.0018049357	0.9960758	65.9642	0.033658117	0.9120175	1.0
SPIKE	S7:A>T	1	107658	9.288673E-6	8.035561	40.0	TRUE	A	2.6340107E-5	8.0	0.0029631744	0.99498165	80.18714	0.035468917	0.9855372	1.0
SPIKE	D7-8:A>	55	107658	5.1087706E-4	9999.0	39.956688	TRUE		NaN	NaN	NaN	NaN	NaN	NaN	NaN	NaN
SPIKE	S8:A>G	2	107660	1.8577002E-5	11.054744	40.0	TRUE	A	5.1794246E-5	7.0	0.0018401664	0.99015605	220.6181	0.025321804	0.97091836	1.0
SPIKE	S8:A>C	10	107660	9.2885006E-5	206.90524	39.5	TRUE	A	3.4327609E-6	11.0	0.0018049357	0.9993446	65.96542	0.033658117	0.9120175	0.0
SPIKE	S8:A>T	0	107660	0.0	9999.0	0.0	TRUE	A	6.5695367E-6	20.0	0.0029631744	0.998746	80.18863	0.035468917	0.9855372	0.0
SPIKE	D9-11:GA>	4	107661	3.715366E-5	9999.0	39.95865	TRUE		NaN	NaN	NaN	NaN	NaN	NaN	NaN	NaN
SPIKE	S9:G>A	11	107661	1.0217256E-4	102.627144	39.545456	TRUE	G	5.28811E-5	9.0	0.0018395359	0.98995054	196.01724	0.029098073	0.97841877	1.0
SPIKE	S9:G>C	1	107661	9.288415E-6	3.6648345	40.0	TRUE	G	7.854279E-5	0.0	6.8927294E-4	0.9851103	458.94843	0.018437427	0.98737264	1.0
SPIKE	S9:G>T	6	107661	5.573049E-5	119.728714	37.666668	TRUE	G	2.8149877E-6	15.0	8.073434E-4	0.9994625	431.32748	0.020220619	0.98660856	0.0
SPIKE	D9-10:G>	21	107661	1.9505671E-4	9999.0	39.95865	TRUE		NaN	NaN	NaN	NaN	NaN	NaN	NaN	NaN
SPIKE	S10:A>G	2	107661	1.857683E-5	19.650658	40.0	TRUE	A	1.7842262E-5	76.0	0.0018401664	0.99659795	220.62016	0.025321804	0.97091836	0.0
SPIKE	S10:A>C	1	107661	9.288415E-6	9.082486	39.0	TRUE	A	2.0585776E-5	1.0	0.0018049357	0.9960758	65.966034	0.033658117	0.9120175	1.0
SPIKE	D10-11:A>	15	107661	1.3932622E-4	9999.0	39.946537	TRUE		NaN	NaN	NaN	NaN	NaN	NaN	NaN	NaN
SPIKE	S10:A>T	0	107661	0.0	9999.0	0.0	TRUE	A	2.6340107E-5	3.0	0.0029631744	0.99498165	80.18938	0.035468917	0.9855372	1.0
SPIKE	S11:C>G	2	107661	1.857683E-5	7.7996826	40.0	TRUE	C	8.067106E-5	1.0	7.82529E-4	0.9847099	481.91586	0.018036196	0.989625	1.0
SPIKE	S11:C>T	1	107661	9.288415E-6	13.322688	40.0	TRUE	C	7.693975E-6	39.0	7.9152087E-4	0.9985315	803.765	0.021256339	0.9761288	0.0
SPIKE	D11-12:C>	7	107661	6.50189E-5	9999.0	39.923527	TRUE		NaN	NaN	NaN	NaN	NaN	NaN	NaN	NaN
SPIKE	S11:C>A	0	107661	0.0	9999.0	0.0	TRUE	C	1.764626E-5	8.0	0.0036749488	0.99663526	68.18284	0.027966296	0.97680926	1.0
SPIKE	D12-14:GA>	1	107661	9.288415E-6	9999.0	39.783665	TRUE		NaN	NaN	NaN	NaN	NaN	NaN	NaN	NaN
SPIKE	S12:G>A	12	107661	1.1146098E-4	117.205284	39.583332	TRUE	G	5.0988E-5	189.0	0.0018395359	0.9903086	196.01724	0.029098073	0.97841877	0.0
SPIKE	S12:G>C	2	107661	1.857683E-5	7.9874406	39.5	TRUE	G	7.854279E-5	5.0	6.8927294E-4	0.9851103	458.94843	0.018437427	0.98737264	1.0
SPIKE	S12:G>T	11	107661	1.0217256E-4	243.8626	38.363636	TRUE	G	2.627322E-6	14.0	8.073434E-4	0.9994983	431.32748	0.020220619	0.98660856	0.0
SPIKE	D12-13:G>	7	107661	6.50189E-5	9999.0	39.783665	TRUE		NaN	NaN	NaN	NaN	NaN	NaN	NaN	NaN
SPIKE	S13:A>G	2	107661	1.857683E-5	20.219906	40.0	TRUE	A	1.666843E-5	71.0	0.0018401664	0.9968214	220.62016	0.025321804	0.97091836	0.0
SPIKE	S13:A>C	3	107661	2.7865244E-5	29.436205	39.333332	TRUE	A	2.0585776E-5	3.0	0.0018049357	0.9960758	65.966034	0.033658117	0.9120175	1.0
SPIKE	S13:A>T	4	107661	3.715366E-5	50.94642	39.75	TRUE	A	1.1825056E-5	36.0	0.0029631744	0.99774396	80.18938	0.035468917	0.9855372	0.0
SPIKE	D13-14:A>	3	107661	2.7865244E-5	9999.0	39.923073	TRUE		NaN	NaN	NaN	NaN	NaN	NaN	NaN	NaN
SPIKE	S14:C>T	2	107661	1.857683E-5	21.447628	34.5	TRUE	C	1.4401543E-5	73.0	7.9152087E-4	0.99725306	803.765	0.021256339	0.9761288	0.0
SPIKE	D14-15:C>	4	107661	3.715366E-5	9999.0	39.95198	TRUE		NaN	NaN	NaN	NaN	NaN	NaN	NaN	NaN
SPIKE	S14:C>A	0	107661	0.0	9999.0	0.0	TRUE	C	1.764626E-5	6.0	0.0036749488	0.99663526	68.18284	0.027966296	0.97680926	1.0
SPIKE	S14:C>G	0	107661	0.0	9999.0	0.0	TRUE	C	8.067106E-5	1.0	7.82529E-4	0.9847099	481.91586	0.018036196	0.989625	1.0
SPIKE	S15:A>G	1	107661	9.288415E-6	11.582998	40.0	TRUE	A	1.1503564E-5	49.0	0.0018401664	0.99780524	220.62016	0.025321804	0.97091836	0.0
SPIKE	S15:A>C	2	107661	1.857683E-5	18.459692	38.5	TRUE	A	2.0585776E-5	9.0	0.0018049357	0.9960758	65.966034	0.033658117	0.9120175	1.0
SPIKE	S15:A>T	0	107661	0.0	9999.0	0.0	TRUE	A	2.6340107E-5	9.0	0.0029631744	0.99498165	80.18938	0.035468917	0.9855372	1.0
SPIKE	S16:G>A	16	107661	1.4861464E-4	350.76474	39.5625	TRUE	G	3.776889E-6	14.0	0.0018395359	0.9992789	196.01724	0.029098073	0.97841877	0.0
SPIKE	S16:G>T	7	107661	6.50189E-5	152.2848	38.42857	TRUE	G	2.0643245E-6	11.0	8.073434E-4	0.9996058	431.32748	0.020220619	0.98660856	0.0
SPIKE	S16:G>C	0	107661	0.0	9999.0	0.0	TRUE	G	7.854279E-5	1.0	6.8927294E-4	0.9851103	458.94843	0.018437427	0.98737264	1.0
SPIKE	S17:A>C	2	107661	1.857683E-5	18.459692	38.5	TRUE	A	2.0585776E-5	1.0	0.0018049357	0.9960758	65.966034	0.033658117	0.9120175	1.0
SPIKE	S17:A>G	0	107661	0.0	9999.0	0.0	TRUE	A	5.1794246E-5	9.0	0.0018401664	0.99015605	220.62016	0.025321804	0.97091836	1.0
SPIKE	S17:A>T	0	107661	0.0	9999.0	0.0	TRUE	A	2.6340107E-5	3.0	0.0029631744	0.99498165	80.18938	0.035468917	0.9855372	1.0
SPIKE	S18:A>G	2	107661	1.857683E-5	32.405247	34.0	TRUE	A	3.9910324E-6	17.0	0.0018401664	0.999238	220.62016	0.025321804	0.97091836	0.0
SPIKE	S18:A>C	0	107661	0.0	9999.0	0.0	TRUE	A	2.0585776E-5	4.0	0.0018049357	0.9960758	65.966034	0.033658117	0.9120175	1.0
SPIKE	S18:A>T	0	107661	0.0	9999.0	0.0	TRUE	A	2.6340107E-5	5.0	0.0029631744	0.99498165	80.18938	0.035468917	0.9855372	1.0
SPIKE	S19:C>A	1	107661	9.288415E-6	14.829258	40.0	TRUE	C	5.4349666E-6	21.0	0.0036749488	0.99896246	68.18284	0.027966296	0.97680926	0.0
SPIKE	D19-20:C>	1	107661	9.288415E-6	9999.0	39.77257	TRUE		NaN	NaN	NaN	NaN	NaN	NaN	NaN	NaN
SPIKE	S19:C>G	0	107661	0.0	9999.0	0.0	TRUE	C	8.067106E-5	6.0	7.82529E-4	0.9847099	481.91586	0.018036196	0.989625	1.0
SPIKE	S19:C>T	0	107661	0.0	9999.0	0.0	TRUE	C	5.5238793E-6	28.0	7.9152087E-4	0.9989455	803.765	0.021256339	0.9761288	0.0
SPIKE	S20:C>A	12	107661	1.1146098E-4	245.9971	39.25	TRUE	C	4.140927E-6	16.0	0.0036749488	0.9992094	68.18284	0.027966296	0.97680926	0.0
SPIKE	S20:C>T	1	107661	9.288415E-6	1.4704996	39.0	TRUE	C	1.585679E-4	5.0	7.9152087E-4	0.9701676	803.765	0.021256339	0.9761288	1.0
SPIKE	S20:C>G	0	107661	0.0	9999.0	0.0	TRUE	C	8.067106E-5	0.0	7.82529E-4	0.9847099	481.91586	0.018036196	0.989625	1.0
SPIKE	S21:A>G	0	107661	0.0	9999.0	0.0	TRUE	A	5.1794246E-5	7.0	0.0018401664	0.99015605	220.62016	0.025321804	0.97091836	1.0
SPIKE	S21:A>C	0	107661	0.0	9999.0	0.0	TRUE	A	2.0585776E-5	6.0	0.0018049357	0.9960758	65.966034	0.033658117	0.9120175	1.0
SPIKE	S21:A>T	0	107661	0.0	9999.0	0.0	TRUE	A	2.6340107E-5	2.0	0.0029631744	0.99498165	80.18938	0.035468917	0.9855372	1.0
SPIKE	S22:A>T	107661	107661	1.0	Infinity	39.99128	FALSE	T	2.6340107E-5	0.0	0.0029631744	0.99498165	80.18938	0.035468917	0.9855372	1.0
SPIKE	S22:A>G	0	107661	0.0	9999.0	0.0	FALSE	T	5.1794246E-5	0.0	0.0018401664	0.99015605	220.62016	0.025321804	0.97091836	1.0
SPIKE	S22:A>C	0	107661	0.0	9999.0	0.0	FALSE	T	2.0585776E-5	0.0	0.0018049357	0.9960758	65.966034	0.033658117	0.9120175	1.0
SPIKE	S23:A>G	0	107661	0.0	9999.0	0.0	TRUE	A	5.1794246E-5	0.0	0.0018401664	0.99015605	220.62016	0.025321804	0.97091836	1.0
SPIKE	S23:A>C	0	107661	0.0	9999.0	0.0	TRUE	A	2.0585776E-5	0.0	0.0018049357	0.9960758	65.966034	0.033658117	0.9120175	1.0
SPIKE	S23:A>T	0	107661	0.0	9999.0	0.0	TRUE	A	2.6340107E-5	1.0	0.0029631744	0.99498165	80.18938	0.035468917	0.9855372	1.0
SPIKE	S24:A>C	107661	107661	1.0	Infinity	39.99126	FALSE	C	2.0585776E-5	0.0	0.0018049357	0.9960758	65.966034	0.033658117	0.9120175	1.0
SPIKE	S24:A>G	0	107661	0.0	9999.0	0.0	FALSE	C	5.1794246E-5	0.0	0.0018401664	0.99015605	220.62016	0.025321804	0.97091836	1.0
SPIKE	S24:A>T	0	107661	0.0	9999.0	0.0	FALSE	C	2.6340107E-5	0.0	0.0029631744	0.99498165	80.18938	0.035468917	0.9855372	1.0
SPIKE	S25:A>T	107661	107661	1.0	Infinity	39.99141	FALSE	T	2.6340107E-5	0.0	0.0029631744	0.99498165	80.18938	0.035468917	0.9855372	1.0
SPIKE	S25:A>G	0	107661	0.0	9999.0	0.0	FALSE	T	5.1794246E-5	0.0	0.0018401664	0.99015605	220.62016	0.025321804	0.97091836	1.0
SPIKE	S25:A>C	0	107661	0.0	9999.0	0.0	FALSE	T	2.0585776E-5	1.0	0.0018049357	0.9960758	65.966034	0.033658117	0.9120175	1.0
SPIKE	S26:T>A	0	107661	0.0	9999.0	0.0	TRUE	T	3.2881348E-6	13.0	0.0019556026	0.9993722	109.98179	0.027284427	0.993066	0.0
SPIKE	S26:T>G	0	107661	0.0	9999.0	0.0	TRUE	T	1.7141586E-4	9.0	3.8434993E-4	0.9677897	967.87317	0.019074708	0.9862026	1.0
SPIKE	S26:T>C	0	107661	0.0	9999.0	0.0	TRUE	T	1.9345807E-5	88.0	0.0015176805	0.9963118	227.87634	0.023704031	0.98464155	0.0
SPIKE	S27:G>A	1	107661	9.288415E-6	17.077408	40.0	TRUE	G	3.2373334E-6	12.0	0.0018395359	0.99938184	196.01724	0.029098073	0.97841877	0.0
SPIKE	S27:G>T	2	107661	1.857683E-5	33.376606	39.5	TRUE	G	3.5656512E-6	19.0	8.073434E-4	0.9993192	431.32748	0.020220619	0.98660856	0.0
SPIKE	S27:G>C	0	107661	0.0	9999.0	0.0	TRUE	G	7.854279E-5	0.0	6.8927294E-4	0.9851103	458.94843	0.018437427	0.98737264	1.0
SPIKE	S28:G>A	0	107661	0.0	9999.0	0.0	TRUE	G	9.981778E-6	37.0	0.0018395359	0.9980953	196.01724	0.029098073	0.97841877	0.0
SPIKE	S28:G>C	0	107661	0.0	9999.0	0.0	TRUE	G	7.854279E-5	3.0	6.8927294E-4	0.9851103	458.94843	0.018437427	0.98737264	1.0
SPIKE	S28:G>T	0	107661	0.0	9999.0	0.0	TRUE	G	3.940983E-6	21.0	8.073434E-4	0.99924755	431.32748	0.020220619	0.98660856	0.0
SPIKE	S29:G>A	0	107661	0.0	9999.0	0.0	TRUE	G	1.0791111E-5	40.0	0.0018395359	0.997941	196.01724	0.029098073	0.97841877	0.0
SPIKE	S29:G>C	0	107661	0.0	9999.0	0.0	TRUE	G	7.854279E-5	1.0	6.8927294E-4	0.9851103	458.94843	0.018437427	0.98737264	1.0
SPIKE	S29:G>T	0	107661	0.0	9999.0	0.0	TRUE	G	2.8149877E-6	15.0	8.073434E-4	0.9994625	431.32748	0.020220619	0.98660856	0.0
SPIKE	S30:A>G	0	107661	0.0	9999.0	0.0	TRUE	A	5.1794246E-5	8.0	0.0018401664	0.99015605	220.62016	0.025321804	0.97091836	1.0
SPIKE	S30:A>C	0	107661	0.0	9999.0	0.0	TRUE	A	2.0585776E-5	3.0	0.0018049357	0.9960758	65.966034	0.033658117	0.9120175	1.0
SPIKE	S30:A>T	0	107661	0.0	9999.0	0.0	TRUE	A	2.6340107E-5	1.0	0.0029631744	0.99498165	80.18938	0.035468917	0.9855372	1.0
SPIKE	S31:T>A	0	107661	0.0	9999.0	0.0	TRUE	T	2.7818074E-5	6.0	0.0019556026	0.99470085	109.98179	0.027284427	0.993066	1.0
SPIKE	S31:T>G	0	107661	0.0	9999.0	0.0	TRUE	T	1.7141586E-4	2.0	3.8434993E-4	0.9677897	967.87317	0.019074708	0.9862026	1.0
SPIKE	S31:T>C	0	107661	0.0	9999.0	0.0	TRUE	T	2.6380646E-6	12.0	0.0015176805	0.9994963	227.87634	0.023704031	0.98464155	0.0
SPIKE	S32:C>T	1	107661	9.288415E-6	9.438754	39.0	TRUE	C	1.8939016E-5	96.0	7.9152087E-4	0.9963892	803.765	0.021256339	0.9761288	0.0
SPIKE	S32:C>A	6	107661	5.573049E-5	108.151344	39.666668	TRUE	C	4.399735E-6	17.0	0.0036749488	0.99916	68.18284	0.027966296	0.97680926	0.0
SPIKE	S32:C>G	0	107661	0.0	9999.0	0.0	TRUE	C	8.067106E-5	6.0	7.82529E-4	0.9847099	481.91586	0.018036196	0.989625	1.0
SPIKE	S33:C>A	10	107661	9.288415E-5	141.84256	39.5	TRUE	C	1.5528476E-5	60.0	0.0036749488	0.9970385	68.18284	0.027966296	0.97680926	0.0
SPIKE	S33:C>G	0	107661	0.0	9999.0	0.0	TRUE	C	8.067106E-5	0.0	7.82529E-4	0.9847099	481.91586	0.018036196	0.989625	1.0
SPIKE	S33:C>T	0	107661	0.0	9999.0	0.0	TRUE	C	7.102131E-6	36.0	7.9152087E-4	0.9986444	803.765	0.021256339	0.9761288	0.0
SPIKE	S34:A>G	0	107661	0.0	9999.0	0.0	TRUE	A	2.1128993E-5	90.0	0.0018401664	0.9959725	220.62016	0.025321804	0.97091836	0.0
SPIKE	S34:A>C	0	107661	0.0	9999.0	0.0	TRUE	A	2.0585776E-5	5.0	0.0018049357	0.9960758	65.966034	0.033658117	0.9120175	1.0
SPIKE	S34:A>T	0	107661	0.0	9999.0	0.0	TRUE	A	3.9416855E-6	12.0	0.0029631744	0.99924743	80.18938	0.035468917	0.9855372	0.0
SPIKE	S35:T>A	0	107661	0.0	9999.0	0.0	TRUE	T	2.7818074E-5	9.0	0.0019556026	0.99470085	109.98179	0.027284427	0.993066	1.0
SPIKE	S35:T>G	0	107661	0.0	9999.0	0.0	TRUE	T	1.7141586E-4	8.0	3.8434993E-4	0.9677897	967.87317	0.019074708	0.9862026	1.0
SPIKE	S35:T>C	0	107661	0.0	9999.0	0.0	TRUE	T	3.2975809E-6	15.0	0.0015176805	0.99937034	227.87634	0.023704031	0.98464155	0.0
SPIKE	S36:T>A	0	107661	0.0	9999.0	0.0	TRUE	T	2.7818074E-5	9.0	0.0019556026	0.99470085	109.98179	0.027284427	0.993066	1.0
SPIKE	S36:T>G	0	107661	0.0	9999.0	0.0	TRUE	T	1.7141586E-4	1.0	3.8434993E-4	0.9677897	967.87317	0.019074708	0.9862026	1.0
SPIKE	S36:T>C	0	107661	0.0	9999.0	0.0	TRUE	T	5.009604E-5	7.0	0.0015176805	0.99047726	227.87634	0.023704031	0.98464155	1.0
SPIKE	S37:A>G	0	107661	0.0	9999.0	0.0	TRUE	A	8.686364E-6	37.0	0.0018401664	0.9983423	220.62016	0.025321804	0.97091836	0.0
SPIKE	S37:A>C	0	107661	0.0	9999.0	0.0	TRUE	A	3.2454893E-5	104.0	0.0018049357	0.9938203	65.966034	0.033658117	0.9120175	0.0
SPIKE	S37:A>T	0	107661	0.0	9999.0	0.0	TRUE	A	2.6340107E-5	1.0	0.0029631744	0.99498165	80.18938	0.035468917	0.9855372	1.0
SPIKE	S38:T>A	0	107661	0.0	9999.0	0.0	TRUE	T	2.7818074E-5	7.0	0.0019556026	0.99470085	109.98179	0.027284427	0.993066	1.0
SPIKE	S38:T>G	0	107661	0.0	9999.0	0.0	TRUE	T	1.7141586E-4	0.0	3.8434993E-4	0.9677897	967.87317	0.019074708	0.9862026	1.0
SPIKE	S38:T>C	0	107661	0.0	9999.0	0.0	TRUE	T	2.6380646E-6	12.0	0.0015176805	0.9994963	227.87634	0.023704031	0.98464155	0.0
SPIKE	S39:C>A	9	107661	8.359573E-5	163.43385	39.333332	TRUE	C	5.6937747E-6	22.0	0.0036749488	0.9989131	68.18284	0.027966296	0.97680926	0.0
SPIKE	S39:C>G	0	107661	0.0	9999.0	0.0	TRUE	C	8.067106E-5	8.0	7.82529E-4	0.9847099	481.91586	0.018036196	0.989625	1.0
SPIKE	S39:C>T	0	107661	0.0	9999.0	0.0	TRUE	C	7.1613154E-5	363.0	7.9152087E-4	0.986415	803.765	0.021256339	0.9761288	0.0
SPIKE	S40:G>A	0	107661	0.0	9999.0	0.0	TRUE	G	5.125778E-6	19.0	0.0018395359	0.9990215	196.01724	0.029098073	0.97841877	0.0
SPIKE	S40:G>C	0	107661	0.0	9999.0	0.0	TRUE	G	7.854279E-5	1.0	6.8927294E-4	0.9851103	458.94843	0.018437427	0.98737264	1.0
SPIKE	S40:G>T	0	107661	0.0	9999.0	0.0	TRUE	G	6.943637E-6	37.0	8.073434E-4	0.99867463	431.32748	0.020220619	0.98660856	0.0
SPIKE	S41:G>T	2	107661	1.857683E-5	7.775931	39.0	TRUE	G	8.0945436E-5	8.0	8.073434E-4	0.9846583	431.32748	0.020220619	0.98660856	1.0
SPIKE	S41:G>A	0	107661	0.0	9999.0	0.0	TRUE	G	2.2391556E-5	83.0	0.0018395359	0.99573237	196.01724	0.029098073	0.97841877	0.0
SPIKE	S41:G>C	0	107661	0.0	9999.0	0.0	TRUE	G	7.854279E-5	7.0	6.8927294E-4	0.9851103	458.94843	0.018437427	0.98737264	1.0
SPIKE	S42:C>T	3	107661	2.7865244E-5	30.87604	38.666668	TRUE	C	1.8347171E-5	93.0	7.9152087E-4	0.9965018	803.765	0.021256339	0.9761288	0.0
SPIKE	S42:C>A	25	107661	2.3221037E-4	580.0695	39.16	TRUE	C	4.140927E-6	16.0	0.0036749488	0.9992094	68.18284	0.027966296	0.97680926	0.0
SPIKE	S42:C>G	0	107661	0.0	9999.0	0.0	TRUE	C	8.067106E-5	5.0	7.82529E-4	0.9847099	481.91586	0.018036196	0.989625	1.0
SPIKE	S43:G>A	0	107661	0.0	9999.0	0.0	TRUE	G	6.150934E-5	228.0	0.0018395359	0.98832047	196.01724	0.029098073	0.97841877	0.0
SPIKE	S43:G>C	0	107661	0.0	9999.0	0.0	TRUE	G	1.7113642E-6	10.0	6.8927294E-4	0.9996732	458.94843	0.018437427	0.98737264	0.0
SPIKE	S43:G>T	0	107661	0.0	9999.0	0.0	TRUE	G	4.6916466E-6	25.0	8.073434E-4	0.9991043	431.32748	0.020220619	0.98660856	0.0
SPIKE	S44:G>A	4	107661	3.715366E-5	4.3391614	38.25	TRUE	G	2.8866224E-4	1070.0	0.0018395359	0.94635785	196.01724	0.029098073	0.97841877	0.0
SPIKE	S44:G>C	0	107661	0.0	9999.0	0.0	TRUE	G	1.0610458E-5	62.0	6.8927294E-4	0.99797547	458.94843	0.018437427	0.98737264	0.0
SPIKE	S44:G>T	0	107661	0.0	9999.0	0.0	TRUE	G	4.3163145E-6	23.0	8.073434E-4	0.9991759	431.32748	0.020220619	0.98660856	0.0
SPIKE	S45:C>T	1	107661	9.288415E-6	18.088583	37.0	TRUE	C	2.5646584E-6	13.0	7.9152087E-4	0.9995103	803.765	0.021256339	0.9761288	0.0
SPIKE	S45:C>A	5	107661	4.6442074E-5	79.32318	39.6	TRUE	C	6.4701985E-6	25.0	0.0036749488	0.99876493	68.18284	0.027966296	0.97680926	0.0
SPIKE	S45:C>G	0	107661	0.0	9999.0	0.0	TRUE	C	8.067106E-5	8.0	7.82529E-4	0.9847099	481.91586	0.018036196	0.989625	1.0
SPIKE	S46:G>T	1	107661	9.288415E-6	15.644322	40.0	TRUE	G	4.5039806E-6	24.0	8.073434E-4	0.9991401	431.32748	0.020220619	0.98660856	0.0
SPIKE	S46:G>A	0	107661	0.0	9999.0	0.0	TRUE	G	6.987245E-5	259.0	0.0018395359	0.98674303	196.01724	0.029098073	0.97841877	0.0
SPIKE	S46:G>C	0	107661	0.0	9999.0	0.0	TRUE	G	7.854279E-5	2.0	6.8927294E-4	0.9851103	458.94843	0.018437427	0.98737264	1.0
SPIKE	S47:A>G	0	107661	0.0	9999.0	0.0	TRUE	A	5.1794246E-5	4.0	0.0018401664	0.99015605	220.62016	0.025321804	0.97091836	1.0
SPIKE	S47:A>C	0	107661	0.0	9999.0	0.0	TRUE	A	2.0585776E-5	0.0	0.0018049357	0.9960758	65.966034	0.033658117	0.9120175	1.0
SPIKE	S47:A>T	0	107661	0.0	9999.0	0.0	TRUE	A	2.6340107E-5	9.0	0.0029631744	0.99498165	80.18938	0.035468917	0.9855372	1.0
SPIKE	S48:A>G	0	107661	0.0	9999.0	0.0	TRUE	A	5.1794246E-5	4.0	0.0018401664	0.99015605	220.62016	0.025321804	0.97091836	1.0
SPIKE	S48:A>C	0	107661	0.0	9999.0	0.0	TRUE	A	2.0585776E-5	0.0	0.0018049357	0.9960758	65.966034	0.033658117	0.9120175	1.0
SPIKE	S48:A>T	0	107661	0.0	9999.0	0.0	TRUE	A	4.598633E-6	14.0	0.0029631744	0.999122	80.18938	0.035468917	0.9855372	0.0
SPIKE	S49:T>A	0	107661	0.0	9999.0	0.0	TRUE	T	2.7818074E-5	4.0	0.0019556026	0.99470085	109.98179	0.027284427	0.993066	1.0
SPIKE	S49:T>G	0	107661	0.0	9999.0	0.0	TRUE	T	1.7141586E-4	3.0	3.8434993E-4	0.9677897	967.87317	0.019074708	0.9862026	1.0
SPIKE	S49:T>C	0	107661	0.0	9999.0	0.0	TRUE	T	5.009604E-5	9.0	0.0015176805	0.99047726	227.87634	0.023704031	0.98464155	1.0
SPIKE	S50:T>A	0	107661	0.0	9999.0	0.0	TRUE	T	2.7818074E-5	2.0	0.0019556026	0.99470085	109.98179	0.027284427	0.993066	1.0
SPIKE	S50:T>G	0	107661	0.0	9999.0	0.0	TRUE	T	1.7141586E-4	3.0	3.8434993E-4	0.9677897	967.87317	0.019074708	0.9862026	1.0
SPIKE	S50:T>C	0	107661	0.0	9999.0	0.0	TRUE	T	5.009604E-5	4.0	0.0015176805	0.99047726	227.87634	0.023704031	0.98464155	1.0
SPIKE	S51:T>A	0	107661	0.0	9999.0	0.0	TRUE	T	3.0352014E-6	12.0	0.0019556026	0.99942046	109.98179	0.027284427	0.993066	0.0
SPIKE	S51:T>G	0	107661	0.0	9999.0	0.0	TRUE	T	1.7141586E-4	0.0	3.8434993E-4	0.9677897	967.87317	0.019074708	0.9862026	1.0
SPIKE	S51:T>C	0	107661	0.0	9999.0	0.0	TRUE	T	3.5174196E-6	16.0	0.0015176805	0.9993284	227.87634	0.023704031	0.98464155	0.0
SPIKE	S52:A>G	0	107661	0.0	9999.0	0.0	TRUE	A	7.0899514E-5	302.0	0.0018401664	0.9865495	220.62016	0.025321804	0.97091836	0.0
SPIKE	S52:A>C	0	107661	0.0	9999.0	0.0	TRUE	A	1.1234386E-5	36.0	0.0018049357	0.99785656	65.966034	0.033658117	0.9120175	0.0
SPIKE	S52:A>T	0	107661	0.0	9999.0	0.0	TRUE	A	4.598633E-6	14.0	0.0029631744	0.999122	80.18938	0.035468917	0.9855372	0.0
SPIKE	S53:C>T	2	107662	1.8576657E-5	9.120432	39.0	TRUE	C	6.707505E-5	340.0	7.9152087E-4	0.98727036	803.7725	0.021256339	0.9761288	0.0
SPIKE	S53:C>A	9	107662	8.3594954E-5	186.98946	39.333332	TRUE	C	3.1056663E-6	12.0	0.0036749488	0.999407	68.18347	0.027966296	0.97680926	0.0
SPIKE	S53:C>G	0	107662	0.0	9999.0	0.0	TRUE	C	8.537146E-6	51.0	7.82529E-4	0.9983707	481.92035	0.018036196	0.989625	0.0
SPIKE	S54:C>A	9	107664	8.3593404E-5	144.24516	40.0	TRUE	C	9.316826E-6	36.0	0.0036749488	0.99822205	68.18474	0.027966296	0.97680926	0.0
SPIKE	S54:C>G	0	107664	0.0	9999.0	0.0	TRUE	C	1.8413109E-6	11.0	7.82529E-4	0.9996484	481.9293	0.018036196	0.989625	0.0
SPIKE	S54:C>T	0	107664	0.0	9999.0	0.0	TRUE	C	1.0258347E-5	52.0	7.9152087E-4	0.9980426	803.7874	0.021256339	0.9761288	0.0
SPIKE	S55:A>G	2	107664	1.8576311E-5	7.3806868	40.0	TRUE	A	8.5687425E-5	365.0	0.0018401664	0.9837669	220.62631	0.025321804	0.97091836	0.0
SPIKE	S55:A>C	0	107664	0.0	9999.0	0.0	TRUE	A	1.4541883E-4	466.0	0.0018049357	0.9726072	65.96787	0.033658117	0.9120175	0.0
SPIKE	S55:A>T	0	107664	0.0	9999.0	0.0	TRUE	A	2.6340107E-5	5.0	0.0029631744	0.99498165	80.19161	0.035468917	0.9855372	1.0
SPIKE	S56:C>A	6	107664	5.5728935E-5	37.063194	40.0	TRUE	C	7.453461E-5	288.0	0.0036749488	0.98586476	68.18474	0.027966296	0.97680926	0.0
SPIKE	S56:C>G	0	107664	0.0	9999.0	0.0	TRUE	C	8.067106E-5	5.0	7.82529E-4	0.9847099	481.9293	0.018036196	0.989625	1.0
SPIKE	S56:C>T	0	107664	0.0	9999.0	0.0	TRUE	C	8.088312E-6	41.0	7.9152087E-4	0.9984563	803.7874	0.021256339	0.9761288	0.0
SPIKE	S57:C>A	21	107664	1.9505127E-4	416.11548	40.0	TRUE	C	7.764022E-6	30.0	0.0036749488	0.99851817	68.18474	0.027966296	0.97680926	0.0
SPIKE	S57:C>G	0	107664	0.0	9999.0	0.0	TRUE	C	8.067106E-5	2.0	7.82529E-4	0.9847099	481.9293	0.018036196	0.989625	1.0
SPIKE	S57:C>T	0	107664	0.0	9999.0	0.0	TRUE	C	1.585679E-4	9.0	7.9152087E-4	0.9701676	803.7874	0.021256339	0.9761288	1.0
SPIKE	S58:A>G	0	107664	0.0	9999.0	0.0	TRUE	A	5.1794246E-5	8.0	0.0018401664	0.99015605	220.62631	0.025321804	0.97091836	1.0
SPIKE	S58:A>C	0	107664	0.0	9999.0	0.0	TRUE	A	1.1109249E-4	356.0	0.0018049357	0.97900486	65.96787	0.033658117	0.9120175	0.0
SPIKE	S58:A>T	0	107664	0.0	9999.0	0.0	TRUE	A	1.281012E-5	39.0	0.0029631744	0.99755627	80.19161	0.035468917	0.9855372	0.0
SPIKE	S59:T>C	2	107664	1.8576311E-5	16.483643	40.0	TRUE	T	2.6160078E-5	119.0	0.0015176805	0.99501586	227.88269	0.023704031	0.98464155	0.0
SPIKE	S59:T>A	0	107664	0.0	9999.0	0.0	TRUE	T	9.1306436E-5	361.0	0.0019556026	0.9827117	109.984856	0.027284427	0.993066	0.0
SPIKE	S59:T>G	0	107664	0.0	9999.0	0.0	TRUE	T	3.896217E-6	22.0	3.8434993E-4	0.9992561	967.9001	0.019074708	0.9862026	0.0
SPIKE	S60:T>A	0	107664	0.0	9999.0	0.0	TRUE	T	2.7818074E-5	6.0	0.0019556026	0.99470085	109.984856	0.027284427	0.993066	1.0
SPIKE	S60:T>G	0	107664	0.0	9999.0	0.0	TRUE	T	4.2504184E-6	24.0	3.8434993E-4	0.9991885	967.9001	0.019074708	0.9862026	0.0
SPIKE	S60:T>C	0	107664	0.0	9999.0	0.0	TRUE	T	9.760567E-5	444.0	0.0015176805	0.98153	227.88269	0.023704031	0.98464155	0.0
SPIKE	S61:G>A	3	107664	2.7864467E-5	23.856056	40.0	TRUE	G	3.237243E-5	120.0	0.0018395359	0.9938359	196.0227	0.029098073	0.97841877	0.0
SPIKE	D61-62:G>	1	107664	9.2881555E-6	9999.0	39.999397	TRUE		NaN	NaN	NaN	NaN	NaN	NaN	NaN	NaN
SPIKE	S61:G>C	0	107664	0.0	9999.0	0.0	TRUE	G	7.854279E-5	1.0	6.8927294E-4	0.9851103	458.9612	0.018437427	0.98737264	1.0
SPIKE	S61:G>T	0	107664	0.0	9999.0	0.0	TRUE	G	7.224934E-5	385.0	8.073434E-4	0.98629516	431.33948	0.020220619	0.98660856	0.0
SPIKE	S62:A>G	0	107664	0.0	9999.0	0.0	TRUE	A	1.05172505E-4	448.0	0.0018401664	0.9801125	220.62631	0.025321804	0.97091836	0.0
SPIKE	S62:A>C	0	107664	0.0	9999.0	0.0	TRUE	A	2.0585776E-5	4.0	0.0018049357	0.9960758	65.96787	0.033658117	0.9120175	1.0
SPIKE	S62:A>T	0	107664	0.0	9999.0	0.0	TRUE	A	2.6340107E-5	2.0	0.0029631744	0.99498165	80.19161	0.035468917	0.9855372	1.0
SPIKE	S63:A>G	0	107664	0.0	9999.0	0.0	TRUE	A	3.521401E-6	15.0	0.0018401664	0.99932766	220.62631	0.025321804	0.97091836	0.0
SPIKE	S63:A>C	0	107664	0.0	9999.0	0.0	TRUE	A	2.0585776E-5	8.0	0.0018049357	0.9960758	65.96787	0.033658117	0.9120175	1.0
SPIKE	S63:A>T	0	107664	0.0	9999.0	0.0	TRUE	A	3.9415754E-6	12.0	0.0029631744	0.99924743	80.19161	0.035468917	0.9855372	0.0
SPIKE	S64:A>G	0	107664	0.0	9999.0	0.0	TRUE	A	2.8171207E-6	12.0	0.0018401664	0.99946207	220.62631	0.025321804	0.97091836	0.0
SPIKE	S64:A>C	0	107664	0.0	9999.0	0.0	TRUE	A	2.0585776E-5	7.0	0.0018049357	0.9960758	65.96787	0.033658117	0.9120175	1.0
SPIKE	S64:A>T	0	107664	0.0	9999.0	0.0	TRUE	A	2.6340107E-5	3.0	0.0029631744	0.99498165	80.19161	0.035468917	0.9855372	1.0
SPIKE	S65:A>G	1	107664	9.2881555E-6	13.852573	40.0	TRUE	A	6.8080417E-6	29.0	0.0018401664	0.9987005	220.62631	0.025321804	0.97091836	0.0
SPIKE	S65:A>T	1	107664	9.2881555E-6	8.035325	40.0	TRUE	A	2.6340107E-5	3.0	0.0029631744	0.99498165	80.19161	0.035468917	0.9855372	1.0
SPIKE	S65:A>C	0	107664	0.0	9999.0	0.0	TRUE	A	1.5758908E-4	505.0	0.0018049357	0.97034895	65.96787	0.033658117	0.9120175	0.0
SPIKE	S66:C>A	7	107664	6.501709E-5	107.575	40.0	TRUE	C	9.058025E-6	35.0	0.0036749488	0.9982714	68.18474	0.027966296	0.97680926	0.0
SPIKE	S66:C>G	0	107664	0.0	9999.0	0.0	TRUE	C	2.5108784E-6	15.0	7.82529E-4	0.99952054	481.9293	0.018036196	0.989625	0.0
SPIKE	S66:C>T	0	107664	0.0	9999.0	0.0	TRUE	C	2.6829524E-5	136.0	7.9152087E-4	0.99488866	803.7874	0.021256339	0.9761288	0.0
SPIKE	S67:C>A	11	107664	1.0216971E-4	75.09651	40.0	TRUE	C	9.8085475E-5	379.0	0.0036749488	0.98144007	68.18474	0.027966296	0.97680926	0.0
SPIKE	S67:C>G	0	107664	0.0	9999.0	0.0	TRUE	C	8.067106E-5	4.0	7.82529E-4	0.9847099	481.9293	0.018036196	0.989625	1.0
SPIKE	S67:C>T	0	107664	0.0	9999.0	0.0	TRUE	C	6.904657E-6	35.0	7.9152087E-4	0.9986821	803.7874	0.021256339	0.9761288	0.0
SPIKE	S68:A>G	0	107664	0.0	9999.0	0.0	TRUE	A	9.4138784E-5	401.0	0.0018401664	0.9821802	220.62631	0.025321804	0.97091836	0.0
SPIKE	S68:A>C	0	107664	0.0	9999.0	0.0	TRUE	A	1.2170245E-5	39.0	0.0018049357	0.99767816	65.96787	0.033658117	0.9120175	0.0
SPIKE	S68:A>T	0	107664	0.0	9999.0	0.0	TRUE	A	2.6340107E-5	9.0	0.0029631744	0.99498165	80.19161	0.035468917	0.9855372	1.0
SPIKE	S69:G>A	1	107664	9.2881555E-6	10.810972	40.0	TRUE	G	1.3758284E-5	51.0	0.0018395359	0.9973756	196.0227	0.029098073	0.97841877	0.0
SPIKE	S69:G>C	0	107664	0.0	9999.0	0.0	TRUE	G	6.725474E-5	393.0	6.8927294E-4	0.9872365	458.9612	0.018437427	0.98737264	0.0
SPIKE	S69:G>T	0	107664	0.0	9999.0	0.0	TRUE	G	4.503855E-6	24.0	8.073434E-4	0.99914014	431.33948	0.020220619	0.98660856	0.0
SPIKE	S70:C>A	14	107664	1.3003418E-4	307.17654	40.0	TRUE	C	3.3644094E-6	13.0	0.0036749488	0.9993576	68.18474	0.027966296	0.97680926	0.0
SPIKE	S70:C>T	4	107664	3.7152622E-5	4.2949195	40.0	TRUE	C	2.9019287E-4	1471.0	7.9152087E-4	0.9460812	803.7874	0.021256339	0.9761288	0.0
SPIKE	S70:C>G	0	107664	0.0	9999.0	0.0	TRUE	C	7.3652436E-6	44.0	7.82529E-4	0.9985942	481.9293	0.018036196	0.989625	0.0
SPIKE	S71:C>A	20	107664	1.8576311E-4	432.14938	40.0	TRUE	C	4.917214E-6	19.0	0.0036749488	0.9990612	68.18474	0.027966296	0.97680926	0.0
SPIKE	S71:C>G	0	107664	0.0	9999.0	0.0	TRUE	C	5.9591515E-5	356.0	7.82529E-4	0.98868257	481.9293	0.018036196	0.989625	0.0
SPIKE	S71:C>T	0	107664	0.0	9999.0	0.0	TRUE	C	3.5509663E-6	18.0	7.9152087E-4	0.999322	803.7874	0.021256339	0.9761288	0.0
SPIKE	S72:G>A	1	107664	9.2881555E-6	8.475553	40.0	TRUE	G	2.3739784E-5	88.0	0.0018395359	0.99547595	196.0227	0.029098073	0.97841877	0.0
SPIKE	S72:G>C	0	107664	0.0	9999.0	0.0	TRUE	G	2.395843E-6	14.0	6.8927294E-4	0.9995425	458.9612	0.018437427	0.98737264	0.0
SPIKE	S72:G>T	0	107664	0.0	9999.0	0.0	TRUE	G	4.1285337E-5	220.0	8.073434E-4	0.99214554	431.33948	0.020220619	0.98660856	0.0
SPIKE	S73:T>A	0	107664	0.0	9999.0	0.0	TRUE	T	2.7818074E-5	1.0	0.0019556026	0.99470085	109.984856	0.027284427	0.993066	1.0
SPIKE	S73:T>G	0	107664	0.0	9999.0	0.0	TRUE	T	7.1017406E-5	401.0	3.8434993E-4	0.98652726	967.9001	0.019074708	0.9862026	0.0
SPIKE	S73:T>C	0	107664	0.0	9999.0	0.0	TRUE	T	2.8578238E-6	13.0	0.0015176805	0.9994543	227.88269	0.023704031	0.98464155	0.0
SPIKE	S74:G>T	1	107664	9.2881555E-6	14.396533	40.0	TRUE	G	6.00514E-6	32.0	8.073434E-4	0.9988537	431.33948	0.020220619	0.98660856	0.0
SPIKE	S74:G>A	0	107664	0.0	9999.0	0.0	TRUE	G	5.28811E-5	9.0	0.0018395359	0.98995054	196.0227	0.029098073	0.97841877	1.0
SPIKE	S74:G>C	0	107664	0.0	9999.0	0.0	TRUE	G	7.854279E-5	0.0	6.8927294E-4	0.9851103	458.9612	0.018437427	0.98737264	1.0
SPIKE	S75:G>A	1	107664	9.2881555E-6	14.25479	40.0	TRUE	G	6.204716E-6	23.0	0.0018395359	0.9988156	196.0227	0.029098073	0.97841877	0.0
SPIKE	S75:G>C	1	107664	9.2881555E-6	19.845074	40.0	TRUE	G	1.7113165E-6	10.0	6.8927294E-4	0.9996732	458.9612	0.018437427	0.98737264	0.0
SPIKE	S75:G>T	0	107664	0.0	9999.0	0.0	TRUE	G	6.887145E-5	367.0	8.073434E-4	0.9869317	431.33948	0.020220619	0.98660856	0.0
SPIKE	S76:T>C	1	107664	9.2881555E-6	5.3832865	40.0	TRUE	T	5.009604E-5	8.0	0.0015176805	0.99047726	227.88269	0.023704031	0.98464155	1.0
SPIKE	S76:T>A	0	107664	0.0	9999.0	0.0	TRUE	T	2.7818074E-5	4.0	0.0019556026	0.99470085	109.984856	0.027284427	0.993066	1.0
SPIKE	S76:T>G	0	107664	0.0	9999.0	0.0	TRUE	T	3.187814E-6	18.0	3.8434993E-4	0.9993913	967.9001	0.019074708	0.9862026	0.0
SPIKE	S77:T>A	0	107664	0.0	9999.0	0.0	TRUE	T	2.7818074E-5	7.0	0.0019556026	0.99470085	109.984856	0.027284427	0.993066	1.0
SPIKE	S77:T>G	0	107664	0.0	9999.0	0.0	TRUE	T	1.7141586E-4	8.0	3.8434993E-4	0.9677897	967.9001	0.019074708	0.9862026	1.0
SPIKE	S77:T>C	0	107664	0.0	9999.0	0.0	TRUE	T	5.009604E-5	6.0	0.0015176805	0.99047726	227.88269	0.023704031	0.98464155	1.0
SPIKE	S78:T>A	0	107664	0.0	9999.0	0.0	TRUE	T	2.7818074E-5	3.0	0.0019556026	0.99470085	109.984856	0.027284427	0.993066	1.0
SPIKE	S78:T>G	0	107664	0.0	9999.0	0.0	TRUE	T	5.773485E-5	326.0	3.8434993E-4	0.9890332	967.9001	0.019074708	0.9862026	0.0
SPIKE	S78:T>C	0	107664	0.0	9999.0	0.0	TRUE	T	2.8578238E-6	13.0	0.0015176805	0.9994543	227.88269	0.023704031	0.98464155	0.0
SPIKE	S79:G>A	0	107664	0.0	9999.0	0.0	TRUE	G	7.823338E-6	29.0	0.0018395359	0.99850684	196.0227	0.029098073	0.97841877	0.0
SPIKE	S79:G>C	0	107664	0.0	9999.0	0.0	TRUE	G	6.451663E-5	377.0	6.8927294E-4	0.9877529	458.9612	0.018437427	0.98737264	0.0
SPIKE	S79:G>T	0	107664	0.0	9999.0	0.0	TRUE	G	4.503855E-6	24.0	8.073434E-4	0.99914014	431.33948	0.020220619	0.98660856	0.0
SPIKE	S80:C>A	9	107663	8.3594176E-5	165.23854	40.0	TRUE	C	5.4348657E-6	21.0	0.0036749488	0.99896246	68.184105	0.027966296	0.97680926	0.0
SPIKE	S80:C>T	3	107663	2.7864726E-5	0.19084261	40.0	TRUE	C	6.095882E-4	3090.0	7.9152087E-4	0.8900912	803.77997	0.021256339	0.9761288	0.0
SPIKE	S80:C>G	0	107663	0.0	9999.0	0.0	TRUE	C	6.243776E-5	373.0	7.82529E-4	0.98814523	481.92484	0.018036196	0.989625	0.0
SPIKE	S81:G>T	1	107663	9.288242E-6	6.4941583	40.0	TRUE	G	3.8095463E-5	203.0	8.073434E-4	0.99275017	431.33548	0.020220619	0.98660856	0.0
SPIKE	S81:G>C	1	107663	9.288242E-6	19.845074	40.0	TRUE	G	1.7113324E-6	10.0	6.8927294E-4	0.9996732	458.95697	0.018437427	0.98737264	0.0
SPIKE	S81:G>A	0	107663	0.0	9999.0	0.0	TRUE	G	3.695887E-5	137.0	0.0018395359	0.9929657	196.02089	0.029098073	0.97841877	0.0
SPIKE	S82:G>A	4	107663	3.7152968E-5	20.992657	40.0	TRUE	G	7.445728E-5	276.0	0.0018395359	0.9858793	196.02089	0.029098073	0.97841877	0.0
SPIKE	S82:G>C	0	107663	0.0	9999.0	0.0	TRUE	G	5.66451E-5	331.0	6.8927294E-4	0.9892391	458.95697	0.018437427	0.98737264	0.0
SPIKE	S82:G>T	0	107663	0.0	9999.0	0.0	TRUE	G	3.1902603E-6	17.0	8.073434E-4	0.99939084	431.33548	0.020220619	0.98660856	0.0
SPIKE	S83:C>A	28	107662	2.600732E-4	719.07025	40.0	TRUE	C	2.5880554E-6	10.0	0.0036749488	0.9995058	68.18347	0.027966296	0.97680926	0.0
SPIKE	S83:C>T	1	107662	9.288328E-6	5.0533357	40.0	TRUE	C	5.4449163E-5	276.0	7.9152087E-4	0.9896541	803.7725	0.021256339	0.9761288	0.0
SPIKE	S83:C>G	0	107662	0.0	9999.0	0.0	TRUE	C	6.109918E-5	365.0	7.82529E-4	0.9883979	481.92035	0.018036196	0.989625	0.0
SPIKE	S84:G>A	1	107662	9.288328E-6	2.57656	40.0	TRUE	G	1.0791011E-4	400.0	0.0018395359	0.97960013	196.01907	0.029098073	0.97841877	0.0
SPIKE	S84:G>T	2	107662	1.8576657E-5	32.51397	40.0	TRUE	G	3.9409465E-6	21.0	8.073434E-4	0.99924755	431.33148	0.020220619	0.98660856	0.0
SPIKE	S84:G>C	0	107662	0.0	9999.0	0.0	TRUE	G	2.2247527E-6	13.0	6.8927294E-4	0.99957514	458.9527	0.018437427	0.98737264	0.0
SPIKE	S85:A>G	0	107662	0.0	9999.0	0.0	TRUE	A	3.990995E-6	17.0	0.0018401664	0.999238	220.62221	0.025321804	0.97091836	0.0
SPIKE	S85:A>C	0	107662	0.0	9999.0	0.0	TRUE	A	2.0585776E-5	2.0	0.0018049357	0.9960758	65.96665	0.033658117	0.9120175	1.0
SPIKE	S85:A>T	0	107662	0.0	9999.0	0.0	TRUE	A	1.1759252E-4	358.0	0.0029631744	0.9777902	80.190125	0.035468917	0.9855372	0.0
SPIKE	S86:T>A	0	107661	0.0	9999.0	0.0	TRUE	T	2.7818074E-5	6.0	0.0019556026	0.99470085	109.98179	0.027284427	0.993066	1.0
SPIKE	S86:T>G	0	107661	0.0	9999.0	0.0	TRUE	T	1.7141586E-4	3.0	3.8434993E-4	0.9677897	967.87317	0.019074708	0.9862026	1.0
SPIKE	S86:T>C	0	107661	0.0	9999.0	0.0	TRUE	T	5.009604E-5	4.0	0.0015176805	0.99047726	227.87634	0.023704031	0.98464155	1.0
SPIKE	S87:T>A	0	107661	0.0	9999.0	0.0	TRUE	T	2.7818074E-5	4.0	0.0019556026	0.99470085	109.98179	0.027284427	0.993066	1.0
SPIKE	S87:T>G	0	107661	0.0	9999.0	0.0	TRUE	T	1.7141586E-4	2.0	3.8434993E-4	0.9677897	967.87317	0.019074708	0.9862026	1.0
SPIKE	S87:T>C	0	107661	0.0	9999.0	0.0	TRUE	T	5.009604E-5	6.0	0.0015176805	0.99047726	227.87634	0.023704031	0.98464155	1.0
SPIKE	S88:T>A	0	107661	0.0	9999.0	0.0	TRUE	T	2.7818074E-5	4.0	0.0019556026	0.99470085	109.98179	0.027284427	0.993066	1.0
SPIKE	S88:T>G	0	107661	0.0	9999.0	0.0	TRUE	T	1.7141586E-4	0.0	3.8434993E-4	0.9677897	967.87317	0.019074708	0.9862026	1.0
SPIKE	S88:T>C	0	107661	0.0	9999.0	0.0	TRUE	T	7.694355E-6	35.0	0.0015176805	0.99853146	227.87634	0.023704031	0.98464155	0.0
SPIKE	S89:A>G	0	107661	0.0	9999.0	0.0	TRUE	A	3.051966E-6	13.0	0.0018401664	0.99941725	220.62016	0.025321804	0.97091836	0.0
SPIKE	S89:A>C	0	107661	0.0	9999.0	0.0	TRUE	A	2.0585776E-5	0.0	0.0018049357	0.9960758	65.966034	0.033658117	0.9120175	1.0
SPIKE	S89:A>T	0	107661	0.0	9999.0	0.0	TRUE	A	2.6340107E-5	0.0	0.0029631744	0.99498165	80.18938	0.035468917	0.9855372	1.0
SPIKE	S90:T>A	0	107661	0.0	9999.0	0.0	TRUE	T	4.2998686E-6	17.0	0.0019556026	0.99917907	109.98179	0.027284427	0.993066	0.0
SPIKE	S90:T>G	0	107661	0.0	9999.0	0.0	TRUE	T	1.7141586E-4	0.0	3.8434993E-4	0.9677897	967.87317	0.019074708	0.9862026	1.0
SPIKE	S90:T>C	0	107661	0.0	9999.0	0.0	TRUE	T	4.836452E-6	22.0	0.0015176805	0.99907666	227.87634	0.023704031	0.98464155	0.0
SPIKE	S91:C>A	9	107661	8.359573E-5	180.99147	39.444443	TRUE	C	3.6233112E-6	14.0	0.0036749488	0.99930817	68.18284	0.027966296	0.97680926	0.0
SPIKE	S91:C>T	2	107661	1.857683E-5	5.50076	39.5	TRUE	C	1.14028655E-4	578.0	7.9152087E-4	0.97845596	803.765	0.021256339	0.9761288	0.0
SPIKE	S91:C>G	0	107661	0.0	9999.0	0.0	TRUE	C	8.067106E-5	7.0	7.82529E-4	0.9847099	481.91586	0.018036196	0.989625	1.0
SPIKE	S92:G>A	1	107661	9.288415E-6	11.350575	40.0	TRUE	G	1.214E-5	45.0	0.0018395359	0.99768394	196.01724	0.029098073	0.97841877	0.0
SPIKE	S92:G>T	1	107661	9.288415E-6	19.030857	40.0	TRUE	G	2.0643245E-6	11.0	8.073434E-4	0.9996058	431.32748	0.020220619	0.98660856	0.0
SPIKE	S92:G>C	0	107661	0.0	9999.0	0.0	TRUE	G	7.854279E-5	7.0	6.8927294E-4	0.9851103	458.94843	0.018437427	0.98737264	1.0
SPIKE	S93:T>A	0	107661	0.0	9999.0	0.0	TRUE	T	2.7818074E-5	2.0	0.0019556026	0.99470085	109.98179	0.027284427	0.993066	1.0
SPIKE	S93:T>G	0	107661	0.0	9999.0	0.0	TRUE	T	1.7141586E-4	0.0	3.8434993E-4	0.9677897	967.87317	0.019074708	0.9862026	1.0
SPIKE	S93:T>C	0	107661	0.0	9999.0	0.0	TRUE	T	5.009604E-5	7.0	0.0015176805	0.99047726	227.87634	0.023704031	0.98464155	1.0
SPIKE	S94:C>A	16	107661	1.4861464E-4	348.86075	38.9375	TRUE	C	3.882119E-6	15.0	0.0036749488	0.9992588	68.18284	0.027966296	0.97680926	0.0
SPIKE	S94:C>T	2	107661	1.857683E-5	29.609444	35.0	TRUE	C	5.5238793E-6	28.0	7.9152087E-4	0.9989455	803.765	0.021256339	0.9761288	0.0
SPIKE	S94:C>G	0	107661	0.0	9999.0	0.0	TRUE	C	8.067106E-5	0.0	7.82529E-4	0.9847099	481.91586	0.018036196	0.989625	1.0
SPIKE	S95:G>A	0	107661	0.0	9999.0	0.0	TRUE	G	9.172444E-6	34.0	0.0018395359	0.9982496	196.01724	0.029098073	0.97841877	0.0
SPIKE	S95:G>C	0	107661	0.0	9999.0	0.0	TRUE	G	7.854279E-5	0.0	6.8927294E-4	0.9851103	458.94843	0.018437427	0.98737264	1.0
SPIKE	S95:G>T	0	107661	0.0	9999.0	0.0	TRUE	G	2.627322E-6	14.0	8.073434E-4	0.9994983	431.32748	0.020220619	0.98660856	0.0
SPIKE	S96:T>A	0	107661	0.0	9999.0	0.0	TRUE	T	2.7818074E-5	3.0	0.0019556026	0.99470085	109.98179	0.027284427	0.993066	1.0
SPIKE	S96:T>G	0	107661	0.0	9999.0	0.0	TRUE	T	1.7141586E-4	4.0	3.8434993E-4	0.9677897	967.87317	0.019074708	0.9862026	1.0
SPIKE	S96:T>C	0	107661	0.0	9999.0	0.0	TRUE	T	1.9345807E-5	88.0	0.0015176805	0.9963118	227.87634	0.023704031	0.98464155	0.0
SPIKE	S97:C>A	9	107661	8.359573E-5	119.66469	39.11111	TRUE	C	1.764626E-5	8.0	0.0036749488	0.99663526	68.18284	0.027966296	0.97680926	1.0
SPIKE	S97:C>G	0	107661	0.0	9999.0	0.0	TRUE	C	8.067106E-5	1.0	7.82529E-4	0.9847099	481.91586	0.018036196	0.989625	1.0
SPIKE	S97:C>T	0	107661	0.0	9999.0	0.0	TRUE	C	7.891256E-6	40.0	7.9152087E-4	0.9984939	803.765	0.021256339	0.9761288	0.0
SPIKE	S98:A>G	0	107661	0.0	9999.0	0.0	TRUE	A	7.747298E-6	33.0	0.0018401664	0.9985214	220.62016	0.025321804	0.97091836	0.0
SPIKE	S98:A>C	0	107661	0.0	9999.0	0.0	TRUE	A	2.0585776E-5	3.0	0.0018049357	0.9960758	65.966034	0.033658117	0.9120175	1.0
SPIKE	S98:A>T	0	107661	0.0	9999.0	0.0	TRUE	A	2.6340107E-5	3.0	0.0029631744	0.99498165	80.18938	0.035468917	0.9855372	1.0
SPIKE	S99:T>C	1	107661	9.288415E-6	13.990376	40.0	TRUE	T	6.5951617E-6	30.0	0.0015176805	0.9987411	227.87634	0.023704031	0.98464155	0.0
SPIKE	S99:T>A	0	107661	0.0	9999.0	0.0	TRUE	T	2.7818074E-5	2.0	0.0019556026	0.99470085	109.98179	0.027284427	0.993066	1.0
SPIKE	S99:T>G	0	107661	0.0	9999.0	0.0	TRUE	T	1.7141586E-4	3.0	3.8434993E-4	0.9677897	967.87317	0.019074708	0.9862026	1.0
SPIKE	S100:C>T	1	107661	9.288415E-6	5.816008	36.0	TRUE	C	4.4980163E-5	228.0	7.9152087E-4	0.9914456	803.765	0.021256339	0.9761288	0.0
SPIKE	S100:C>A	8	107661	7.430732E-5	155.48843	38.875	TRUE	C	3.882119E-6	15.0	0.0036749488	0.9992588	68.18284	0.027966296	0.97680926	0.0
SPIKE	S100:C>G	0	107661	0.0	9999.0	0.0	TRUE	C	8.067106E-5	2.0	7.82529E-4	0.9847099	481.91586	0.018036196	0.989625	1.0
SPIKE	S101:G>A	0	107661	0.0	9999.0	0.0	TRUE	G	1.8884444E-5	70.0	0.0018395359	0.9963996	196.01724	0.029098073	0.97841877	0.0
SPIKE	S101:G>C	0	107661	0.0	9999.0	0.0	TRUE	G	7.854279E-5	0.0	6.8927294E-4	0.9851103	458.94843	0.018437427	0.98737264	1.0
SPIKE	S101:G>T	0	107661	0.0	9999.0	0.0	TRUE	G	3.940983E-6	21.0	8.073434E-4	0.99924755	431.32748	0.020220619	0.98660856	0.0
SPIKE	S102:T>A	0	107661	0.0	9999.0	0.0	TRUE	T	2.7818074E-5	0.0	0.0019556026	0.99470085	109.98179	0.027284427	0.993066	1.0
SPIKE	S102:T>G	0	107661	0.0	9999.0	0.0	TRUE	T	1.7141586E-4	5.0	3.8434993E-4	0.9677897	967.87317	0.019074708	0.9862026	1.0
SPIKE	S102:T>C	0	107661	0.0	9999.0	0.0	TRUE	T	4.3967743E-6	20.0	0.0015176805	0.9991606	227.87634	0.023704031	0.98464155	0.0
SPIKE	S103:G>T	1	107661	9.288415E-6	14.67638	39.0	TRUE	G	5.6299755E-6	30.0	8.073434E-4	0.99892527	431.32748	0.020220619	0.98660856	0.0
SPIKE	S103:G>A	0	107661	0.0	9999.0	0.0	TRUE	G	3.5071112E-6	13.0	0.0018395359	0.99933034	196.01724	0.029098073	0.97841877	0.0
SPIKE	S103:G>C	0	107661	0.0	9999.0	0.0	TRUE	G	7.854279E-5	1.0	6.8927294E-4	0.9851103	458.94843	0.018437427	0.98737264	1.0
SPIKE	S104:G>A	1	107661	9.288415E-6	8.775759	31.0	TRUE	G	2.2121778E-5	82.0	0.0018395359	0.9957836	196.01724	0.029098073	0.97841877	0.0
SPIKE	S104:G>C	0	107661	0.0	9999.0	0.0	TRUE	G	7.854279E-5	7.0	6.8927294E-4	0.9851103	458.94843	0.018437427	0.98737264	1.0
SPIKE	S104:G>T	0	107661	0.0	9999.0	0.0	TRUE	G	3.3779854E-6	18.0	8.073434E-4	0.999355	431.32748	0.020220619	0.98660856	0.0
SPIKE	S105:C>A	16	107661	1.4861464E-4	319.2678	38.75	TRUE	C	5.952583E-6	23.0	0.0036749488	0.9988637	68.18284	0.027966296	0.97680926	0.0
SPIKE	S105:C>G	0	107661	0.0	9999.0	0.0	TRUE	C	2.5109484E-6	15.0	7.82529E-4	0.99952054	481.91586	0.018036196	0.989625	0.0
SPIKE	S105:C>T	0	107661	0.0	9999.0	0.0	TRUE	C	7.00349E-5	355.0	7.9152087E-4	0.9867124	803.765	0.021256339	0.9761288	0.0
SPIKE	S106:G>A	0	107661	0.0	9999.0	0.0	TRUE	G	2.6438223E-5	98.0	0.0018395359	0.99496305	196.01724	0.029098073	0.97841877	0.0
SPIKE	S106:G>C	0	107661	0.0	9999.0	0.0	TRUE	G	7.854279E-5	0.0	6.8927294E-4	0.9851103	458.94843	0.018437427	0.98737264	1.0
SPIKE	S106:G>T	0	107661	0.0	9999.0	0.0	TRUE	G	5.0669782E-6	27.0	8.073434E-4	0.9990327	431.32748	0.020220619	0.98660856	0.0
SPIKE	S107:G>T	1	107661	9.288415E-6	17.14091	37.0	TRUE	G	3.1903196E-6	17.0	8.073434E-4	0.99939084	431.32748	0.020220619	0.98660856	0.0
SPIKE	S107:G>A	5	107661	4.6442074E-5	8.863597	39.2	TRUE	G	2.4495824E-4	908.0	0.0018395359	0.9542906	196.01724	0.029098073	0.97841877	0.0
SPIKE	S107:G>C	0	107661	0.0	9999.0	0.0	TRUE	G	1.7113642E-6	10.0	6.8927294E-4	0.9996732	458.94843	0.018437427	0.98737264	0.0
SPIKE	S108:C>T	3	107661	2.7865244E-5	19.65925	39.666668	TRUE	C	4.5966568E-5	233.0	7.9152087E-4	0.9912588	803.765	0.021256339	0.9761288	0.0
SPIKE	S108:C>A	16	107661	1.4861464E-4	336.23257	39.0625	TRUE	C	4.658543E-6	18.0	0.0036749488	0.99911064	68.18284	0.027966296	0.97680926	0.0
SPIKE	S108:C>G	1	107661	9.288415E-6	3.5684319	39.0	TRUE	C	8.067106E-5	7.0	7.82529E-4	0.9847099	481.91586	0.018036196	0.989625	1.0
SPIKE	S109:A>T	1	107661	9.288415E-6	17.014307	40.0	TRUE	A	3.2847377E-6	10.0	0.0029631744	0.99937284	80.18938	0.035468917	0.9855372	0.0
SPIKE	S109:A>G	1	107661	9.288415E-6	11.163732	39.0	TRUE	A	1.2677397E-5	54.0	0.0018401664	0.99758154	220.62016	0.025321804	0.97091836	0.0
SPIKE	S109:A>C	0	107661	0.0	9999.0	0.0	TRUE	A	7.1775244E-6	23.0	0.0018049357	0.99863005	65.966034	0.033658117	0.9120175	0.0
SPIKE	S110:G>C	1	107661	9.288415E-6	18.084543	39.0	TRUE	G	2.5670463E-6	15.0	6.8927294E-4	0.9995098	458.94843	0.018437427	0.98737264	0.0
SPIKE	S110:G>T	3	107661	2.7865244E-5	48.27958	39.0	TRUE	G	4.6916466E-6	25.0	8.073434E-4	0.9991043	431.32748	0.020220619	0.98660856	0.0
SPIKE	S110:G>A	1	107661	9.288415E-6	11.752461	39.0	TRUE	G	1.1060889E-5	41.0	0.0018395359	0.9978896	196.01724	0.029098073	0.97841877	0.0
SPIKE	S111:C>A	10	107661	9.288415E-5	136.38057	39.0	TRUE	C	1.764626E-5	9.0	0.0036749488	0.99663526	68.18284	0.027966296	0.97680926	1.0
SPIKE	S111:C>G	0	107661	0.0	9999.0	0.0	TRUE	C	8.067106E-5	6.0	7.82529E-4	0.9847099	481.91586	0.018036196	0.989625	1.0
SPIKE	S111:C>T	0	107661	0.0	9999.0	0.0	TRUE	C	9.0157606E-5	457.0	7.9152087E-4	0.9829273	803.765	0.021256339	0.9761288	0.0
SPIKE	S112:G>A	1	107661	9.288415E-6	1.8246818	38.0	TRUE	G	1.3866578E-4	514.0	0.0018395359	0.97386247	196.01724	0.029098073	0.97841877	0.0
SPIKE	S112:G>C	0	107661	0.0	9999.0	0.0	TRUE	G	7.854279E-5	5.0	6.8927294E-4	0.9851103	458.94843	0.018437427	0.98737264	1.0
SPIKE	S112:G>T	0	107661	0.0	9999.0	0.0	TRUE	G	2.8149877E-6	15.0	8.073434E-4	0.9994625	431.32748	0.020220619	0.98660856	0.0
SPIKE	S113:T>A	0	107661	0.0	9999.0	0.0	TRUE	T	2.7818074E-5	2.0	0.0019556026	0.99470085	109.98179	0.027284427	0.993066	1.0
SPIKE	S113:T>G	0	107661	0.0	9999.0	0.0	TRUE	T	2.1252683E-6	12.0	3.8434993E-4	0.99959415	967.87317	0.019074708	0.9862026	0.0
SPIKE	S113:T>C	0	107661	0.0	9999.0	0.0	TRUE	T	9.892742E-6	45.0	0.0015176805	0.99811226	227.87634	0.023704031	0.98464155	0.0
SPIKE	S114:G>T	2	107661	1.857683E-5	36.012463	39.5	TRUE	G	2.627322E-6	14.0	8.073434E-4	0.9994983	431.32748	0.020220619	0.98660856	0.0
SPIKE	S114:G>A	0	107661	0.0	9999.0	0.0	TRUE	G	2.9675557E-6	11.0	0.0018395359	0.99943334	196.01724	0.029098073	0.97841877	0.0
SPIKE	S114:G>C	0	107661	0.0	9999.0	0.0	TRUE	G	7.854279E-5	2.0	6.8927294E-4	0.9851103	458.94843	0.018437427	0.98737264	1.0
SPIKE	S115:A>G	0	107661	0.0	9999.0	0.0	TRUE	A	5.3292017E-5	227.0	0.0018401664	0.9898729	220.62016	0.025321804	0.97091836	0.0
SPIKE	S115:A>C	0	107661	0.0	9999.0	0.0	TRUE	A	2.0585776E-5	3.0	0.0018049357	0.9960758	65.966034	0.033658117	0.9120175	1.0
SPIKE	S115:A>T	0	107661	0.0	9999.0	0.0	TRUE	A	2.6340107E-5	0.0	0.0029631744	0.99498165	80.18938	0.035468917	0.9855372	1.0
SPIKE	S116:C>A	6	107661	5.573049E-5	119.43654	38.333332	TRUE	C	2.8468874E-6	11.0	0.0036749488	0.9994564	68.18284	0.027966296	0.97680926	0.0
SPIKE	S116:C>G	0	107661	0.0	9999.0	0.0	TRUE	C	8.067106E-5	2.0	7.82529E-4	0.9847099	481.91586	0.018036196	0.989625	1.0
SPIKE	S116:C>T	0	107661	0.0	9999.0	0.0	TRUE	C	4.14291E-6	21.0	7.9152087E-4	0.99920905	803.765	0.021256339	0.9761288	0.0
SPIKE	S117:C>A	8	107661	7.430732E-5	106.09173	39.375	TRUE	C	1.63049E-5	63.0	0.0036749488	0.9968906	68.18284	0.027966296	0.97680926	0.0
SPIKE	S117:C>G	0	107661	0.0	9999.0	0.0	TRUE	C	8.067106E-5	2.0	7.82529E-4	0.9847099	481.91586	0.018036196	0.989625	1.0
SPIKE	S117:C>T	0	107661	0.0	9999.0	0.0	TRUE	C	3.353784E-6	17.0	7.9152087E-4	0.9993596	803.765	0.021256339	0.9761288	0.0
SPIKE	S118:T>A	0	107661	0.0	9999.0	0.0	TRUE	T	8.852671E-6	35.0	0.0019556026	0.99831057	109.98179	0.027284427	0.993066	0.0
SPIKE	S118:T>G	0	107661	0.0	9999.0	0.0	TRUE	T	3.1879026E-6	18.0	3.8434993E-4	0.9993913	967.87317	0.019074708	0.9862026	0.0
SPIKE	S118:T>C	0	107661	0.0	9999.0	0.0	TRUE	T	5.2101776E-5	237.0	0.0015176805	0.99009794	227.87634	0.023704031	0.98464155	0.0
SPIKE	S119:A>G	0	107661	0.0	9999.0	0.0	TRUE	A	4.930099E-6	21.0	0.0018401664	0.9990588	220.62016	0.025321804	0.97091836	0.0
SPIKE	S119:A>C	0	107661	0.0	9999.0	0.0	TRUE	A	2.0585776E-5	2.0	0.0018049357	0.9960758	65.966034	0.033658117	0.9120175	1.0
SPIKE	S119:A>T	0	107661	0.0	9999.0	0.0	TRUE	A	2.6340107E-5	4.0	0.0029631744	0.99498165	80.18938	0.035468917	0.9855372	1.0
SPIKE	S120:T>A	0	107661	0.0	9999.0	0.0	TRUE	T	2.7818074E-5	3.0	0.0019556026	0.99470085	109.98179	0.027284427	0.993066	1.0
SPIKE	S120:T>G	0	107661	0.0	9999.0	0.0	TRUE	T	1.7141586E-4	1.0	3.8434993E-4	0.9677897	967.87317	0.019074708	0.9862026	1.0
SPIKE	S120:T>C	0	107661	0.0	9999.0	0.0	TRUE	T	5.009604E-5	9.0	0.0015176805	0.99047726	227.87634	0.023704031	0.98464155	1.0
SPIKE	S121:G>T	1	107661	9.288415E-6	19.444708	38.0	TRUE	G	1.8766585E-6	10.0	8.073434E-4	0.9996416	431.32748	0.020220619	0.98660856	0.0
SPIKE	S121:G>A	0	107661	0.0	9999.0	0.0	TRUE	G	2.6977777E-6	10.0	0.0018395359	0.99948484	196.01724	0.029098073	0.97841877	0.0
SPIKE	S121:G>C	0	107661	0.0	9999.0	0.0	TRUE	G	7.854279E-5	1.0	6.8927294E-4	0.9851103	458.94843	0.018437427	0.98737264	1.0
SPIKE	S122:T>A	0	107661	0.0	9999.0	0.0	TRUE	T	2.7818074E-5	6.0	0.0019556026	0.99470085	109.98179	0.027284427	0.993066	1.0
SPIKE	S122:T>G	0	107661	0.0	9999.0	0.0	TRUE	T	1.7141586E-4	1.0	3.8434993E-4	0.9677897	967.87317	0.019074708	0.9862026	1.0
SPIKE	S122:T>C	0	107661	0.0	9999.0	0.0	TRUE	T	5.7158068E-6	26.0	0.0015176805	0.9989089	227.87634	0.023704031	0.98464155	0.0
SPIKE	S123:G>T	2	107661	1.857683E-5	32.51397	38.0	TRUE	G	3.940983E-6	21.0	8.073434E-4	0.99924755	431.32748	0.020220619	0.98660856	0.0
SPIKE	S123:G>A	0	107661	0.0	9999.0	0.0	TRUE	G	7.2840003E-6	27.0	0.0018395359	0.9986097	196.01724	0.029098073	0.97841877	0.0
SPIKE	S123:G>C	0	107661	0.0	9999.0	0.0	TRUE	G	7.854279E-5	3.0	6.8927294E-4	0.9851103	458.94843	0.018437427	0.98737264	1.0
SPIKE	S124:T>A	0	107661	0.0	9999.0	0.0	TRUE	T	2.782268E-6	11.0	0.0019556026	0.99946874	109.98179	0.027284427	0.993066	0.0
SPIKE	S124:T>G	0	107661	0.0	9999.0	0.0	TRUE	T	3.1879026E-6	18.0	3.8434993E-4	0.9993913	967.87317	0.019074708	0.9862026	0.0
SPIKE	S124:T>C	0	107661	0.0	9999.0	0.0	TRUE	T	2.3522744E-5	107.0	0.0015176805	0.99551725	227.87634	0.023704031	0.98464155	0.0
SPIKE	S125:G>A	1	107661	9.288415E-6	12.080797	38.0	TRUE	G	1.0251556E-5	38.0	0.0018395359	0.9980439	196.01724	0.029098073	0.97841877	0.0
SPIKE	S125:G>C	0	107661	0.0	9999.0	0.0	TRUE	G	7.854279E-5	5.0	6.8927294E-4	0.9851103	458.94843	0.018437427	0.98737264	1.0
SPIKE	S125:G>T	0	107661	0.0	9999.0	0.0	TRUE	G	8.0945436E-5	8.0	8.073434E-4	0.9846583	431.32748	0.020220619	0.98660856	1.0
SPIKE	S126:C>T	2	107661	1.857683E-5	0.6297221	33.5	TRUE	C	3.5471198E-4	1798.0	7.9152087E-4	0.9344941	803.765	0.021256339	0.9761288	0.0
SPIKE	S126:C>A	9	107661	8.359573E-5	180.99147	38.666668	TRUE	C	3.6233112E-6	14.0	0.0036749488	0.99930817	68.18284	0.027966296	0.97680926	0.0
SPIKE	S126:C>G	0	107661	0.0	9999.0	0.0	TRUE	C	1.7744036E-5	106.0	7.82529E-4	0.9966166	481.91586	0.018036196	0.989625	0.0
SPIKE	S127:G>T	2	107661	1.857683E-5	29.446096	35.0	TRUE	G	5.6299755E-6	30.0	8.073434E-4	0.99892527	431.32748	0.020220619	0.98660856	0.0
SPIKE	S127:G>A	0	107661	0.0	9999.0	0.0	TRUE	G	3.2103555E-5	119.0	0.0018395359	0.993887	196.01724	0.029098073	0.97841877	0.0
SPIKE	S127:G>C	0	107661	0.0	9999.0	0.0	TRUE	G	7.854279E-5	3.0	6.8927294E-4	0.9851103	458.94843	0.018437427	0.98737264	1.0
SPIKE	S128:G>A	0	107661	0.0	9999.0	0.0	TRUE	G	7.877511E-5	292.0	0.0018395359	0.9850666	196.01724	0.029098073	0.97841877	0.0
SPIKE	S128:G>C	0	107661	0.0	9999.0	0.0	TRUE	G	7.854279E-5	5.0	6.8927294E-4	0.9851103	458.94843	0.018437427	0.98737264	1.0
SPIKE	S128:G>T	0	107661	0.0	9999.0	0.0	TRUE	G	3.3779854E-6	18.0	8.073434E-4	0.999355	431.32748	0.020220619	0.98660856	0.0
SPIKE	S129:C>A	11	107661	1.0217256E-4	228.55983	38.81818	TRUE	C	3.6233112E-6	14.0	0.0036749488	0.99930817	68.18284	0.027966296	0.97680926	0.0
SPIKE	S129:C>T	1	107661	9.288415E-6	6.2487507	32.0	TRUE	C	4.044269E-5	205.0	7.9152087E-4	0.9923052	803.765	0.021256339	0.9761288	0.0
SPIKE	S129:C>G	0	107661	0.0	9999.0	0.0	TRUE	C	2.3435518E-6	14.0	7.82529E-4	0.9995525	481.91586	0.018036196	0.989625	0.0
SPIKE	S130:G>A	1	107661	9.288415E-6	6.1387525	40.0	TRUE	G	4.154578E-5	154.0	0.0018395359	0.9920962	196.01724	0.029098073	0.97841877	0.0
SPIKE	S130:G>T	1	107661	9.288415E-6	16.435501	40.0	TRUE	G	3.753317E-6	20.0	8.073434E-4	0.9992834	431.32748	0.020220619	0.98660856	0.0
SPIKE	S130:G>C	0	107661	0.0	9999.0	0.0	TRUE	G	7.854279E-5	2.0	6.8927294E-4	0.9851103	458.94843	0.018437427	0.98737264	1.0
SPIKE	S131:G>A	3	107661	2.7865244E-5	2.191215	39.0	TRUE	G	3.0269066E-4	1122.0	0.0018395359	0.94382554	196.01724	0.029098073	0.97841877	0.0
SPIKE	S131:G>T	1	107661	9.288415E-6	17.98378	39.0	TRUE	G	2.627322E-6	14.0	8.073434E-4	0.9994983	431.32748	0.020220619	0.98660856	0.0
SPIKE	S131:G>C	0	107661	0.0	9999.0	0.0	TRUE	G	3.251592E-6	19.0	6.8927294E-4	0.99937916	458.94843	0.018437427	0.98737264	0.0
SPIKE	S132:C>A	15	107661	1.3932622E-4	311.70538	39.0	TRUE	C	4.658543E-6	18.0	0.0036749488	0.99911064	68.18284	0.027966296	0.97680926	0.0
SPIKE	S132:C>T	2	107661	1.857683E-5	15.00704	39.0	TRUE	C	3.1367745E-5	159.0	7.9152087E-4	0.99402666	803.765	0.021256339	0.9761288	0.0
SPIKE	S132:C>G	0	107661	0.0	9999.0	0.0	TRUE	C	8.067106E-5	5.0	7.82529E-4	0.9847099	481.91586	0.018036196	0.989625	1.0
SPIKE	S133:A>G	0	107661	0.0	9999.0	0.0	TRUE	A	8.451598E-6	36.0	0.0018401664	0.99838704	220.62016	0.025321804	0.97091836	0.0
SPIKE	S133:A>C	0	107661	0.0	9999.0	0.0	TRUE	A	4.9930604E-6	16.0	0.0018049357	0.9990468	65.966034	0.033658117	0.9120175	0.0
SPIKE	S133:A>T	0	107661	0.0	9999.0	0.0	TRUE	A	2.6340107E-5	5.0	0.0029631744	0.99498165	80.18938	0.035468917	0.9855372	1.0
SPIKE	S134:G>T	1	107661	9.288415E-6	17.684252	37.0	TRUE	G	2.8149877E-6	15.0	8.073434E-4	0.9994625	431.32748	0.020220619	0.98660856	0.0
SPIKE	S134:G>A	0	107661	0.0	9999.0	0.0	TRUE	G	7.823555E-6	29.0	0.0018395359	0.99850684	196.01724	0.029098073	0.97841877	0.0
SPIKE	S134:G>C	0	107661	0.0	9999.0	0.0	TRUE	G	4.449547E-6	26.0	6.8927294E-4	0.9991505	458.94843	0.018437427	0.98737264	0.0
SPIKE	S135:C>A	8	107661	7.430732E-5	37.556316	37.125	TRUE	C	1.3483893E-4	521.0	0.0036749488	0.97457457	68.18284	0.027966296	0.97680926	0.0
SPIKE	S135:C>T	1	107661	9.288415E-6	0.30552366	32.0	TRUE	C	3.0913996E-4	1567.0	7.9152087E-4	0.94266367	803.765	0.021256339	0.9761288	0.0
SPIKE	S135:C>G	0	107661	0.0	9999.0	0.0	TRUE	C	8.067106E-5	6.0	7.82529E-4	0.9847099	481.91586	0.018036196	0.989625	1.0
SPIKE	S136:C>A	1	107661	9.288415E-6	2.9160635	33.0	TRUE	C	9.7311786E-5	376.0	0.0036749488	0.9815851	68.18284	0.027966296	0.97680926	0.0
SPIKE	S136:C>T	2	107661	1.857683E-5	0.7620985	35.0	TRUE	C	3.332083E-4	1689.0	7.9152087E-4	0.9383401	803.765	0.021256339	0.9761288	0.0
SPIKE	S136:C>G	0	107661	0.0	9999.0	0.0	TRUE	C	2.3435518E-6	14.0	7.82529E-4	0.9995525	481.91586	0.018036196	0.989625	0.0
SPIKE	I137:>T	3	107661	2.7865244E-5	9999.0	39.82965	TRUE		NaN	NaN	NaN	NaN	NaN	NaN	NaN	NaN
SPIKE	S137:T>A	0	107661	0.0	9999.0	0.0	TRUE	T	1.3152539E-5	52.0	0.0019556026	0.997491	109.98179	0.027284427	0.993066	0.0
SPIKE	S137:T>G	0	107661	0.0	9999.0	0.0	TRUE	T	8.7313114E-5	493.0	3.8434993E-4	0.9834615	967.87317	0.019074708	0.9862026	0.0
SPIKE	S137:T>C	0	107661	0.0	9999.0	0.0	TRUE	T	2.9260534E-4	1331.0	0.0015176805	0.9456454	227.87634	0.023704031	0.98464155	0.0
SPIKE	S138:G>A	0	107661	0.0	9999.0	0.0	TRUE	G	5.6653334E-5	210.0	0.0018395359	0.98923755	196.01724	0.029098073	0.97841877	0.0
SPIKE	S138:G>C	0	107661	0.0	9999.0	0.0	TRUE	G	6.160911E-6	36.0	6.8927294E-4	0.99882394	458.94843	0.018437427	0.98737264	0.0
SPIKE	S138:G>T	0	107661	0.0	9999.0	0.0	TRUE	G	2.2519902E-5	120.0	8.073434E-4	0.9957079	431.32748	0.020220619	0.98660856	0.0
SPIKE	S139:A>G	0	107661	0.0	9999.0	0.0	TRUE	A	5.4935386E-5	234.0	0.0018401664	0.9895622	220.62016	0.025321804	0.97091836	0.0
SPIKE	S139:A>C	0	107661	0.0	9999.0	0.0	TRUE	A	2.0585776E-5	5.0	0.0018049357	0.9960758	65.966034	0.033658117	0.9120175	1.0
SPIKE	S139:A>T	0	107661	0.0	9999.0	0.0	TRUE	A	2.9726877E-4	905.0	0.0029631744	0.9448035	80.18938	0.035468917	0.9855372	0.0
SPIKE	I140:>GA	1	107661	9.288415E-6	9999.0	39.89923	TRUE		NaN	NaN	NaN	NaN	NaN	NaN	NaN	NaN
SPIKE	S140:T>A	0	107661	0.0	9999.0	0.0	TRUE	T	1.14578856E-4	453.0	0.0019556026	0.97835314	109.98179	0.027284427	0.993066	0.0
SPIKE	S140:T>G	0	107661	0.0	9999.0	0.0	TRUE	T	3.7192196E-5	210.0	3.8434993E-4	0.9929215	967.87317	0.019074708	0.9862026	0.0
SPIKE	S140:T>C	0	107661	0.0	9999.0	0.0	TRUE	T	2.923855E-5	133.0	0.0015176805	0.994431	227.87634	0.023704031	0.98464155	0.0
SPIKE	S141:T>A	0	107661	0.0	9999.0	0.0	TRUE	T	7.2490727E-4	2866.0	0.0019556026	0.8707004	109.98179	0.027284427	0.993066	0.0
SPIKE	S141:T>G	0	107661	0.0	9999.0	0.0	TRUE	T	8.8907065E-5	502.0	3.8434993E-4	0.9831621	967.87317	0.019074708	0.9862026	0.0
SPIKE	S141:T>C	0	107661	0.0	9999.0	0.0	TRUE	T	2.7699678E-5	126.0	0.0015176805	0.9947233	227.87634	0.023704031	0.98464155	0.0
SPIKE	S142:A>G	0	107661	0.0	9999.0	0.0	TRUE	A	9.700556E-4	4132.0	0.0018401664	0.8308711	220.62016	0.025321804	0.97091836	0.0
SPIKE	S142:A>C	0	107661	0.0	9999.0	0.0	TRUE	A	1.4885562E-4	477.0	0.0018049357	0.97196895	65.966034	0.033658117	0.9120175	0.0
SPIKE	S142:A>T	0	107661	0.0	9999.0	0.0	TRUE	A	3.4358358E-4	1046.0	0.0029631744	0.9364825	80.18938	0.035468917	0.9855372	0.0
SPIKE	S143:G>A	0	107661	0.0	9999.0	0.0	TRUE	G	3.1240267E-4	1158.0	0.0018395359	0.9420764	196.01724	0.029098073	0.97841877	0.0
SPIKE	S143:G>C	0	107661	0.0	9999.0	0.0	TRUE	G	0.0010109028	5907.0	6.8927294E-4	0.824414	458.94843	0.018437427	0.98737264	0.0
SPIKE	S143:G>T	0	107661	0.0	9999.0	0.0	TRUE	G	2.5522557E-5	136.0	8.073434E-4	0.99513704	431.32748	0.020220619	0.98660856	0.0
SPIKE	S144:C>A	0	107661	0.0	9999.0	0.0	TRUE	C	3.7268343E-5	144.0	0.0036749488	0.99290705	68.18284	0.027966296	0.97680926	0.0
SPIKE	S144:C>G	0	107661	0.0	9999.0	0.0	TRUE	C	2.7905006E-4	1667.0	7.82529E-4	0.94809693	481.91586	0.018036196	0.989625	0.0
SPIKE	S144:C>T	0	107661	0.0	9999.0	0.0	TRUE	C	2.101047E-4	1065.0	7.9152087E-4	0.9606646	803.765	0.021256339	0.9761288	0.0
SPIKE	S145:C>A	0	107661	0.0	9999.0	0.0	TRUE	C	2.7951257E-5	108.0	0.0036749488	0.9946755	68.18284	0.027966296	0.97680926	0.0
SPIKE	S145:C>G	0	107661	0.0	9999.0	0.0	TRUE	C	1.7576638E-4	1050.0	7.82529E-4	0.9669859	481.91586	0.018036196	0.989625	0.0
SPIKE	S145:C>T	0	107661	0.0	9999.0	0.0	TRUE	C	2.7441845E-4	1391.0	7.9152087E-4	0.948936	803.765	0.021256339	0.9761288	0.0
SPIKE	S146:C>A	0	107661	0.0	9999.0	0.0	TRUE	C	3.2092186E-5	124.0	0.0036749488	0.99388915	68.18284	0.027966296	0.97680926	0.0
SPIKE	S146:C>G	0	107661	0.0	9999.0	0.0	TRUE	C	0.001471918	8793.0	7.82529E-4	0.75492543	481.91586	0.018036196	0.989625	0.0
SPIKE	S146:C>T	0	107661	0.0	9999.0	0.0	TRUE	C	3.0578618E-4	1550.0	7.9152087E-4	0.9432677	803.765	0.021256339	0.9761288	0.0
SPIKE	S147:G>A	0	107661	0.0	9999.0	0.0	TRUE	G	7.7696E-5	288.0	0.0018395359	0.9852696	196.01724	0.029098073	0.97841877	0.0
SPIKE	S147:G>C	0	107661	0.0	9999.0	0.0	TRUE	G	4.6395083E-4	2711.0	6.8927294E-4	0.9151982	458.94843	0.018437427	0.98737264	0.0
SPIKE	S147:G>T	0	107661	0.0	9999.0	0.0	TRUE	G	0.001780949	9490.0	8.073434E-4	0.71165556	431.32748	0.020220619	0.98660856	0.0
SPIKE	S148:T>A	0	107661	0.0	9999.0	0.0	TRUE	T	2.782268E-6	11.0	0.0019556026	0.99946874	109.98179	0.027284427	0.993066	0.0
SPIKE	S148:T>G	0	107661	0.0	9999.0	0.0	TRUE	T	0.0028188145	15916.0	3.8434993E-4	0.58368516	967.87317	0.019074708	0.9862026	0.0
SPIKE	S148:T>C	0	107661	0.0	9999.0	0.0	TRUE	T	2.5259468E-4	1149.0	0.0015176805	0.95289975	227.87634	0.023704031	0.98464155	0.0
SPIKE	S149:G>A	0	107661	0.0	9999.0	0.0	TRUE	G	1.8075112E-5	67.0	0.0018395359	0.9965536	196.01724	0.029098073	0.97841877	0.0
SPIKE	S149:G>C	0	107661	0.0	9999.0	0.0	TRUE	G	0.0019477035	11381.0	6.8927294E-4	0.6893464	458.94843	0.018437427	0.98737264	0.0
SPIKE	S149:G>T	0	107661	0.0	9999.0	0.0	TRUE	G	8.354884E-4	4452.0	8.073434E-4	0.85250324	431.32748	0.020220619	0.98660856	0.0
SPIKE	S150:C>A	0	107659	0.0	9999.0	0.0	TRUE	C	2.7692964E-5	107.0	0.0036749488	0.99472463	68.18157	0.027966296	0.97680926	0.0
SPIKE	S150:C>G	0	107659	0.0	9999.0	0.0	TRUE	C	9.756053E-4	5828.0	7.82529E-4	0.82999086	481.90692	0.018036196	0.989625	0.0
SPIKE	S150:C>T	0	107659	0.0	9999.0	0.0	TRUE	C	0.0026635458	13501.0	7.9152087E-4	0.60125434	803.7501	0.021256339	0.9761288	0.0
SPIKE	S151:T>A	0	107652	0.0	9999.0	0.0	TRUE	T	6.5768195E-6	26.0	0.0019556026	0.9987446	109.972595	0.027284427	0.993066	0.0
SPIKE	S151:T>G	0	107652	0.0	9999.0	0.0	TRUE	T	0.0029773957	16810.0	3.8434993E-4	0.56627095	967.79224	0.019074708	0.9862026	0.0
SPIKE	S151:T>C	0	107652	0.0	9999.0	0.0	TRUE	T	8.297407E-4	3774.0	0.0015176805	0.8534396	227.85728	0.023704031	0.98464155	0.0
SPIKE	S152:G>A	0	107628	0.0	9999.0	0.0	TRUE	G	2.4287445E-5	90.0	0.0018395359	0.9953718	195.95717	0.029098073	0.97841877	0.0
SPIKE	S152:G>C	0	107628	0.0	9999.0	0.0	TRUE	G	1.5407E-5	90.0	6.8927294E-4	0.9970616	458.80777	0.018437427	0.98737264	0.0
SPIKE	S152:G>T	0	107628	0.0	9999.0	0.0	TRUE	G	7.724818E-4	4115.0	8.073434E-4	0.86282444	431.19525	0.020220619	0.98660856	0.0
SPIKE	S153:G>A	0	107480	0.0	9999.0	0.0	TRUE	G	1.8375782E-5	68.0	0.0018395359	0.9964964	195.6877	0.029098073	0.97841877	0.0
SPIKE	S153:G>C	0	107480	0.0	9999.0	0.0	TRUE	G	1.09711755E-5	64.0	6.8927294E-4	0.9979067	458.17685	0.018437427	0.98737264	0.0
SPIKE	S153:G>T	0	107480	0.0	9999.0	0.0	TRUE	G	1.2030841E-5	64.0	8.073434E-4	0.99770474	430.60233	0.020220619	0.98660856	0.0
