#pipeline_block
reference	mutation	count	coverage	freq	score	cqs	has.reference	ancestral.allele	error.rate	minor.count.local	minor.fdr	minor.recall	minor.count.global	read.fraction.in.minors	q.filtered.read.fraction	global.est
SPIKE	S0:T>A	0	0	NaN	9999.0	0.0	FALSE	A	1.056087E-5	0.0	5.7276996E-4	0.9997994	0.0	0.102000125	0.9852822	1.0
SPIKE	S0:T>G	0	0	NaN	9999.0	0.0	FALSE	A	7.2887015E-5	0.0	2.4189116E-4	0.9986161	0.0	0.095122084	0.98193735	1.0
SPIKE	S0:T>C	0	0	NaN	9999.0	0.0	FALSE	A	6.523283E-5	0.0	3.5291814E-4	0.99876136	0.0	0.124162465	0.96811795	1.0
SPIKE	S1:A>G	0	0	NaN	9999.0	0.0	FALSE	A	7.9563244E-5	0.0	3.3575133E-4	0.99848944	0.0	0.12687066	0.96948016	1.0
SPIKE	S1:A>C	0	0	NaN	9999.0	0.0	FALSE	A	1.1181993E-5	0.0	4.4013423E-4	0.99978757	0.0	0.12380034	0.9673078	1.0
SPIKE	S1:A>T	0	0	NaN	9999.0	0.0	FALSE	A	1.1014249E-5	0.0	5.606094E-4	0.9997907	0.0	0.107300386	0.9794137	1.0
SPIKE	S2:G>A	0	0	NaN	9999.0	0.0	FALSE	A	5.2006253E-5	0.0	3.9416036E-4	0.99901235	0.0	0.1255237	0.9721293	1.0
SPIKE	S2:G>C	0	0	NaN	9999.0	0.0	FALSE	A	3.237406E-5	0.0	3.4966652E-4	0.99938506	0.0	0.09503166	0.9853448	1.0
SPIKE	S2:G>T	0	0	NaN	9999.0	0.0	FALSE	A	2.9626111E-5	0.0	3.7529095E-4	0.9994373	0.0	0.09946218	0.98202574	1.0
SPIKE	S3:C>A	0	0	NaN	9999.0	0.0	FALSE	A	2.6772107E-6	0.0	7.964102E-4	0.99994916	0.0	0.12630983	0.9635694	1.0
SPIKE	S3:C>G	0	0	NaN	9999.0	0.0	FALSE	A	3.560696E-5	0.0	3.7082814E-4	0.9993237	0.0	0.096045546	0.9870297	1.0
SPIKE	S3:C>T	0	0	NaN	9999.0	0.0	FALSE	A	8.200708E-5	0.0	3.3335888E-4	0.99844307	0.0	0.118893676	0.9759996	1.0
SPIKE	S4:G>A	0	0	NaN	9999.0	0.0	FALSE	A	5.2006253E-5	0.0	3.9416036E-4	0.99901235	0.0	0.1255237	0.9721293	1.0
SPIKE	S4:G>C	0	0	NaN	9999.0	0.0	FALSE	A	3.237406E-5	0.0	3.4966652E-4	0.99938506	0.0	0.09503166	0.9853448	1.0
SPIKE	S4:G>T	0	0	NaN	9999.0	0.0	FALSE	A	2.9626111E-5	0.0	3.7529095E-4	0.9994373	0.0	0.09946218	0.98202574	1.0
SPIKE	S5:T>A	0	0	NaN	9999.0	0.0	FALSE	A	1.056087E-5	0.0	5.7276996E-4	0.9997994	0.0	0.102000125	0.9852822	1.0
SPIKE	S5:T>G	0	0	NaN	9999.0	0.0	FALSE	A	7.2887015E-5	0.0	2.4189116E-4	0.9986161	0.0	0.095122084	0.98193735	1.0
SPIKE	S5:T>C	0	0	NaN	9999.0	0.0	FALSE	A	6.523283E-5	0.0	3.5291814E-4	0.99876136	0.0	0.124162465	0.96811795	1.0
SPIKE	S6:G>A	0	0	NaN	9999.0	0.0	FALSE	A	5.2006253E-5	0.0	3.9416036E-4	0.99901235	0.0	0.1255237	0.9721293	1.0
SPIKE	S6:G>C	0	0	NaN	9999.0	0.0	FALSE	A	3.237406E-5	0.0	3.4966652E-4	0.99938506	0.0	0.09503166	0.9853448	1.0
SPIKE	S6:G>T	0	0	NaN	9999.0	0.0	FALSE	A	2.9626111E-5	0.0	3.7529095E-4	0.9994373	0.0	0.09946218	0.98202574	1.0
SPIKE	S7:A>G	0	0	NaN	9999.0	0.0	FALSE	A	7.9563244E-5	0.0	3.3575133E-4	0.99848944	0.0	0.12687066	0.96948016	1.0
SPIKE	S7:A>C	0	0	NaN	9999.0	0.0	FALSE	A	1.1181993E-5	0.0	4.4013423E-4	0.99978757	0.0	0.12380034	0.9673078	1.0
SPIKE	S7:A>T	0	0	NaN	9999.0	0.0	FALSE	A	1.1014249E-5	0.0	5.606094E-4	0.9997907	0.0	0.107300386	0.9794137	1.0
SPIKE	S8:A>G	0	0	NaN	9999.0	0.0	FALSE	A	7.9563244E-5	0.0	3.3575133E-4	0.99848944	0.0	0.12687066	0.96948016	1.0
SPIKE	S8:A>C	0	0	NaN	9999.0	0.0	FALSE	A	1.1181993E-5	0.0	4.4013423E-4	0.99978757	0.0	0.12380034	0.9673078	1.0
SPIKE	S8:A>T	0	0	NaN	9999.0	0.0	FALSE	A	1.1014249E-5	0.0	5.606094E-4	0.9997907	0.0	0.107300386	0.9794137	1.0
SPIKE	S9:G>A	0	0	NaN	9999.0	0.0	FALSE	A	5.2006253E-5	0.0	3.9416036E-4	0.99901235	0.0	0.1255237	0.9721293	1.0
SPIKE	S9:G>C	0	0	NaN	9999.0	0.0	FALSE	A	3.237406E-5	0.0	3.4966652E-4	0.99938506	0.0	0.09503166	0.9853448	1.0
SPIKE	S9:G>T	0	0	NaN	9999.0	0.0	FALSE	A	2.9626111E-5	0.0	3.7529095E-4	0.9994373	0.0	0.09946218	0.98202574	1.0
SPIKE	S10:A>G	0	0	NaN	9999.0	0.0	FALSE	A	7.9563244E-5	0.0	3.3575133E-4	0.99848944	0.0	0.12687066	0.96948016	1.0
SPIKE	S10:A>C	0	0	NaN	9999.0	0.0	FALSE	A	1.1181993E-5	0.0	4.4013423E-4	0.99978757	0.0	0.12380034	0.9673078	1.0
SPIKE	S10:A>T	0	0	NaN	9999.0	0.0	FALSE	A	1.1014249E-5	0.0	5.606094E-4	0.9997907	0.0	0.107300386	0.9794137	1.0
SPIKE	S11:C>A	0	0	NaN	9999.0	0.0	FALSE	A	2.6772107E-6	0.0	7.964102E-4	0.99994916	0.0	0.12630983	0.9635694	1.0
SPIKE	S11:C>G	0	0	NaN	9999.0	0.0	FALSE	A	3.560696E-5	0.0	3.7082814E-4	0.9993237	0.0	0.096045546	0.9870297	1.0
SPIKE	S11:C>T	0	0	NaN	9999.0	0.0	FALSE	A	8.200708E-5	0.0	3.3335888E-4	0.99844307	0.0	0.118893676	0.9759996	1.0
SPIKE	S12:G>A	0	0	NaN	9999.0	0.0	FALSE	A	5.2006253E-5	0.0	3.9416036E-4	0.99901235	0.0	0.1255237	0.9721293	1.0
SPIKE	S12:G>C	0	0	NaN	9999.0	0.0	FALSE	A	3.237406E-5	0.0	3.4966652E-4	0.99938506	0.0	0.09503166	0.9853448	1.0
SPIKE	S12:G>T	0	0	NaN	9999.0	0.0	FALSE	A	2.9626111E-5	0.0	3.7529095E-4	0.9994373	0.0	0.09946218	0.98202574	1.0
SPIKE	S13:A>G	0	0	NaN	9999.0	0.0	FALSE	A	7.9563244E-5	0.0	3.3575133E-4	0.99848944	0.0	0.12687066	0.96948016	1.0
SPIKE	S13:A>C	0	0	NaN	9999.0	0.0	FALSE	A	1.1181993E-5	0.0	4.4013423E-4	0.99978757	0.0	0.12380034	0.9673078	1.0
SPIKE	S13:A>T	0	0	NaN	9999.0	0.0	FALSE	A	1.1014249E-5	0.0	5.606094E-4	0.9997907	0.0	0.107300386	0.9794137	1.0
SPIKE	S14:C>A	0	0	NaN	9999.0	0.0	FALSE	A	2.6772107E-6	0.0	7.964102E-4	0.99994916	0.0	0.12630983	0.9635694	1.0
SPIKE	S14:C>G	0	0	NaN	9999.0	0.0	FALSE	A	3.560696E-5	0.0	3.7082814E-4	0.9993237	0.0	0.096045546	0.9870297	1.0
SPIKE	S14:C>T	0	0	NaN	9999.0	0.0	FALSE	A	8.200708E-5	0.0	3.3335888E-4	0.99844307	0.0	0.118893676	0.9759996	1.0
SPIKE	S15:A>G	0	0	NaN	9999.0	0.0	FALSE	A	7.9563244E-5	0.0	3.3575133E-4	0.99848944	0.0	0.12687066	0.96948016	1.0
SPIKE	S15:A>C	0	0	NaN	9999.0	0.0	FALSE	A	1.1181993E-5	0.0	4.4013423E-4	0.99978757	0.0	0.12380034	0.9673078	1.0
SPIKE	S15:A>T	0	0	NaN	9999.0	0.0	FALSE	A	1.1014249E-5	0.0	5.606094E-4	0.9997907	0.0	0.107300386	0.9794137	1.0
SPIKE	S16:G>A	0	0	NaN	9999.0	0.0	FALSE	A	5.2006253E-5	0.0	3.9416036E-4	0.99901235	0.0	0.1255237	0.9721293	1.0
SPIKE	S16:G>C	0	0	NaN	9999.0	0.0	FALSE	A	3.237406E-5	0.0	3.4966652E-4	0.99938506	0.0	0.09503166	0.9853448	1.0
SPIKE	S16:G>T	0	0	NaN	9999.0	0.0	FALSE	A	2.9626111E-5	0.0	3.7529095E-4	0.9994373	0.0	0.09946218	0.98202574	1.0
SPIKE	S17:A>G	0	0	NaN	9999.0	0.0	FALSE	A	7.9563244E-5	0.0	3.3575133E-4	0.99848944	0.0	0.12687066	0.96948016	1.0
SPIKE	S17:A>C	0	0	NaN	9999.0	0.0	FALSE	A	1.1181993E-5	0.0	4.4013423E-4	0.99978757	0.0	0.12380034	0.9673078	1.0
SPIKE	S17:A>T	0	0	NaN	9999.0	0.0	FALSE	A	1.1014249E-5	0.0	5.606094E-4	0.9997907	0.0	0.107300386	0.9794137	1.0
SPIKE	S18:A>G	0	0	NaN	9999.0	0.0	FALSE	A	7.9563244E-5	0.0	3.3575133E-4	0.99848944	0.0	0.12687066	0.96948016	1.0
SPIKE	S18:A>C	0	0	NaN	9999.0	0.0	FALSE	A	1.1181993E-5	0.0	4.4013423E-4	0.99978757	0.0	0.12380034	0.9673078	1.0
SPIKE	S18:A>T	0	0	NaN	9999.0	0.0	FALSE	A	1.1014249E-5	0.0	5.606094E-4	0.9997907	0.0	0.107300386	0.9794137	1.0
SPIKE	S19:C>A	0	0	NaN	9999.0	0.0	FALSE	A	2.6772107E-6	0.0	7.964102E-4	0.99994916	0.0	0.12630983	0.9635694	1.0
SPIKE	S19:C>G	0	0	NaN	9999.0	0.0	FALSE	A	3.560696E-5	0.0	3.7082814E-4	0.9993237	0.0	0.096045546	0.9870297	1.0
SPIKE	S19:C>T	0	0	NaN	9999.0	0.0	FALSE	A	8.200708E-5	0.0	3.3335888E-4	0.99844307	0.0	0.118893676	0.9759996	1.0
SPIKE	S20:C>A	0	0	NaN	9999.0	0.0	FALSE	A	2.6772107E-6	0.0	7.964102E-4	0.99994916	0.0	0.12630983	0.9635694	1.0
SPIKE	S20:C>G	0	0	NaN	9999.0	0.0	FALSE	A	3.560696E-5	0.0	3.7082814E-4	0.9993237	0.0	0.096045546	0.9870297	1.0
SPIKE	S20:C>T	0	0	NaN	9999.0	0.0	FALSE	A	8.200708E-5	0.0	3.3335888E-4	0.99844307	0.0	0.118893676	0.9759996	1.0
SPIKE	S21:A>G	0	0	NaN	9999.0	0.0	FALSE	A	7.9563244E-5	0.0	3.3575133E-4	0.99848944	0.0	0.12687066	0.96948016	1.0
SPIKE	S21:A>C	0	0	NaN	9999.0	0.0	FALSE	A	1.1181993E-5	0.0	4.4013423E-4	0.99978757	0.0	0.12380034	0.9673078	1.0
SPIKE	S21:A>T	0	0	NaN	9999.0	0.0	FALSE	A	1.1014249E-5	0.0	5.606094E-4	0.9997907	0.0	0.107300386	0.9794137	1.0
SPIKE	S22:A>G	0	0	NaN	9999.0	0.0	FALSE	A	7.9563244E-5	0.0	3.3575133E-4	0.99848944	0.0	0.12687066	0.96948016	1.0
SPIKE	S22:A>C	0	0	NaN	9999.0	0.0	FALSE	A	1.1181993E-5	0.0	4.4013423E-4	0.99978757	0.0	0.12380034	0.9673078	1.0
SPIKE	S22:A>T	0	0	NaN	9999.0	0.0	FALSE	A	1.1014249E-5	0.0	5.606094E-4	0.9997907	0.0	0.107300386	0.9794137	1.0
SPIKE	S23:A>G	0	0	NaN	9999.0	0.0	FALSE	A	7.9563244E-5	0.0	3.3575133E-4	0.99848944	0.0	0.12687066	0.96948016	1.0
SPIKE	S23:A>C	0	0	NaN	9999.0	0.0	FALSE	A	1.1181993E-5	0.0	4.4013423E-4	0.99978757	0.0	0.12380034	0.9673078	1.0
SPIKE	S23:A>T	0	0	NaN	9999.0	0.0	FALSE	A	1.1014249E-5	0.0	5.606094E-4	0.9997907	0.0	0.107300386	0.9794137	1.0
SPIKE	S24:A>G	0	0	NaN	9999.0	0.0	FALSE	A	7.9563244E-5	0.0	3.3575133E-4	0.99848944	0.0	0.12687066	0.96948016	1.0
SPIKE	S24:A>C	0	0	NaN	9999.0	0.0	FALSE	A	1.1181993E-5	0.0	4.4013423E-4	0.99978757	0.0	0.12380034	0.9673078	1.0
SPIKE	S24:A>T	0	0	NaN	9999.0	0.0	FALSE	A	1.1014249E-5	0.0	5.606094E-4	0.9997907	0.0	0.107300386	0.9794137	1.0
SPIKE	S25:A>G	0	0	NaN	9999.0	0.0	FALSE	A	7.9563244E-5	0.0	3.3575133E-4	0.99848944	0.0	0.12687066	0.96948016	1.0
SPIKE	S25:A>C	0	0	NaN	9999.0	0.0	FALSE	A	1.1181993E-5	0.0	4.4013423E-4	0.99978757	0.0	0.12380034	0.9673078	1.0
SPIKE	S25:A>T	0	0	NaN	9999.0	0.0	FALSE	A	1.1014249E-5	0.0	5.606094E-4	0.9997907	0.0	0.107300386	0.9794137	1.0
SPIKE	S26:T>A	0	406954	0.0	9999.0	0.0	TRUE	T	1.056087E-5	6.0	5.7276996E-4	0.9997994	42.159275	0.102000125	0.9852822	1.0
SPIKE	S26:T>G	0	406954	0.0	9999.0	0.0	TRUE	T	3.5052763E-6	15.0	2.4189116E-4	0.9999334	311.9027	0.095122084	0.98193735	0.0
SPIKE	S26:T>C	0	406954	0.0	9999.0	0.0	TRUE	T	1.2657263E-4	415.0	3.5291814E-4	0.997598	213.88213	0.124162465	0.96811795	0.0
SPIKE	S27:G>A	0	417036	0.0	9999.0	0.0	TRUE	G	2.5574072E-5	85.0	3.9416036E-4	0.9995142	172.85208	0.1255237	0.9721293	0.0
SPIKE	S27:G>C	0	417036	0.0	9999.0	0.0	TRUE	G	3.237406E-5	0.0	3.4966652E-4	0.99938506	142.1197	0.09503166	0.9853448	1.0
SPIKE	S27:G>T	0	417036	0.0	9999.0	0.0	TRUE	G	1.0251558E-5	43.0	3.7529095E-4	0.9998052	124.266266	0.09946218	0.98202574	0.0
SPIKE	S28:G>A	0	419945	0.0	9999.0	0.0	TRUE	G	5.1690196E-5	173.0	3.9416036E-4	0.9990184	174.0578	0.1255237	0.9721293	0.0
SPIKE	S28:G>C	0	419945	0.0	9999.0	0.0	TRUE	G	3.237406E-5	1.0	3.4966652E-4	0.99938506	143.11105	0.09503166	0.9853448	1.0
SPIKE	S28:G>T	0	419945	0.0	9999.0	0.0	TRUE	G	2.9626111E-5	6.0	3.7529095E-4	0.9994373	125.13307	0.09946218	0.98202574	1.0
SPIKE	S29:G>A	0	419968	0.0	9999.0	0.0	TRUE	G	4.630949E-5	155.0	3.9416036E-4	0.99912053	174.06732	0.1255237	0.9721293	0.0
SPIKE	S29:G>C	0	419968	0.0	9999.0	0.0	TRUE	G	3.237406E-5	1.0	3.4966652E-4	0.99938506	143.11888	0.09503166	0.9853448	1.0
SPIKE	S29:G>T	0	419968	0.0	9999.0	0.0	TRUE	G	2.9626111E-5	2.0	3.7529095E-4	0.9994373	125.13993	0.09946218	0.98202574	1.0
SPIKE	S30:A>G	0	419995	0.0	9999.0	0.0	TRUE	A	1.6034882E-4	531.0	3.3575133E-4	0.996958	263.4761	0.12687066	0.96948016	0.0
SPIKE	S30:A>C	0	419995	0.0	9999.0	0.0	TRUE	A	3.2410014E-6	11.0	4.4013423E-4	0.9999384	37.951828	0.12380034	0.9673078	0.0
SPIKE	S30:A>T	0	419995	0.0	9999.0	0.0	TRUE	A	1.1014249E-5	6.0	5.606094E-4	0.9997907	43.13614	0.107300386	0.9794137	1.0
SPIKE	S31:T>C	1	419995	2.3809807E-6	0.16811949	40.0	TRUE	T	9.397667E-5	318.0	3.5291814E-4	0.99821603	220.73605	0.124162465	0.96811795	0.0
SPIKE	S31:T>A	0	419995	0.0	9999.0	0.0	TRUE	T	7.0389156E-6	29.0	5.7276996E-4	0.99986625	43.510284	0.102000125	0.9852822	0.0
SPIKE	S31:T>G	0	419995	0.0	9999.0	0.0	TRUE	T	2.4907197E-6	11.0	2.4189116E-4	0.9999527	321.89777	0.095122084	0.98193735	0.0
SPIKE	S32:C>T	10	419995	2.3809807E-5	45.519672	40.0	TRUE	C	4.2448377E-5	150.0	3.3335888E-4	0.9991938	289.78876	0.118893676	0.9759996	0.0
SPIKE	S32:C>A	0	419995	0.0	9999.0	0.0	TRUE	C	2.6772107E-6	1.0	7.964102E-4	0.99994916	8.909135	0.12630983	0.9635694	1.0
SPIKE	S32:C>G	0	419995	0.0	9999.0	0.0	TRUE	C	3.560696E-5	0.0	3.7082814E-4	0.9993237	155.7625	0.096045546	0.9870297	1.0
SPIKE	S33:C>T	10	419995	2.3809807E-5	62.33186	40.0	TRUE	C	2.7166961E-5	96.0	3.3335888E-4	0.99948394	289.78876	0.118893676	0.9759996	0.0
SPIKE	S33:C>A	2	419995	4.7619615E-6	24.16583	40.0	TRUE	C	2.6772107E-6	2.0	7.964102E-4	0.99994916	8.909135	0.12630983	0.9635694	1.0
SPIKE	S33:C>G	0	419995	0.0	9999.0	0.0	TRUE	C	3.560696E-5	0.0	3.7082814E-4	0.9993237	155.7625	0.096045546	0.9870297	1.0
SPIKE	S34:A>G	8	419995	1.9047846E-5	28.980957	40.0	TRUE	A	4.680615E-5	155.0	3.3575133E-4	0.99911106	263.4761	0.12687066	0.96948016	0.0
SPIKE	S34:A>C	0	419995	0.0	9999.0	0.0	TRUE	A	9.428368E-6	32.0	4.4013423E-4	0.9998209	37.951828	0.12380034	0.9673078	0.0
SPIKE	S34:A>T	0	419995	0.0	9999.0	0.0	TRUE	A	1.1014249E-5	1.0	5.606094E-4	0.9997907	43.13614	0.107300386	0.9794137	1.0
SPIKE	S35:T>C	1	419995	2.3809807E-6	0.13699277	40.0	TRUE	T	9.900058E-5	335.0	3.5291814E-4	0.9981208	220.73605	0.124162465	0.96811795	0.0
SPIKE	S35:T>A	0	419995	0.0	9999.0	0.0	TRUE	T	6.310752E-6	26.0	5.7276996E-4	0.9998801	43.510284	0.102000125	0.9852822	0.0
SPIKE	S35:T>G	0	419995	0.0	9999.0	0.0	TRUE	T	4.3021523E-6	19.0	2.4189116E-4	0.9999183	321.89777	0.095122084	0.98193735	0.0
SPIKE	S36:T>A	0	419995	0.0	9999.0	0.0	TRUE	T	1.056087E-5	0.0	5.7276996E-4	0.9997994	43.510284	0.102000125	0.9852822	1.0
SPIKE	S36:T>G	0	419995	0.0	9999.0	0.0	TRUE	T	7.2887015E-5	0.0	2.4189116E-4	0.9986161	321.89777	0.095122084	0.98193735	1.0
SPIKE	S36:T>C	0	419995	0.0	9999.0	0.0	TRUE	T	1.004782E-5	34.0	3.5291814E-4	0.9998091	220.73605	0.124162465	0.96811795	0.0
SPIKE	S37:A>G	6	419995	1.4285884E-5	19.934679	39.5	TRUE	A	4.197455E-5	139.0	3.3575133E-4	0.9992028	263.4761	0.12687066	0.96948016	0.0
SPIKE	S37:A>C	0	419995	0.0	9999.0	0.0	TRUE	A	1.1181993E-5	7.0	4.4013423E-4	0.99978757	37.951828	0.12380034	0.9673078	1.0
SPIKE	S37:A>T	0	419995	0.0	9999.0	0.0	TRUE	A	6.128086E-6	24.0	5.606094E-4	0.9998836	43.13614	0.107300386	0.9794137	0.0
SPIKE	S38:T>C	1	419995	2.3809807E-6	5.4252524	36.0	TRUE	T	1.2707536E-5	43.0	3.5291814E-4	0.9997586	220.73605	0.124162465	0.96811795	0.0
SPIKE	S38:T>A	0	419995	0.0	9999.0	0.0	TRUE	T	6.068031E-6	25.0	5.7276996E-4	0.9998847	43.510284	0.102000125	0.9852822	0.0
SPIKE	S38:T>G	0	419995	0.0	9999.0	0.0	TRUE	T	7.2887015E-5	7.0	2.4189116E-4	0.9986161	321.89777	0.095122084	0.98193735	1.0
SPIKE	S39:C>T	14	419995	3.333373E-5	67.790115	39.785713	TRUE	C	5.1221043E-5	181.0	3.3335888E-4	0.99902725	289.78876	0.118893676	0.9759996	0.0
SPIKE	S39:C>A	4	419995	9.523923E-6	53.059814	39.0	TRUE	C	2.6772107E-6	0.0	7.964102E-4	0.99994916	8.909135	0.12630983	0.9635694	1.0
SPIKE	S39:C>G	0	419995	0.0	9999.0	0.0	TRUE	C	3.560696E-5	0.0	3.7082814E-4	0.9993237	155.7625	0.096045546	0.9870297	1.0
SPIKE	S40:G>A	25	419995	5.952452E-5	152.9439	39.72	TRUE	G	6.004909E-5	201.0	3.9416036E-4	0.9988597	174.07852	0.1255237	0.9721293	0.0
SPIKE	S40:G>C	0	419995	0.0	9999.0	0.0	TRUE	G	5.202357E-6	23.0	3.4966652E-4	0.9999012	143.12808	0.09503166	0.9853448	0.0
SPIKE	S40:G>T	0	419995	0.0	9999.0	0.0	TRUE	G	2.3672865E-6	10.0	3.7529095E-4	0.999955	125.14797	0.09946218	0.98202574	0.0
SPIKE	S41:G>A	24	419995	5.7143538E-5	219.34114	37.958332	TRUE	G	2.7485155E-5	92.0	3.9416036E-4	0.9994779	174.07852	0.1255237	0.9721293	0.0
SPIKE	S41:G>C	0	419995	0.0	9999.0	0.0	TRUE	G	3.237406E-5	4.0	3.4966652E-4	0.99938506	143.12808	0.09503166	0.9853448	1.0
SPIKE	S41:G>T	0	419995	0.0	9999.0	0.0	TRUE	G	2.6040152E-6	11.0	3.7529095E-4	0.9999505	125.14797	0.09946218	0.98202574	0.0
SPIKE	S42:C>T	22	419995	5.2381576E-5	105.78205	39.68182	TRUE	C	7.58411E-5	268.0	3.3335888E-4	0.9985601	289.78876	0.118893676	0.9759996	0.0
SPIKE	S42:C>A	4	419995	9.523923E-6	53.059814	38.5	TRUE	C	2.6772107E-6	4.0	7.964102E-4	0.99994916	8.909135	0.12630983	0.9635694	1.0
SPIKE	S42:C>G	0	419995	0.0	9999.0	0.0	TRUE	C	5.7149446E-6	25.0	3.7082814E-4	0.9998914	155.7625	0.096045546	0.9870297	0.0
SPIKE	S43:G>T	2	419995	4.7619615E-6	5.4169297	35.5	TRUE	G	2.9626111E-5	4.0	3.7529095E-4	0.9994373	125.14797	0.09946218	0.98202574	1.0
SPIKE	S43:G>A	15	419995	3.571471E-5	97.77104	39.466667	TRUE	G	3.4953948E-5	117.0	3.9416036E-4	0.9993361	174.07852	0.1255237	0.9721293	0.0
SPIKE	S43:G>C	0	419995	0.0	9999.0	0.0	TRUE	G	5.4285465E-6	24.0	3.4966652E-4	0.9998969	143.12808	0.09503166	0.9853448	0.0
SPIKE	S44:G>T	1	419995	2.3809807E-6	2.3602467	34.0	TRUE	G	2.9626111E-5	4.0	3.7529095E-4	0.9994373	125.14797	0.09946218	0.98202574	1.0
SPIKE	S44:G>A	19	419995	4.5238634E-5	78.60491	39.842106	TRUE	G	8.03642E-5	269.0	3.9416036E-4	0.99847424	174.07852	0.1255237	0.9721293	0.0
SPIKE	S44:G>C	0	419995	0.0	9999.0	0.0	TRUE	G	3.237406E-5	4.0	3.4966652E-4	0.99938506	143.12808	0.09503166	0.9853448	1.0
SPIKE	S45:C>T	11	419995	2.6190788E-5	89.56384	38.727272	TRUE	C	1.8111308E-5	64.0	3.3335888E-4	0.99965596	289.78876	0.118893676	0.9759996	0.0
SPIKE	S45:C>A	2	419995	4.7619615E-6	24.16583	40.0	TRUE	C	2.6772107E-6	3.0	7.964102E-4	0.99994916	8.909135	0.12630983	0.9635694	1.0
SPIKE	S45:C>G	0	419995	0.0	9999.0	0.0	TRUE	C	4.8005536E-6	21.0	3.7082814E-4	0.9999088	155.7625	0.096045546	0.9870297	0.0
SPIKE	S46:G>A	15	419995	3.571471E-5	91.15949	40.0	TRUE	G	3.913647E-5	131.0	3.9416036E-4	0.9992567	174.07852	0.1255237	0.9721293	0.0
SPIKE	S46:G>C	0	419995	0.0	9999.0	0.0	TRUE	G	4.749978E-6	21.0	3.4966652E-4	0.99990976	143.12808	0.09503166	0.9853448	0.0
SPIKE	S46:G>T	0	419995	0.0	9999.0	0.0	TRUE	G	2.9626111E-5	5.0	3.7529095E-4	0.9994373	125.14797	0.09946218	0.98202574	1.0
SPIKE	S47:A>G	1	419995	2.3809807E-6	5.943486	40.0	TRUE	A	1.11730815E-5	37.0	3.3575133E-4	0.99978775	263.4761	0.12687066	0.96948016	0.0
SPIKE	S47:A>C	0	419995	0.0	9999.0	0.0	TRUE	A	1.1181993E-5	0.0	4.4013423E-4	0.99978757	37.951828	0.12380034	0.9673078	1.0
SPIKE	S47:A>T	0	419995	0.0	9999.0	0.0	TRUE	A	1.1014249E-5	1.0	5.606094E-4	0.9997907	43.13614	0.107300386	0.9794137	1.0
SPIKE	S48:A>C	1	419995	2.3809807E-6	5.94025	40.0	TRUE	A	1.1181993E-5	8.0	4.4013423E-4	0.99978757	37.951828	0.12380034	0.9673078	1.0
SPIKE	S48:A>G	1	419995	2.3809807E-6	4.1792116	40.0	TRUE	A	1.751456E-5	58.0	3.3575133E-4	0.9996673	263.4761	0.12687066	0.96948016	0.0
SPIKE	S48:A>T	0	419995	0.0	9999.0	0.0	TRUE	A	1.1014249E-5	1.0	5.606094E-4	0.9997907	43.13614	0.107300386	0.9794137	1.0
SPIKE	S49:T>C	1	419995	2.3809807E-6	5.3336277	31.0	TRUE	T	1.3003061E-5	44.0	3.5291814E-4	0.999753	220.73605	0.124162465	0.96811795	0.0
SPIKE	D49-50:T>	1	419995	2.3809807E-6	9999.0	39.97478	TRUE		NaN	NaN	NaN	NaN	NaN	NaN	NaN	NaN
SPIKE	S49:T>A	0	419995	0.0	9999.0	0.0	TRUE	T	5.339867E-6	22.0	5.7276996E-4	0.99989855	43.510284	0.102000125	0.9852822	0.0
SPIKE	S49:T>G	0	419995	0.0	9999.0	0.0	TRUE	T	2.2642907E-6	10.0	2.4189116E-4	0.99995697	321.89777	0.095122084	0.98193735	0.0
SPIKE	S50:T>C	2	419995	4.7619615E-6	11.390694	35.5	TRUE	T	1.2707536E-5	43.0	3.5291814E-4	0.9997586	220.73605	0.124162465	0.96811795	0.0
SPIKE	S50:T>A	0	419995	0.0	9999.0	0.0	TRUE	T	1.056087E-5	1.0	5.7276996E-4	0.9997994	43.510284	0.102000125	0.9852822	1.0
SPIKE	S50:T>G	0	419995	0.0	9999.0	0.0	TRUE	T	7.2887015E-5	5.0	2.4189116E-4	0.9986161	321.89777	0.095122084	0.98193735	1.0
SPIKE	S51:T>A	0	419995	0.0	9999.0	0.0	TRUE	T	1.056087E-5	1.0	5.7276996E-4	0.9997994	43.510284	0.102000125	0.9852822	1.0
SPIKE	S51:T>G	0	419995	0.0	9999.0	0.0	TRUE	T	7.2887015E-5	0.0	2.4189116E-4	0.9986161	321.89777	0.095122084	0.98193735	1.0
SPIKE	S51:T>C	0	419995	0.0	9999.0	0.0	TRUE	T	9.752295E-6	33.0	3.5291814E-4	0.99981475	220.73605	0.124162465	0.96811795	0.0
SPIKE	S52:A>G	12	419995	2.8571769E-5	70.4439	39.583332	TRUE	A	3.442517E-5	114.0	3.3575133E-4	0.99934614	263.4761	0.12687066	0.96948016	0.0
SPIKE	S52:A>C	0	419995	0.0	9999.0	0.0	TRUE	A	1.1181993E-5	0.0	4.4013423E-4	0.99978757	37.951828	0.12380034	0.9673078	1.0
SPIKE	S52:A>T	0	419995	0.0	9999.0	0.0	TRUE	A	1.1014249E-5	1.0	5.606094E-4	0.9997907	43.13614	0.107300386	0.9794137	1.0
SPIKE	S53:C>T	12	419995	2.8571769E-5	54.364525	39.666668	TRUE	C	4.9240116E-5	174.0	3.3335888E-4	0.99906486	289.78876	0.118893676	0.9759996	0.0
SPIKE	S53:C>A	1	419995	2.3809807E-6	12.000399	40.0	TRUE	C	2.6772107E-6	3.0	7.964102E-4	0.99994916	8.909135	0.12630983	0.9635694	1.0
SPIKE	S53:C>G	0	419995	0.0	9999.0	0.0	TRUE	C	3.560696E-5	3.0	3.7082814E-4	0.9993237	155.7625	0.096045546	0.9870297	1.0
SPIKE	S54:C>T	17	419997	4.047648E-5	104.444244	40.0	TRUE	C	4.273116E-5	151.0	3.3335888E-4	0.9991884	289.79013	0.118893676	0.9759996	0.0
SPIKE	S54:C>A	2	419997	4.7619387E-6	24.16579	40.0	TRUE	C	2.6772107E-6	3.0	7.964102E-4	0.99994916	8.909177	0.12630983	0.9635694	1.0
SPIKE	S54:C>G	0	419997	0.0	9999.0	0.0	TRUE	C	3.560696E-5	0.0	3.7082814E-4	0.9993237	155.76324	0.096045546	0.9870297	1.0
SPIKE	S55:A>T	4	419998	9.523855E-6	31.14656	40.0	TRUE	A	9.958069E-6	39.0	5.606094E-4	0.9998108	43.136448	0.107300386	0.9794137	0.0
SPIKE	S55:A>C	4	419998	9.523855E-6	15.913201	40.0	TRUE	A	2.7106364E-5	92.0	4.4013423E-4	0.99948514	37.9521	0.12380034	0.9673078	0.0
SPIKE	S55:A>G	43	419998	1.0238144E-4	192.4072	40.0	TRUE	A	1.5340229E-4	508.0	3.3575133E-4	0.9970896	263.478	0.12687066	0.96948016	0.0
SPIKE	S56:C>T	14	419998	3.3333494E-5	68.076645	40.0	TRUE	C	5.0937688E-5	180.0	3.3335888E-4	0.9990327	289.79083	0.118893676	0.9759996	0.0
SPIKE	S56:C>A	7	419998	1.6666747E-5	103.301315	40.0	TRUE	C	2.6772107E-6	8.0	7.964102E-4	0.99994916	8.909199	0.12630983	0.9635694	1.0
SPIKE	S56:C>G	0	419998	0.0	9999.0	0.0	TRUE	C	3.560696E-5	1.0	3.7082814E-4	0.9993237	155.76361	0.096045546	0.9870297	1.0
SPIKE	S57:C>T	22	419998	5.23812E-5	142.5735	40.0	TRUE	C	4.895678E-5	173.0	3.3335888E-4	0.9990702	289.79083	0.118893676	0.9759996	0.0
SPIKE	S57:C>A	7	419998	1.6666747E-5	96.98934	40.0	TRUE	C	3.3054957E-6	11.0	7.964102E-4	0.9999372	8.909199	0.12630983	0.9635694	0.0
SPIKE	S57:C>G	0	419998	0.0	9999.0	0.0	TRUE	C	3.560696E-5	1.0	3.7082814E-4	0.9993237	155.76361	0.096045546	0.9870297	1.0
SPIKE	S58:A>C	1	419998	2.3809637E-6	2.505489	40.0	TRUE	A	2.8284901E-5	96.0	4.4013423E-4	0.9994627	37.9521	0.12380034	0.9673078	0.0
SPIKE	S58:A>G	20	419998	4.7619273E-5	65.28116	40.0	TRUE	A	1.0810634E-4	358.0	3.3575133E-4	0.9979481	263.478	0.12687066	0.96948016	0.0
SPIKE	S58:A>T	0	419998	0.0	9999.0	0.0	TRUE	A	1.1014249E-5	5.0	5.606094E-4	0.9997907	43.136448	0.107300386	0.9794137	1.0
SPIKE	S59:T>C	8	419998	1.904771E-5	15.695849	40.0	TRUE	T	7.979094E-5	270.0	3.5291814E-4	0.99848515	220.73764	0.124162465	0.96811795	0.0
SPIKE	S59:T>A	0	419998	0.0	9999.0	0.0	TRUE	T	2.3058352E-5	95.0	5.7276996E-4	0.99956197	43.510597	0.102000125	0.9852822	0.0
SPIKE	S59:T>G	0	419998	0.0	9999.0	0.0	TRUE	T	7.2887015E-5	8.0	2.4189116E-4	0.9986161	321.90005	0.095122084	0.98193735	1.0
SPIKE	S60:T>C	8	419998	1.904771E-5	29.571346	40.0	TRUE	T	4.580591E-5	155.0	3.5291814E-4	0.9991301	220.73764	0.124162465	0.96811795	0.0
SPIKE	S60:T>A	0	419998	0.0	9999.0	0.0	TRUE	T	1.056087E-5	7.0	5.7276996E-4	0.9997994	43.510597	0.102000125	0.9852822	1.0
SPIKE	S60:T>G	0	419998	0.0	9999.0	0.0	TRUE	T	7.2887015E-5	5.0	2.4189116E-4	0.9986161	321.90005	0.095122084	0.98193735	1.0
SPIKE	S61:G>T	1	419998	2.3809637E-6	3.888373	40.0	TRUE	G	1.8938157E-5	80.0	3.7529095E-4	0.9996402	125.148865	0.09946218	0.98202574	0.0
SPIKE	S61:G>A	20	419998	4.7619273E-5	170.70227	40.0	TRUE	G	2.718621E-5	91.0	3.9416036E-4	0.9994836	174.07976	0.1255237	0.9721293	0.0
SPIKE	S61:G>C	0	419998	0.0	9999.0	0.0	TRUE	G	3.237406E-5	0.0	3.4966652E-4	0.99938506	143.1291	0.09503166	0.9853448	1.0
SPIKE	S62:A>T	1	419998	2.3809637E-6	9.014197	40.0	TRUE	A	5.3620374E-6	21.0	5.606094E-4	0.99989814	43.136448	0.107300386	0.9794137	0.0
SPIKE	S62:A>G	3	419998	7.1428913E-6	6.7721486	40.0	TRUE	A	4.0162413E-5	133.0	3.3575133E-4	0.9992372	263.478	0.12687066	0.96948016	0.0
SPIKE	D62-63:A>	7	419998	1.6666747E-5	9999.0	40.0	TRUE		NaN	NaN	NaN	NaN	NaN	NaN	NaN	NaN
SPIKE	S62:A>C	0	419998	0.0	9999.0	0.0	TRUE	A	1.1181993E-5	4.0	4.4013423E-4	0.99978757	37.9521	0.12380034	0.9673078	1.0
SPIKE	S63:A>T	1	419998	2.3809637E-6	9.918304	40.0	TRUE	A	4.3406967E-6	17.0	5.606094E-4	0.9999175	43.136448	0.107300386	0.9794137	0.0
SPIKE	S63:A>G	1	419998	2.3809637E-6	3.2465997	40.0	TRUE	A	2.2647977E-5	75.0	3.3575133E-4	0.9995698	263.478	0.12687066	0.96948016	0.0
SPIKE	S63:A>C	0	419998	0.0	9999.0	0.0	TRUE	A	1.1181993E-5	9.0	4.4013423E-4	0.99978757	37.9521	0.12380034	0.9673078	1.0
SPIKE	S64:A>G	7	419998	1.6666747E-5	15.060683	40.0	TRUE	A	6.794393E-5	225.0	3.3575133E-4	0.9987099	263.478	0.12687066	0.96948016	0.0
SPIKE	S64:A>T	1	419998	2.3809637E-6	6.0016317	40.0	TRUE	A	1.1014249E-5	4.0	5.606094E-4	0.9997907	43.136448	0.107300386	0.9794137	1.0
SPIKE	S64:A>C	0	419998	0.0	9999.0	0.0	TRUE	A	5.8926876E-6	20.0	4.4013423E-4	0.99988806	37.9521	0.12380034	0.9673078	0.0
SPIKE	S65:A>G	28	419998	6.666699E-5	101.831154	40.0	TRUE	A	1.3015037E-4	431.0	3.3575133E-4	0.9975302	263.478	0.12687066	0.96948016	0.0
SPIKE	S65:A>C	5	419998	1.1904818E-5	11.516927	40.0	TRUE	A	5.185565E-5	176.0	4.4013423E-4	0.9990152	37.9521	0.12380034	0.9673078	0.0
SPIKE	S65:A>T	0	419998	0.0	9999.0	0.0	TRUE	A	1.1014249E-5	3.0	5.606094E-4	0.9997907	43.136448	0.107300386	0.9794137	1.0
SPIKE	S66:C>A	3	419998	7.1428913E-6	19.722744	40.0	TRUE	C	1.1719485E-5	39.0	7.964102E-4	0.9997774	8.909199	0.12630983	0.9635694	0.0
SPIKE	S66:C>T	15	419998	3.5714456E-5	83.1239	40.0	TRUE	C	4.499496E-5	159.0	3.3335888E-4	0.99914545	289.79083	0.118893676	0.9759996	0.0
SPIKE	S66:C>G	0	419998	0.0	9999.0	0.0	TRUE	C	3.560696E-5	5.0	3.7082814E-4	0.9993237	155.76361	0.096045546	0.9870297	1.0
SPIKE	S67:C>A	4	419998	9.523855E-6	16.259092	40.0	TRUE	C	2.6443966E-5	88.0	7.964102E-4	0.9994977	8.909199	0.12630983	0.9635694	0.0
SPIKE	S67:C>T	21	419998	5.000024E-5	181.13405	40.0	TRUE	C	2.7732742E-5	98.0	3.3335888E-4	0.9994732	289.79083	0.118893676	0.9759996	0.0
SPIKE	S67:C>G	0	419998	0.0	9999.0	0.0	TRUE	C	3.560696E-5	0.0	3.7082814E-4	0.9993237	155.76361	0.096045546	0.9870297	1.0
SPIKE	S68:A>G	55	419998	1.30953E-4	266.96884	40.0	TRUE	A	1.7363449E-4	575.0	3.3575133E-4	0.99670637	263.478	0.12687066	0.96948016	0.0
SPIKE	S68:A>C	1	419998	2.3809637E-6	4.0218616	40.0	TRUE	A	1.8267332E-5	62.0	4.4013423E-4	0.999653	37.9521	0.12380034	0.9673078	0.0
SPIKE	S68:A>T	2	419998	4.7619274E-6	12.170508	40.0	TRUE	A	1.14900795E-5	45.0	5.606094E-4	0.9997817	43.136448	0.107300386	0.9794137	0.0
SPIKE	S69:G>A	12	419998	2.8571565E-5	51.76904	40.0	TRUE	G	5.228117E-5	175.0	3.9416036E-4	0.99900717	174.07976	0.1255237	0.9721293	0.0
SPIKE	S69:G>C	1	419998	2.3809637E-6	3.6249425	40.0	TRUE	G	2.0356903E-5	90.0	3.4966652E-4	0.9996133	143.1291	0.09503166	0.9853448	0.0
SPIKE	S69:G>T	3	419998	7.1428913E-6	37.250313	40.0	TRUE	G	2.8407235E-6	12.0	3.7529095E-4	0.999946	125.148865	0.09946218	0.98202574	0.0
SPIKE	S70:C>A	3	419998	7.1428913E-6	38.005726	40.0	TRUE	C	2.6772107E-6	1.0	7.964102E-4	0.99994916	8.909199	0.12630983	0.9635694	1.0
SPIKE	S70:C>G	1	419998	2.3809637E-6	10.932269	40.0	TRUE	C	3.4289424E-6	15.0	3.7082814E-4	0.99993485	155.76361	0.096045546	0.9870297	0.0
SPIKE	S70:C>T	35	419998	8.333373E-5	226.76837	40.0	TRUE	C	7.470861E-5	264.0	3.3335888E-4	0.9985815	289.79083	0.118893676	0.9759996	0.0
SPIKE	S71:C>A	2	419998	4.7619274E-6	14.641073	40.0	TRUE	C	8.413989E-6	28.0	7.964102E-4	0.99984014	8.909199	0.12630983	0.9635694	0.0
SPIKE	S71:C>T	12	419998	2.8571565E-5	48.38397	40.0	TRUE	C	5.659743E-5	200.0	3.3335888E-4	0.9989252	289.79083	0.118893676	0.9759996	0.0
SPIKE	S71:C>G	0	419998	0.0	9999.0	0.0	TRUE	C	1.5315942E-5	67.0	3.7082814E-4	0.999709	155.76361	0.096045546	0.9870297	0.0
SPIKE	S72:G>A	28	419998	6.666699E-5	169.69241	40.0	TRUE	G	6.81149E-5	228.0	3.9416036E-4	0.99870664	174.07976	0.1255237	0.9721293	0.0
SPIKE	S72:G>T	2	419998	4.7619274E-6	14.10462	40.0	TRUE	G	8.995625E-6	38.0	3.7529095E-4	0.9998291	125.148865	0.09946218	0.98202574	0.0
SPIKE	S72:G>C	0	419998	0.0	9999.0	0.0	TRUE	G	3.845193E-6	17.0	3.4966652E-4	0.9999269	143.1291	0.09503166	0.9853448	0.0
SPIKE	S73:T>G	2	419998	4.7619274E-6	7.2411947	40.0	TRUE	T	2.2416318E-5	99.0	2.4189116E-4	0.9995742	321.90005	0.095122084	0.98193735	0.0
SPIKE	S73:T>C	39	419998	9.285758E-5	154.17947	40.0	TRUE	T	1.6076397E-4	544.0	3.5291814E-4	0.99695015	220.73764	0.124162465	0.96811795	0.0
SPIKE	S73:T>A	0	419998	0.0	9999.0	0.0	TRUE	T	1.056087E-5	9.0	5.7276996E-4	0.9997994	43.510597	0.102000125	0.9852822	1.0
SPIKE	S74:G>A	21	419998	5.000024E-5	186.69162	40.0	TRUE	G	2.5991212E-5	87.0	3.9416036E-4	0.9995063	174.07976	0.1255237	0.9721293	0.0
SPIKE	S74:G>C	0	419998	0.0	9999.0	0.0	TRUE	G	4.7499443E-6	21.0	3.4966652E-4	0.99990976	143.1291	0.09503166	0.9853448	0.0
SPIKE	S74:G>T	0	419998	0.0	9999.0	0.0	TRUE	G	4.7345393E-6	20.0	3.7529095E-4	0.99991006	125.148865	0.09946218	0.98202574	0.0
SPIKE	S75:G>A	13	419998	3.0952528E-5	58.031773	40.0	TRUE	G	5.347617E-5	179.0	3.9416036E-4	0.99898446	174.07976	0.1255237	0.9721293	0.0
SPIKE	S75:G>C	0	419998	0.0	9999.0	0.0	TRUE	G	3.237406E-5	0.0	3.4966652E-4	0.99938506	143.1291	0.09503166	0.9853448	1.0
SPIKE	S75:G>T	0	419998	0.0	9999.0	0.0	TRUE	G	1.6334161E-5	69.0	3.7529095E-4	0.9996897	125.148865	0.09946218	0.98202574	0.0
SPIKE	S76:T>A	1	419998	2.3809637E-6	11.636266	40.0	TRUE	T	2.912634E-6	12.0	5.7276996E-4	0.9999447	43.510597	0.102000125	0.9852822	0.0
SPIKE	S76:T>G	6	419998	1.42857825E-5	31.011848	40.0	TRUE	T	2.490702E-5	110.0	2.4189116E-4	0.99952686	321.90005	0.095122084	0.98193735	0.0
SPIKE	S76:T>C	21	419998	5.000024E-5	65.423004	40.0	TRUE	T	1.1791328E-4	399.0	3.5291814E-4	0.99776214	220.73764	0.124162465	0.96811795	0.0
SPIKE	S77:T>G	2	419998	4.7619274E-6	18.938562	40.0	TRUE	T	4.981404E-6	22.0	2.4189116E-4	0.99990535	321.90005	0.095122084	0.98193735	0.0
SPIKE	S77:T>C	2	419998	4.7619274E-6	7.411118	40.0	TRUE	T	2.1868627E-5	74.0	3.5291814E-4	0.99958456	220.73764	0.124162465	0.96811795	0.0
SPIKE	S77:T>A	0	419998	0.0	9999.0	0.0	TRUE	T	1.056087E-5	3.0	5.7276996E-4	0.9997994	43.510597	0.102000125	0.9852822	1.0
SPIKE	S78:T>C	4	419998	9.523855E-6	34.748035	40.0	TRUE	T	7.979094E-6	27.0	3.5291814E-4	0.9998484	220.73764	0.124162465	0.96811795	0.0
SPIKE	S78:T>A	0	419998	0.0	9999.0	0.0	TRUE	T	1.056087E-5	0.0	5.7276996E-4	0.9997994	43.510597	0.102000125	0.9852822	1.0
SPIKE	S78:T>G	0	419998	0.0	9999.0	0.0	TRUE	T	2.2642746E-5	100.0	2.4189116E-4	0.9995699	321.90005	0.095122084	0.98193735	0.0
SPIKE	S79:G>A	15	419998	3.5714456E-5	96.77421	40.0	TRUE	G	3.55512E-5	119.0	3.9416036E-4	0.99932474	174.07976	0.1255237	0.9721293	0.0
SPIKE	S79:G>C	0	419998	0.0	9999.0	0.0	TRUE	G	1.651171E-5	73.0	3.4966652E-4	0.9996863	143.1291	0.09503166	0.9853448	0.0
SPIKE	S79:G>T	0	419998	0.0	9999.0	0.0	TRUE	G	4.0243585E-6	17.0	3.7529095E-4	0.9999235	125.148865	0.09946218	0.98202574	0.0
SPIKE	S80:C>A	3	419997	7.142908E-6	35.324413	40.0	TRUE	C	3.3055035E-6	11.0	7.964102E-4	0.9999372	8.909177	0.12630983	0.9635694	0.0
SPIKE	S80:C>T	32	419997	7.619102E-5	170.80981	40.0	TRUE	C	9.282001E-5	328.0	3.3335888E-4	0.99823797	289.79013	0.118893676	0.9759996	0.0
SPIKE	S80:C>G	0	419997	0.0	9999.0	0.0	TRUE	C	1.6001768E-5	70.0	3.7082814E-4	0.999696	155.76324	0.096045546	0.9870297	0.0
SPIKE	S81:G>A	34	419997	8.095296E-5	250.15901	40.0	TRUE	G	5.8256304E-5	195.0	3.9416036E-4	0.99889374	174.07935	0.1255237	0.9721293	0.0
SPIKE	S81:G>T	4	419997	9.523877E-6	38.403767	40.0	TRUE	G	6.391643E-6	27.0	3.7529095E-4	0.9998786	125.14857	0.09946218	0.98202574	0.0
SPIKE	S81:G>C	0	419997	0.0	9999.0	0.0	TRUE	G	3.237406E-5	3.0	3.4966652E-4	0.99938506	143.12877	0.09503166	0.9853448	1.0
SPIKE	S82:G>A	31	419997	7.381005E-5	186.29771	40.0	TRUE	G	7.558382E-5	253.0	3.9416036E-4	0.99856496	174.07935	0.1255237	0.9721293	0.0
SPIKE	S82:G>T	1	419997	2.3809694E-6	2.3602319	40.0	TRUE	G	2.9626111E-5	9.0	3.7529095E-4	0.9994373	125.14857	0.09946218	0.98202574	1.0
SPIKE	S82:G>C	0	419997	0.0	9999.0	0.0	TRUE	G	1.5606996E-5	69.0	3.4966652E-4	0.9997035	143.12877	0.09503166	0.9853448	0.0
SPIKE	S83:C>A	5	419997	1.1904847E-5	69.064926	40.0	TRUE	C	2.6772107E-6	5.0	7.964102E-4	0.99994916	8.909177	0.12630983	0.9635694	1.0
SPIKE	S83:C>T	14	419997	3.333357E-5	60.694477	40.0	TRUE	C	5.8861468E-5	208.0	3.3335888E-4	0.99888223	289.79013	0.118893676	0.9759996	0.0
SPIKE	S83:C>G	0	419997	0.0	9999.0	0.0	TRUE	C	1.737335E-5	76.0	3.7082814E-4	0.99966997	155.76324	0.096045546	0.9870297	0.0
SPIKE	S84:G>A	37	419997	8.809587E-5	308.65826	40.0	TRUE	G	4.9293794E-5	165.0	3.9416036E-4	0.99906385	174.07935	0.1255237	0.9721293	0.0
SPIKE	S84:G>T	2	419997	4.7619387E-6	24.401411	40.0	TRUE	G	2.6040027E-6	11.0	3.7529095E-4	0.9999505	125.14857	0.09946218	0.98202574	0.0
SPIKE	S84:G>C	0	419997	0.0	9999.0	0.0	TRUE	G	3.237406E-5	3.0	3.4966652E-4	0.99938506	143.12877	0.09503166	0.9853448	1.0
SPIKE	S85:A>G	2	419997	4.7619387E-6	9.112571	40.0	TRUE	A	1.7212504E-5	57.0	3.3575133E-4	0.999673	263.47736	0.12687066	0.96948016	0.0
SPIKE	S85:A>C	1	419997	2.3809694E-6	5.9402304	40.0	TRUE	A	1.1181993E-5	2.0	4.4013423E-4	0.99978757	37.952007	0.12380034	0.9673078	1.0
SPIKE	S85:A>T	0	419997	0.0	9999.0	0.0	TRUE	A	1.7618164E-5	69.0	5.606094E-4	0.9996653	43.136345	0.107300386	0.9794137	0.0
SPIKE	S86:T>A	0	419996	0.0	9999.0	0.0	TRUE	T	2.4272065E-6	10.0	5.7276996E-4	0.99995387	43.510387	0.102000125	0.9852822	0.0
SPIKE	S86:T>G	0	419996	0.0	9999.0	0.0	TRUE	T	4.7549993E-6	21.0	2.4189116E-4	0.99990964	321.89853	0.095122084	0.98193735	0.0
SPIKE	S86:T>C	0	419996	0.0	9999.0	0.0	TRUE	T	6.383305E-5	216.0	3.5291814E-4	0.9987879	220.73659	0.124162465	0.96811795	0.0
SPIKE	S87:T>C	1	419996	2.380975E-6	2.7773776	40.0	TRUE	T	2.600606E-5	88.0	3.5291814E-4	0.999506	220.73659	0.124162465	0.96811795	0.0
SPIKE	S87:T>A	0	419996	0.0	9999.0	0.0	TRUE	T	1.056087E-5	5.0	5.7276996E-4	0.9997994	43.510387	0.102000125	0.9852822	1.0
SPIKE	S87:T>G	0	419996	0.0	9999.0	0.0	TRUE	T	7.0192846E-6	31.0	2.4189116E-4	0.99986666	321.89853	0.095122084	0.98193735	0.0
SPIKE	S88:T>A	0	419996	0.0	9999.0	0.0	TRUE	T	5.3398544E-6	22.0	5.7276996E-4	0.99989855	43.510387	0.102000125	0.9852822	0.0
SPIKE	S88:T>G	0	419996	0.0	9999.0	0.0	TRUE	T	7.2887015E-5	2.0	2.4189116E-4	0.9986161	321.89853	0.095122084	0.98193735	1.0
SPIKE	S88:T>C	0	419996	0.0	9999.0	0.0	TRUE	T	1.7435881E-5	59.0	3.5291814E-4	0.9996688	220.73659	0.124162465	0.96811795	0.0
SPIKE	S89:A>G	1	419996	2.380975E-6	3.0243826	40.0	TRUE	A	2.4157956E-5	80.0	3.3575133E-4	0.9995411	263.47675	0.12687066	0.96948016	0.0
SPIKE	S89:A>C	0	419996	0.0	9999.0	0.0	TRUE	A	1.1181993E-5	0.0	4.4013423E-4	0.99978757	37.951916	0.12380034	0.9673078	1.0
SPIKE	S89:A>T	0	419996	0.0	9999.0	0.0	TRUE	A	4.8513903E-6	19.0	5.606094E-4	0.99990785	43.136242	0.107300386	0.9794137	0.0
SPIKE	S90:T>A	0	419996	0.0	9999.0	0.0	TRUE	T	1.056087E-5	1.0	5.7276996E-4	0.9997994	43.510387	0.102000125	0.9852822	1.0
SPIKE	S90:T>G	0	419996	0.0	9999.0	0.0	TRUE	T	2.4907138E-6	11.0	2.4189116E-4	0.9999527	321.89853	0.095122084	0.98193735	0.0
SPIKE	S90:T>C	0	419996	0.0	9999.0	0.0	TRUE	T	1.9800069E-5	67.0	3.5291814E-4	0.9996239	220.73659	0.124162465	0.96811795	0.0
SPIKE	S91:C>A	6	419996	1.4285851E-5	85.85171	39.5	TRUE	C	2.6772107E-6	0.0	7.964102E-4	0.99994916	8.909156	0.12630983	0.9635694	1.0
SPIKE	S91:C>T	13	419996	3.0952677E-5	67.8446	40.0	TRUE	C	4.358023E-5	154.0	3.3335888E-4	0.99917233	289.78943	0.118893676	0.9759996	0.0
SPIKE	S91:C>G	0	419996	0.0	9999.0	0.0	TRUE	C	3.560696E-5	0.0	3.7082814E-4	0.9993237	155.76288	0.096045546	0.9870297	1.0
SPIKE	S92:G>A	30	419996	7.1429255E-5	160.62411	39.8	TRUE	G	8.723529E-5	292.0	3.9416036E-4	0.9983439	174.07893	0.1255237	0.9721293	0.0
SPIKE	S92:G>C	0	419996	0.0	9999.0	0.0	TRUE	G	3.237406E-5	2.0	3.4966652E-4	0.99938506	143.12843	0.09503166	0.9853448	1.0
SPIKE	S92:G>T	0	419996	0.0	9999.0	0.0	TRUE	G	2.9626111E-5	0.0	3.7529095E-4	0.9994373	125.14827	0.09946218	0.98202574	1.0
SPIKE	S93:T>A	1	419996	2.380975E-6	10.13582	40.0	TRUE	T	4.126251E-6	17.0	5.7276996E-4	0.9999216	43.510387	0.102000125	0.9852822	0.0
SPIKE	S93:T>C	2	419996	4.76195E-6	1.1566356	40.0	TRUE	T	7.3289804E-5	248.0	3.5291814E-4	0.99860847	220.73659	0.124162465	0.96811795	0.0
SPIKE	S93:T>G	0	419996	0.0	9999.0	0.0	TRUE	T	2.7171423E-6	12.0	2.4189116E-4	0.9999484	321.89853	0.095122084	0.98193735	0.0
SPIKE	S94:C>A	6	419996	1.4285851E-5	85.85171	40.0	TRUE	C	2.6772107E-6	2.0	7.964102E-4	0.99994916	8.909156	0.12630983	0.9635694	1.0
SPIKE	S94:C>T	15	419996	3.5714627E-5	100.97084	38.6	TRUE	C	3.3109656E-5	117.0	3.3335888E-4	0.9993711	289.78943	0.118893676	0.9759996	0.0
SPIKE	S94:C>G	0	419996	0.0	9999.0	0.0	TRUE	C	3.560696E-5	0.0	3.7082814E-4	0.9993237	155.76288	0.096045546	0.9870297	1.0
SPIKE	S95:G>A	19	419996	4.5238525E-5	91.86032	39.736843	TRUE	G	6.632272E-5	222.0	3.9416036E-4	0.9987407	174.07893	0.1255237	0.9721293	0.0
SPIKE	S95:G>C	0	419996	0.0	9999.0	0.0	TRUE	G	3.237406E-5	0.0	3.4966652E-4	0.99938506	143.12843	0.09503166	0.9853448	1.0
SPIKE	S95:G>T	0	419996	0.0	9999.0	0.0	TRUE	G	2.9626111E-5	0.0	3.7529095E-4	0.9994373	125.14827	0.09946218	0.98202574	1.0
SPIKE	S96:T>C	5	419996	1.19048755E-5	2.1458669	40.0	TRUE	T	1.2352878E-4	418.0	3.5291814E-4	0.9976557	220.73659	0.124162465	0.96811795	0.0
SPIKE	S96:T>A	0	419996	0.0	9999.0	0.0	TRUE	T	2.912648E-6	12.0	5.7276996E-4	0.9999447	43.510387	0.102000125	0.9852822	0.0
SPIKE	S96:T>G	0	419996	0.0	9999.0	0.0	TRUE	T	4.9814275E-6	22.0	2.4189116E-4	0.99990535	321.89853	0.095122084	0.98193735	0.0
SPIKE	S97:C>T	4	419996	9.5239E-6	20.020369	40.0	TRUE	C	2.0375172E-5	72.0	3.3335888E-4	0.9996129	289.78943	0.118893676	0.9759996	0.0
SPIKE	S97:C>A	0	419996	0.0	9999.0	0.0	TRUE	C	2.6772107E-6	0.0	7.964102E-4	0.99994916	8.909156	0.12630983	0.9635694	1.0
SPIKE	S97:C>G	0	419996	0.0	9999.0	0.0	TRUE	C	3.560696E-5	0.0	3.7082814E-4	0.9993237	155.76288	0.096045546	0.9870297	1.0
SPIKE	S98:A>G	14	419996	3.333365E-5	57.447956	39.785713	TRUE	A	6.2810686E-5	208.0	3.3575133E-4	0.9988073	263.47675	0.12687066	0.96948016	0.0
SPIKE	D98-101:ATC>	1	419996	2.380975E-6	9999.0	39.95235	TRUE		NaN	NaN	NaN	NaN	NaN	NaN	NaN	NaN
SPIKE	S98:A>C	0	419996	0.0	9999.0	0.0	TRUE	A	1.1181993E-5	6.0	4.4013423E-4	0.99978757	37.951916	0.12380034	0.9673078	1.0
SPIKE	S98:A>T	0	419996	0.0	9999.0	0.0	TRUE	A	1.1014249E-5	0.0	5.606094E-4	0.9997907	43.136242	0.107300386	0.9794137	1.0
SPIKE	S99:T>C	5	419996	1.19048755E-5	19.94995	38.2	TRUE	T	3.0734434E-5	104.0	3.5291814E-4	0.99941623	220.73659	0.124162465	0.96811795	0.0
SPIKE	S99:T>G	1	419996	2.380975E-6	0.39500442	40.0	TRUE	T	7.2887015E-5	5.0	2.4189116E-4	0.9986161	321.89853	0.095122084	0.98193735	1.0
SPIKE	S99:T>A	0	419996	0.0	9999.0	0.0	TRUE	T	1.056087E-5	2.0	5.7276996E-4	0.9997994	43.510387	0.102000125	0.9852822	1.0
SPIKE	S100:C>T	32	419996	7.61912E-5	203.02826	39.90625	TRUE	C	7.13131E-5	252.0	3.3335888E-4	0.99864596	289.78943	0.118893676	0.9759996	0.0
SPIKE	S100:C>A	7	419996	1.6666825E-5	103.30146	40.0	TRUE	C	2.6772107E-6	0.0	7.964102E-4	0.99994916	8.909156	0.12630983	0.9635694	1.0
SPIKE	S100:C>G	0	419996	0.0	9999.0	0.0	TRUE	C	3.560696E-5	0.0	3.7082814E-4	0.9993237	155.76288	0.096045546	0.9870297	1.0
SPIKE	S101:G>A	27	419996	6.428632E-5	190.53632	39.88889	TRUE	G	5.108642E-5	171.0	3.9416036E-4	0.9990298	174.07893	0.1255237	0.9721293	0.0
SPIKE	S101:G>C	0	419996	0.0	9999.0	0.0	TRUE	G	3.237406E-5	0.0	3.4966652E-4	0.99938506	143.12843	0.09503166	0.9853448	1.0
SPIKE	S101:G>T	0	419996	0.0	9999.0	0.0	TRUE	G	2.9626111E-5	2.0	3.7529095E-4	0.9994373	125.14827	0.09946218	0.98202574	1.0
SPIKE	S102:T>C	1	419996	2.380975E-6	0.6977608	40.0	TRUE	T	5.8809157E-5	199.0	3.5291814E-4	0.99888325	220.73659	0.124162465	0.96811795	0.0
SPIKE	S102:T>G	1	419996	2.380975E-6	11.590665	31.0	TRUE	T	2.943571E-6	13.0	2.4189116E-4	0.9999441	321.89853	0.095122084	0.98193735	0.0
SPIKE	S102:T>A	0	419996	0.0	9999.0	0.0	TRUE	T	1.056087E-5	4.0	5.7276996E-4	0.9997994	43.510387	0.102000125	0.9852822	1.0
SPIKE	S103:G>A	16	419996	3.80956E-5	142.75186	39.875	TRUE	G	2.0315067E-5	68.0	3.9416036E-4	0.99961406	174.07893	0.1255237	0.9721293	0.0
SPIKE	S103:G>C	0	419996	0.0	9999.0	0.0	TRUE	G	3.237406E-5	1.0	3.4966652E-4	0.99938506	143.12843	0.09503166	0.9853448	1.0
SPIKE	S103:G>T	0	419996	0.0	9999.0	0.0	TRUE	G	2.9626111E-5	2.0	3.7529095E-4	0.9994373	125.14827	0.09946218	0.98202574	1.0
SPIKE	S104:G>A	10	419996	2.3809751E-5	31.49248	39.2	TRUE	G	6.363396E-5	213.0	3.9416036E-4	0.9987917	174.07893	0.1255237	0.9721293	0.0
SPIKE	S104:G>C	0	419996	0.0	9999.0	0.0	TRUE	G	3.237406E-5	1.0	3.4966652E-4	0.99938506	143.12843	0.09503166	0.9853448	1.0
SPIKE	S104:G>T	0	419996	0.0	9999.0	0.0	TRUE	G	2.9626111E-5	6.0	3.7529095E-4	0.9994373	125.14827	0.09946218	0.98202574	1.0
SPIKE	S105:C>T	26	419996	6.190535E-5	126.74624	39.576923	TRUE	C	8.631149E-5	305.0	3.3335888E-4	0.9983614	289.78943	0.118893676	0.9759996	0.0
SPIKE	S105:C>A	3	419996	7.1429254E-6	36.53494	38.333332	TRUE	C	3.0050103E-6	10.0	7.964102E-4	0.9999429	8.909156	0.12630983	0.9635694	0.0
SPIKE	S105:C>G	1	419996	2.380975E-6	1.8198894	40.0	TRUE	C	3.560696E-5	2.0	3.7082814E-4	0.9993237	155.76288	0.096045546	0.9870297	1.0
SPIKE	S106:G>T	1	419996	2.380975E-6	9.337338	40.0	TRUE	G	4.97129E-6	21.0	3.7529095E-4	0.9999055	125.14827	0.09946218	0.98202574	0.0
SPIKE	S106:G>A	18	419996	4.285755E-5	74.68504	39.833332	TRUE	G	7.648025E-5	256.0	3.9416036E-4	0.9985479	174.07893	0.1255237	0.9721293	0.0
SPIKE	S106:G>C	0	419996	0.0	9999.0	0.0	TRUE	G	3.237406E-5	0.0	3.4966652E-4	0.99938506	143.12843	0.09503166	0.9853448	1.0
SPIKE	S107:G>T	1	419996	2.380975E-6	2.3602393	33.0	TRUE	G	2.9626111E-5	3.0	3.7529095E-4	0.9994373	125.14827	0.09946218	0.98202574	1.0
SPIKE	S107:G>A	23	419996	5.4762426E-5	111.870544	39.565216	TRUE	G	7.767526E-5	260.0	3.9416036E-4	0.99852526	174.07893	0.1255237	0.9721293	0.0
SPIKE	S107:G>C	0	419996	0.0	9999.0	0.0	TRUE	G	3.237406E-5	1.0	3.4966652E-4	0.99938506	143.12843	0.09503166	0.9853448	1.0
SPIKE	S108:C>T	16	419996	3.80956E-5	69.69022	39.3125	TRUE	C	6.537035E-5	231.0	3.3335888E-4	0.99875873	289.78943	0.118893676	0.9759996	0.0
SPIKE	S108:C>A	1	419996	2.380975E-6	12.000388	40.0	TRUE	C	2.6772107E-6	2.0	7.964102E-4	0.99994916	8.909156	0.12630983	0.9635694	1.0
SPIKE	S108:C>G	0	419996	0.0	9999.0	0.0	TRUE	C	3.560696E-5	0.0	3.7082814E-4	0.9993237	155.76288	0.096045546	0.9870297	1.0
SPIKE	S109:A>G	7	419996	1.6666825E-5	31.236437	39.57143	TRUE	A	3.3519165E-5	111.0	3.3575133E-4	0.99936336	263.47675	0.12687066	0.96948016	0.0
SPIKE	S109:A>C	0	419996	0.0	9999.0	0.0	TRUE	A	1.1181993E-5	2.0	4.4013423E-4	0.99978757	37.951916	0.12380034	0.9673078	1.0
SPIKE	S109:A>T	0	419996	0.0	9999.0	0.0	TRUE	A	1.1014249E-5	1.0	5.606094E-4	0.9997907	43.136242	0.107300386	0.9794137	1.0
SPIKE	S110:G>C	1	419996	2.380975E-6	2.0920706	37.0	TRUE	G	3.237406E-5	0.0	3.4966652E-4	0.99938506	143.12843	0.09503166	0.9853448	1.0
SPIKE	S110:G>A	17	419996	4.0476574E-5	82.483284	39.411766	TRUE	G	6.0048947E-5	201.0	3.9416036E-4	0.9988597	174.07893	0.1255237	0.9721293	0.0
SPIKE	S110:G>T	0	419996	0.0	9999.0	0.0	TRUE	G	2.9626111E-5	4.0	3.7529095E-4	0.9994373	125.14827	0.09946218	0.98202574	1.0
SPIKE	S111:C>T	17	419996	4.0476574E-5	86.863014	39.588234	TRUE	C	5.6031724E-5	198.0	3.3335888E-4	0.99893594	289.78943	0.118893676	0.9759996	0.0
SPIKE	S111:C>A	3	419996	7.1429254E-6	38.005787	39.0	TRUE	C	2.6772107E-6	0.0	7.964102E-4	0.99994916	8.909156	0.12630983	0.9635694	1.0
SPIKE	I111:>C	1	419996	2.380975E-6	9999.0	39.960114	TRUE		NaN	NaN	NaN	NaN	NaN	NaN	NaN	NaN
SPIKE	S111:C>G	0	419996	0.0	9999.0	0.0	TRUE	C	3.560696E-5	2.0	3.7082814E-4	0.9993237	155.76288	0.096045546	0.9870297	1.0
SPIKE	S112:G>A	24	419993	5.714381E-5	200.93742	39.416668	TRUE	G	3.3161596E-5	111.0	3.9416036E-4	0.99937016	174.07768	0.1255237	0.9721293	0.0
SPIKE	S112:G>C	0	419993	0.0	9999.0	0.0	TRUE	G	3.237406E-5	0.0	3.4966652E-4	0.99938506	143.12741	0.09503166	0.9853448	1.0
SPIKE	S112:G>T	0	419993	0.0	9999.0	0.0	TRUE	G	2.9626111E-5	1.0	3.7529095E-4	0.9994373	125.14738	0.09946218	0.98202574	1.0
SPIKE	S113:T>C	4	419993	9.523968E-6	1.2423815	40.0	TRUE	T	1.2146099E-4	411.0	3.5291814E-4	0.9976949	220.73502	0.124162465	0.96811795	0.0
SPIKE	S113:T>A	0	419993	0.0	9999.0	0.0	TRUE	T	1.056087E-5	2.0	5.7276996E-4	0.9997994	43.51008	0.102000125	0.9852822	1.0
SPIKE	S113:T>G	0	419993	0.0	9999.0	0.0	TRUE	T	6.113614E-6	27.0	2.4189116E-4	0.99988383	321.89624	0.095122084	0.98193735	0.0
SPIKE	S114:G>A	22	419993	5.2381827E-5	196.16856	39.81818	TRUE	G	2.6887781E-5	90.0	3.9416036E-4	0.99948925	174.07768	0.1255237	0.9721293	0.0
SPIKE	S114:G>C	0	419993	0.0	9999.0	0.0	TRUE	G	3.237406E-5	1.0	3.4966652E-4	0.99938506	143.12741	0.09503166	0.9853448	1.0
SPIKE	S114:G>T	0	419993	0.0	9999.0	0.0	TRUE	G	2.9626111E-5	2.0	3.7529095E-4	0.9994373	125.14738	0.09946218	0.98202574	1.0
SPIKE	S115:A>G	21	419993	5.0000832E-5	68.61764	39.714287	TRUE	A	1.1263728E-4	373.0	3.3575133E-4	0.99786216	263.47485	0.12687066	0.96948016	0.0
SPIKE	S115:A>C	0	419993	0.0	9999.0	0.0	TRUE	A	1.1181993E-5	8.0	4.4013423E-4	0.99978757	37.951645	0.12380034	0.9673078	1.0
SPIKE	S115:A>T	0	419993	0.0	9999.0	0.0	TRUE	A	1.1014249E-5	7.0	5.606094E-4	0.9997907	43.135933	0.107300386	0.9794137	1.0
SPIKE	S116:C>T	10	419993	2.380992E-5	75.97521	38.8	TRUE	C	1.9243356E-5	68.0	3.3335888E-4	0.99963444	289.78738	0.118893676	0.9759996	0.0
SPIKE	S116:C>A	1	419993	2.380992E-6	12.000419	40.0	TRUE	C	2.6772107E-6	2.0	7.964102E-4	0.99994916	8.909092	0.12630983	0.9635694	1.0
SPIKE	S116:C>G	0	419993	0.0	9999.0	0.0	TRUE	C	3.560696E-5	0.0	3.7082814E-4	0.9993237	155.76176	0.096045546	0.9870297	1.0
SPIKE	S117:C>T	14	419993	3.333389E-5	101.48805	39.714287	TRUE	C	2.7450082E-5	97.0	3.3335888E-4	0.9994786	289.78738	0.118893676	0.9759996	0.0
SPIKE	S117:C>A	2	419993	4.761984E-6	24.16587	38.5	TRUE	C	2.6772107E-6	2.0	7.964102E-4	0.99994916	8.909092	0.12630983	0.9635694	1.0
SPIKE	S117:C>G	0	419993	0.0	9999.0	0.0	TRUE	C	3.560696E-5	0.0	3.7082814E-4	0.9993237	155.76176	0.096045546	0.9870297	1.0
SPIKE	S118:T>C	1	419993	2.380992E-6	0.26202077	40.0	TRUE	T	8.304267E-5	281.0	3.5291814E-4	0.99842346	220.73502	0.124162465	0.96811795	0.0
SPIKE	S118:T>A	1	419993	2.380992E-6	8.661285	40.0	TRUE	T	5.825337E-6	24.0	5.7276996E-4	0.9998893	43.51008	0.102000125	0.9852822	0.0
SPIKE	S118:T>G	0	419993	0.0	9999.0	0.0	TRUE	T	2.9435919E-6	13.0	2.4189116E-4	0.9999441	321.89624	0.095122084	0.98193735	0.0
SPIKE	S119:A>G	16	419993	3.8095874E-5	57.25946	39.3125	TRUE	A	8.153368E-5	270.0	3.3575133E-4	0.99845207	263.47485	0.12687066	0.96948016	0.0
SPIKE	S119:A>C	0	419993	0.0	9999.0	0.0	TRUE	A	5.59812E-6	19.0	4.4013423E-4	0.99989367	37.951645	0.12380034	0.9673078	0.0
SPIKE	S119:A>T	0	419993	0.0	9999.0	0.0	TRUE	A	1.1014249E-5	5.0	5.606094E-4	0.9997907	43.135933	0.107300386	0.9794137	1.0
SPIKE	S120:T>C	4	419993	9.523968E-6	6.112487	39.25	TRUE	T	6.0878258E-5	206.0	3.5291814E-4	0.99884397	220.73502	0.124162465	0.96811795	0.0
SPIKE	S120:T>A	0	419993	0.0	9999.0	0.0	TRUE	T	1.056087E-5	2.0	5.7276996E-4	0.9997994	43.51008	0.102000125	0.9852822	1.0
SPIKE	S120:T>G	0	419993	0.0	9999.0	0.0	TRUE	T	7.2887015E-5	6.0	2.4189116E-4	0.9986161	321.89624	0.095122084	0.98193735	1.0
SPIKE	S121:G>A	9	419993	2.1428928E-5	49.040516	39.333332	TRUE	G	3.077157E-5	103.0	3.9416036E-4	0.9994155	174.07768	0.1255237	0.9721293	0.0
SPIKE	S121:G>C	0	419993	0.0	9999.0	0.0	TRUE	G	3.237406E-5	1.0	3.4966652E-4	0.99938506	143.12741	0.09503166	0.9853448	1.0
SPIKE	S121:G>T	0	419993	0.0	9999.0	0.0	TRUE	G	2.9626111E-5	5.0	3.7529095E-4	0.9994373	125.14738	0.09946218	0.98202574	1.0
SPIKE	S122:T>C	7	419993	1.6666945E-5	5.1018095	40.0	TRUE	T	1.2471176E-4	422.0	3.5291814E-4	0.9976333	220.73502	0.124162465	0.96811795	0.0
SPIKE	S122:T>A	0	419993	0.0	9999.0	0.0	TRUE	T	1.056087E-5	6.0	5.7276996E-4	0.9997994	43.51008	0.102000125	0.9852822	1.0
SPIKE	S122:T>G	0	419993	0.0	9999.0	0.0	TRUE	T	5.2078935E-6	23.0	2.4189116E-4	0.99990106	321.89624	0.095122084	0.98193735	0.0
SPIKE	S123:G>A	23	419993	5.476282E-5	214.14949	38.95652	TRUE	G	2.5394014E-5	85.0	3.9416036E-4	0.9995176	174.07768	0.1255237	0.9721293	0.0
SPIKE	S123:G>C	0	419993	0.0	9999.0	0.0	TRUE	G	3.237406E-5	1.0	3.4966652E-4	0.99938506	143.12741	0.09503166	0.9853448	1.0
SPIKE	S123:G>T	0	419993	0.0	9999.0	0.0	TRUE	G	2.9626111E-5	1.0	3.7529095E-4	0.9994373	125.14738	0.09946218	0.98202574	1.0
SPIKE	D124-126:TG>	2	419993	4.761984E-6	9999.0	39.43325	TRUE		NaN	NaN	NaN	NaN	NaN	NaN	NaN	NaN
SPIKE	S124:T>C	3	419993	7.1429763E-6	0.79347265	40.0	TRUE	T	1.1141312E-4	377.0	3.5291814E-4	0.9978854	220.73502	0.124162465	0.96811795	0.0
SPIKE	S124:T>A	1	419993	2.380992E-6	6.1730146	40.0	TRUE	T	1.056087E-5	2.0	5.7276996E-4	0.9997994	43.51008	0.102000125	0.9852822	1.0
SPIKE	S124:T>G	0	419993	0.0	9999.0	0.0	TRUE	T	7.2887015E-5	6.0	2.4189116E-4	0.9986161	321.89624	0.095122084	0.98193735	1.0
SPIKE	S125:G>C	1	419993	2.380992E-6	2.0920918	40.0	TRUE	G	3.237406E-5	3.0	3.4966652E-4	0.99938506	143.12741	0.09503166	0.9853448	1.0
SPIKE	S125:G>A	8	419993	1.9047937E-5	29.809677	39.5	TRUE	G	4.5410474E-5	152.0	3.9416036E-4	0.9991376	174.07768	0.1255237	0.9721293	0.0
SPIKE	S125:G>T	0	419993	0.0	9999.0	0.0	TRUE	G	2.9626111E-5	1.0	3.7529095E-4	0.9994373	125.14738	0.09946218	0.98202574	1.0
SPIKE	S126:C>T	22	419993	5.2381827E-5	114.15469	39.045456	TRUE	C	6.848371E-5	242.0	3.3335888E-4	0.99869967	289.78738	0.118893676	0.9759996	0.0
SPIKE	S126:C>A	2	419993	4.761984E-6	24.16587	35.0	TRUE	C	2.6772107E-6	4.0	7.964102E-4	0.99994916	8.909092	0.12630983	0.9635694	1.0
SPIKE	S126:C>G	0	419993	0.0	9999.0	0.0	TRUE	C	8.00096E-6	35.0	3.7082814E-4	0.999848	155.76176	0.096045546	0.9870297	0.0
SPIKE	S127:G>A	18	419993	4.2857857E-5	125.27689	39.666668	TRUE	G	3.644788E-5	122.0	3.9416036E-4	0.99930775	174.07768	0.1255237	0.9721293	0.0
SPIKE	S127:G>C	0	419993	0.0	9999.0	0.0	TRUE	G	7.011906E-6	31.0	3.4966652E-4	0.9998668	143.12741	0.09503166	0.9853448	0.0
SPIKE	S127:G>T	0	419993	0.0	9999.0	0.0	TRUE	G	2.9626111E-5	3.0	3.7529095E-4	0.9994373	125.14738	0.09946218	0.98202574	1.0
SPIKE	S128:G>A	20	419993	4.761984E-5	106.69296	38.85	TRUE	G	6.0646882E-5	203.0	3.9416036E-4	0.9988484	174.07768	0.1255237	0.9721293	0.0
SPIKE	S128:G>T	1	419993	2.380992E-6	2.3602614	40.0	TRUE	G	2.9626111E-5	6.0	3.7529095E-4	0.9994373	125.14738	0.09946218	0.98202574	1.0
SPIKE	S128:G>C	0	419993	0.0	9999.0	0.0	TRUE	G	3.237406E-5	1.0	3.4966652E-4	0.99938506	143.12741	0.09503166	0.9853448	1.0
SPIKE	S129:C>A	2	419993	4.761984E-6	23.185894	38.5	TRUE	C	3.0050319E-6	10.0	7.964102E-4	0.9999429	8.909092	0.12630983	0.9635694	0.0
SPIKE	S129:C>T	29	419993	6.904877E-5	197.94434	37.724136	TRUE	C	5.7730067E-5	204.0	3.3335888E-4	0.99890375	289.78738	0.118893676	0.9759996	0.0
SPIKE	S129:C>G	0	419993	0.0	9999.0	0.0	TRUE	C	7.772362E-6	34.0	3.7082814E-4	0.99985236	155.76176	0.096045546	0.9870297	0.0
SPIKE	D130-133:GGC>	1	419993	2.380992E-6	9999.0	39.473022	TRUE		NaN	NaN	NaN	NaN	NaN	NaN	NaN	NaN
SPIKE	S130:G>A	19	419993	4.523885E-5	106.84935	38.42105	TRUE	G	5.3775562E-5	180.0	3.9416036E-4	0.9989788	174.07768	0.1255237	0.9721293	0.0
SPIKE	S130:G>C	0	419993	0.0	9999.0	0.0	TRUE	G	7.2380963E-6	32.0	3.4966652E-4	0.9998625	143.12741	0.09503166	0.9853448	0.0
SPIKE	S130:G>T	0	419993	0.0	9999.0	0.0	TRUE	G	2.9626111E-5	8.0	3.7529095E-4	0.9994373	125.14738	0.09946218	0.98202574	1.0
SPIKE	S131:G>A	20	419993	4.761984E-5	85.102356	39.0	TRUE	G	8.126085E-5	272.0	3.9416036E-4	0.99845725	174.07768	0.1255237	0.9721293	0.0
SPIKE	S131:G>C	0	419993	0.0	9999.0	0.0	TRUE	G	3.237406E-5	2.0	3.4966652E-4	0.99938506	143.12741	0.09503166	0.9853448	1.0
SPIKE	S131:G>T	0	419993	0.0	9999.0	0.0	TRUE	G	2.9626111E-5	2.0	3.7529095E-4	0.9994373	125.14738	0.09946218	0.98202574	1.0
SPIKE	S132:C>A	2	419993	4.761984E-6	24.16587	40.0	TRUE	C	2.6772107E-6	1.0	7.964102E-4	0.99994916	8.909092	0.12630983	0.9635694	1.0
SPIKE	S132:C>T	16	419993	3.8095874E-5	92.73402	35.0625	TRUE	C	4.442951E-5	157.0	3.3335888E-4	0.9991562	289.78738	0.118893676	0.9759996	0.0
SPIKE	S132:C>G	0	419993	0.0	9999.0	0.0	TRUE	C	7.086565E-6	31.0	3.7082814E-4	0.99986535	155.76176	0.096045546	0.9870297	0.0
SPIKE	S133:A>G	0	419993	0.0	9999.0	0.0	TRUE	A	5.1336024E-6	17.0	3.3575133E-4	0.9999025	263.47485	0.12687066	0.96948016	0.0
SPIKE	S133:A>C	0	419993	0.0	9999.0	0.0	TRUE	A	2.0035377E-5	68.0	4.4013423E-4	0.9996194	37.951645	0.12380034	0.9673078	0.0
SPIKE	S133:A>T	0	419993	0.0	9999.0	0.0	TRUE	A	1.1014249E-5	0.0	5.606094E-4	0.9997907	43.135933	0.107300386	0.9794137	1.0
SPIKE	S134:G>A	0	419993	0.0	9999.0	0.0	TRUE	G	8.09621E-5	271.0	3.9416036E-4	0.9984629	174.07768	0.1255237	0.9721293	0.0
SPIKE	S134:G>C	0	419993	0.0	9999.0	0.0	TRUE	G	1.0857145E-5	48.0	3.4966652E-4	0.9997937	143.12741	0.09503166	0.9853448	0.0
SPIKE	S134:G>T	0	419993	0.0	9999.0	0.0	TRUE	G	7.5753533E-6	32.0	3.7529095E-4	0.99985605	125.14738	0.09946218	0.98202574	0.0
SPIKE	S135:C>A	0	419993	0.0	9999.0	0.0	TRUE	C	2.6772107E-6	8.0	7.964102E-4	0.99994916	8.909092	0.12630983	0.9635694	1.0
SPIKE	S135:C>G	0	419993	0.0	9999.0	0.0	TRUE	C	8.458158E-6	37.0	3.7082814E-4	0.9998393	155.76176	0.096045546	0.9870297	0.0
SPIKE	S135:C>T	0	419993	0.0	9999.0	0.0	TRUE	C	5.4617172E-5	193.0	3.3335888E-4	0.9989628	289.78738	0.118893676	0.9759996	0.0
SPIKE	S136:C>A	0	419993	0.0	9999.0	0.0	TRUE	C	9.616102E-6	32.0	7.964102E-4	0.9998173	8.909092	0.12630983	0.9635694	0.0
SPIKE	S136:C>G	0	419993	0.0	9999.0	0.0	TRUE	C	8.00096E-6	35.0	3.7082814E-4	0.999848	155.76176	0.096045546	0.9870297	0.0
SPIKE	S136:C>T	0	419993	0.0	9999.0	0.0	TRUE	C	6.28239E-5	222.0	3.3335888E-4	0.9988071	289.78738	0.118893676	0.9759996	0.0
SPIKE	S137:T>A	0	419993	0.0	9999.0	0.0	TRUE	T	8.009839E-6	33.0	5.7276996E-4	0.9998478	43.51008	0.102000125	0.9852822	0.0
SPIKE	S137:T>G	0	419993	0.0	9999.0	0.0	TRUE	T	2.4907316E-5	110.0	2.4189116E-4	0.99952686	321.89624	0.095122084	0.98193735	0.0
SPIKE	S137:T>C	0	419993	0.0	9999.0	0.0	TRUE	T	1.1525495E-5	39.0	3.5291814E-4	0.999781	220.73502	0.124162465	0.96811795	0.0
SPIKE	S138:G>A	0	419993	0.0	9999.0	0.0	TRUE	G	9.769227E-5	327.0	3.9416036E-4	0.9981456	174.07768	0.1255237	0.9721293	0.0
SPIKE	S138:G>C	0	419993	0.0	9999.0	0.0	TRUE	G	3.237406E-5	4.0	3.4966652E-4	0.99938506	143.12741	0.09503166	0.9853448	1.0
SPIKE	S138:G>T	0	419993	0.0	9999.0	0.0	TRUE	G	3.4089087E-5	144.0	3.7529095E-4	0.9993525	125.14738	0.09946218	0.98202574	0.0
SPIKE	S139:A>G	0	419993	0.0	9999.0	0.0	TRUE	A	3.140557E-5	104.0	3.3575133E-4	0.9994035	263.47485	0.12687066	0.96948016	0.0
SPIKE	S139:A>C	0	419993	0.0	9999.0	0.0	TRUE	A	1.1181993E-5	1.0	4.4013423E-4	0.99978757	37.951645	0.12380034	0.9673078	1.0
SPIKE	S139:A>T	0	419993	0.0	9999.0	0.0	TRUE	A	1.2179629E-4	477.0	5.606094E-4	0.99768853	43.135933	0.107300386	0.9794137	0.0
SPIKE	S140:T>A	0	419993	0.0	9999.0	0.0	TRUE	T	4.6602698E-5	192.0	5.7276996E-4	0.99911493	43.51008	0.102000125	0.9852822	0.0
SPIKE	S140:T>G	0	419993	0.0	9999.0	0.0	TRUE	T	1.471796E-5	65.0	2.4189116E-4	0.9997204	321.89624	0.095122084	0.98193735	0.0
SPIKE	S140:T>C	0	419993	0.0	9999.0	0.0	TRUE	T	6.206036E-6	21.0	3.5291814E-4	0.9998821	220.73502	0.124162465	0.96811795	0.0
SPIKE	S141:T>A	0	419993	0.0	9999.0	0.0	TRUE	T	1.9806146E-4	816.0	5.7276996E-4	0.9962439	43.51008	0.102000125	0.9852822	0.0
SPIKE	S141:T>G	0	419993	0.0	9999.0	0.0	TRUE	T	2.5586607E-5	113.0	2.4189116E-4	0.999514	321.89624	0.095122084	0.98193735	0.0
SPIKE	S141:T>C	0	419993	0.0	9999.0	0.0	TRUE	T	2.5119669E-5	85.0	3.5291814E-4	0.99952286	220.73502	0.124162465	0.96811795	0.0
SPIKE	S142:A>G	0	419993	0.0	9999.0	0.0	TRUE	A	3.7384706E-4	1238.0	3.3575133E-4	0.99292207	263.47485	0.12687066	0.96948016	0.0
SPIKE	S142:A>C	0	419993	0.0	9999.0	0.0	TRUE	A	6.246323E-5	212.0	4.4013423E-4	0.9988139	37.951645	0.12380034	0.9673078	0.0
SPIKE	S142:A>T	0	419993	0.0	9999.0	0.0	TRUE	A	5.1833642E-5	203.0	5.606094E-4	0.9990156	43.135933	0.107300386	0.9794137	0.0
SPIKE	S143:G>A	0	419993	0.0	9999.0	0.0	TRUE	G	9.6198506E-5	322.0	3.9416036E-4	0.9981739	174.07768	0.1255237	0.9721293	0.0
SPIKE	S143:G>C	0	419993	0.0	9999.0	0.0	TRUE	G	4.3021434E-4	1902.0	3.4966652E-4	0.99185926	143.12741	0.09503166	0.9853448	0.0
SPIKE	S143:G>T	0	419993	0.0	9999.0	0.0	TRUE	G	5.2080554E-6	22.0	3.7529095E-4	0.99990106	125.14738	0.09946218	0.98202574	0.0
SPIKE	S144:C>A	0	419993	0.0	9999.0	0.0	TRUE	C	2.6772107E-6	1.0	7.964102E-4	0.99994916	8.909092	0.12630983	0.9635694	1.0
SPIKE	S144:C>G	0	419993	0.0	9999.0	0.0	TRUE	C	8.526738E-5	373.0	3.7082814E-4	0.99838126	155.76176	0.096045546	0.9870297	0.0
SPIKE	S144:C>T	0	419993	0.0	9999.0	0.0	TRUE	C	4.867437E-5	172.0	3.3335888E-4	0.9990756	289.78738	0.118893676	0.9759996	0.0
SPIKE	S145:C>A	0	419993	0.0	9999.0	0.0	TRUE	C	2.6772107E-6	4.0	7.964102E-4	0.99994916	8.909092	0.12630983	0.9635694	1.0
SPIKE	S145:C>G	0	419993	0.0	9999.0	0.0	TRUE	C	5.1663344E-5	226.0	3.7082814E-4	0.9990189	155.76176	0.096045546	0.9870297	0.0
SPIKE	S145:C>T	0	419993	0.0	9999.0	0.0	TRUE	C	6.8200716E-5	241.0	3.3335888E-4	0.998705	289.78738	0.118893676	0.9759996	0.0
SPIKE	S146:C>A	0	419993	0.0	9999.0	0.0	TRUE	C	2.6772107E-6	3.0	7.964102E-4	0.99994916	8.909092	0.12630983	0.9635694	1.0
SPIKE	S146:C>G	0	419993	0.0	9999.0	0.0	TRUE	C	6.003006E-4	2626.0	3.7082814E-4	0.9886591	155.76176	0.096045546	0.9870297	0.0
SPIKE	S146:C>T	0	419993	0.0	9999.0	0.0	TRUE	C	9.649977E-5	341.0	3.3335888E-4	0.9981682	289.78738	0.118893676	0.9759996	0.0
SPIKE	S147:G>A	0	419993	0.0	9999.0	0.0	TRUE	G	4.869676E-5	163.0	3.9416036E-4	0.9990752	174.07768	0.1255237	0.9721293	0.0
SPIKE	S147:G>C	0	419993	0.0	9999.0	0.0	TRUE	G	1.3661907E-4	604.0	3.4966652E-4	0.9974076	143.12741	0.09503166	0.9853448	0.0
SPIKE	S147:G>T	0	419993	0.0	9999.0	0.0	TRUE	G	6.4887636E-4	2741.0	3.7529095E-4	0.987747	125.14738	0.09946218	0.98202574	0.0
SPIKE	S148:T>A	0	419993	0.0	9999.0	0.0	TRUE	T	1.056087E-5	5.0	5.7276996E-4	0.9997994	43.51008	0.102000125	0.9852822	1.0
SPIKE	S148:T>G	0	419993	0.0	9999.0	0.0	TRUE	T	0.0010449751	4615.0	2.4189116E-4	0.98034126	321.89624	0.095122084	0.98193735	0.0
SPIKE	S148:T>C	0	419993	0.0	9999.0	0.0	TRUE	T	7.801874E-5	264.0	3.5291814E-4	0.99851876	220.73502	0.124162465	0.96811795	0.0
SPIKE	S149:G>A	0	419993	0.0	9999.0	0.0	TRUE	G	3.256409E-5	109.0	3.9416036E-4	0.9993815	174.07768	0.1255237	0.9721293	0.0
SPIKE	S149:G>C	0	419993	0.0	9999.0	0.0	TRUE	G	6.4735726E-4	2862.0	3.4966652E-4	0.98777556	143.12741	0.09503166	0.9853448	0.0
SPIKE	S149:G>T	0	419993	0.0	9999.0	0.0	TRUE	G	2.3246865E-4	982.0	3.7529095E-4	0.99559283	125.14738	0.09946218	0.98202574	0.0
SPIKE	S150:C>A	0	419992	0.0	9999.0	0.0	TRUE	C	2.6772107E-6	6.0	7.964102E-4	0.99994916	8.909071	0.12630983	0.9635694	1.0
SPIKE	S150:C>G	0	419992	0.0	9999.0	0.0	TRUE	C	3.3261217E-4	1455.0	3.7082814E-4	0.9937003	155.76138	0.096045546	0.9870297	0.0
SPIKE	S150:C>T	0	419992	0.0	9999.0	0.0	TRUE	C	0.0010196173	3603.0	3.3335888E-4	0.98081374	289.78668	0.118893676	0.9759996	0.0
SPIKE	S151:T>A	0	419979	0.0	9999.0	0.0	TRUE	T	1.056087E-5	0.0	5.7276996E-4	0.9997994	43.50863	0.102000125	0.9852822	1.0
SPIKE	S151:T>G	0	419979	0.0	9999.0	0.0	TRUE	T	0.0010835044	4785.0	2.4189116E-4	0.97962385	321.8855	0.095122084	0.98193735	0.0
SPIKE	S151:T>C	0	419979	0.0	9999.0	0.0	TRUE	T	2.4174793E-4	818.0	3.5291814E-4	0.9954173	220.72765	0.124162465	0.96811795	0.0
SPIKE	S152:G>A	0	419961	0.0	9999.0	0.0	TRUE	G	4.1231073E-5	138.0	3.9416036E-4	0.9992169	174.06442	0.1255237	0.9721293	0.0
SPIKE	S152:G>C	0	419961	0.0	9999.0	0.0	TRUE	G	3.237406E-5	7.0	3.4966652E-4	0.99938506	143.1165	0.09503166	0.9853448	1.0
SPIKE	S152:G>T	0	419961	0.0	9999.0	0.0	TRUE	G	1.8182232E-4	768.0	3.7529095E-4	0.99655133	125.13784	0.09946218	0.98202574	0.0
SPIKE	S153:G>A	0	419855	0.0	9999.0	0.0	TRUE	G	2.6896618E-5	90.0	3.9416036E-4	0.99948907	174.0205	0.1255237	0.9721293	0.0
SPIKE	S153:G>C	0	419855	0.0	9999.0	0.0	TRUE	G	3.237406E-5	9.0	3.4966652E-4	0.99938506	143.08038	0.09503166	0.9853448	1.0
SPIKE	S153:G>T	0	419855	0.0	9999.0	0.0	TRUE	G	2.9626111E-5	6.0	3.7529095E-4	0.9994373	125.106255	0.09946218	0.98202574	1.0
