#pipeline_block
reference	mutation	count	coverage	freq	score	cqs	has.reference	ancestral.allele	error.rate	minor.count.local	minor.fdr	minor.recall	minor.count.global	read.fraction.in.minors	q.filtered.read.fraction	global.est
SPIKE	S0:T>A	0	0	NaN	9999.0	0.0	FALSE	A	1.7212928E-5	0.0	0.0033801354	0.9949693	0.0	0.0138767725	0.9873277	1.0
SPIKE	S0:T>G	0	0	NaN	9999.0	0.0	FALSE	A	1.719771E-4	0.0	4.134237E-4	0.9508592	0.0	0.01280296	0.98145235	1.0
SPIKE	S0:T>C	0	0	NaN	9999.0	0.0	FALSE	A	3.239161E-5	0.0	0.0025871694	0.99055415	0.0	0.013894482	0.9789026	1.0
SPIKE	S1:A>G	0	0	NaN	9999.0	0.0	FALSE	A	4.1738807E-5	0.0	0.0029446373	0.987845	0.0	0.014744482	0.982551	1.0
SPIKE	S1:A>C	0	0	NaN	9999.0	0.0	FALSE	A	1.39354015E-5	0.0	0.0040794965	0.99592525	0.0	0.021256866	0.9670308	1.0
SPIKE	S1:A>T	0	0	NaN	9999.0	0.0	FALSE	A	1.5845018E-5	0.0	0.0038398784	0.9953682	0.0	0.016088087	0.98168063	1.0
SPIKE	S2:G>A	0	0	NaN	9999.0	0.0	FALSE	A	3.1851807E-5	0.0	0.0032212555	0.99071085	0.0	0.019097919	0.9765565	1.0
SPIKE	S2:G>C	0	0	NaN	9999.0	0.0	FALSE	A	7.0670285E-5	0.0	0.0010118859	0.9795065	0.0	0.011621781	0.9850238	1.0
SPIKE	S2:G>T	0	0	NaN	9999.0	0.0	FALSE	A	7.5220996E-5	0.0	0.0012795407	0.9782013	0.0	0.0132474	0.9813161	1.0
SPIKE	S3:C>A	0	0	NaN	9999.0	0.0	FALSE	A	1.6347309E-5	0.0	0.0041373	0.9952217	0.0	0.018828696	0.980208	1.0
SPIKE	S3:C>G	0	0	NaN	9999.0	0.0	FALSE	A	7.193159E-5	0.0	0.0011812479	0.9791446	0.0	0.011680041	0.98635566	1.0
SPIKE	S3:C>T	0	0	NaN	9999.0	0.0	FALSE	A	1.4643137E-4	0.0	0.0012189796	0.958003	0.0	0.014489494	0.9805333	1.0
SPIKE	S4:G>A	0	0	NaN	9999.0	0.0	FALSE	A	3.1851807E-5	0.0	0.0032212555	0.99071085	0.0	0.019097919	0.9765565	1.0
SPIKE	S4:G>C	0	0	NaN	9999.0	0.0	FALSE	A	7.0670285E-5	0.0	0.0010118859	0.9795065	0.0	0.011621781	0.9850238	1.0
SPIKE	S4:G>T	0	0	NaN	9999.0	0.0	FALSE	A	7.5220996E-5	0.0	0.0012795407	0.9782013	0.0	0.0132474	0.9813161	1.0
SPIKE	S5:T>A	0	0	NaN	9999.0	0.0	FALSE	A	1.7212928E-5	0.0	0.0033801354	0.9949693	0.0	0.0138767725	0.9873277	1.0
SPIKE	S5:T>G	0	0	NaN	9999.0	0.0	FALSE	A	1.719771E-4	0.0	4.134237E-4	0.9508592	0.0	0.01280296	0.98145235	1.0
SPIKE	S5:T>C	0	0	NaN	9999.0	0.0	FALSE	A	3.239161E-5	0.0	0.0025871694	0.99055415	0.0	0.013894482	0.9789026	1.0
SPIKE	S6:G>A	0	0	NaN	9999.0	0.0	FALSE	A	3.1851807E-5	0.0	0.0032212555	0.99071085	0.0	0.019097919	0.9765565	1.0
SPIKE	S6:G>C	0	0	NaN	9999.0	0.0	FALSE	A	7.0670285E-5	0.0	0.0010118859	0.9795065	0.0	0.011621781	0.9850238	1.0
SPIKE	S6:G>T	0	0	NaN	9999.0	0.0	FALSE	A	7.5220996E-5	0.0	0.0012795407	0.9782013	0.0	0.0132474	0.9813161	1.0
SPIKE	S7:A>G	0	0	NaN	9999.0	0.0	FALSE	A	4.1738807E-5	0.0	0.0029446373	0.987845	0.0	0.014744482	0.982551	1.0
SPIKE	S7:A>C	0	0	NaN	9999.0	0.0	FALSE	A	1.39354015E-5	0.0	0.0040794965	0.99592525	0.0	0.021256866	0.9670308	1.0
SPIKE	S7:A>T	0	0	NaN	9999.0	0.0	FALSE	A	1.5845018E-5	0.0	0.0038398784	0.9953682	0.0	0.016088087	0.98168063	1.0
SPIKE	S8:A>G	0	0	NaN	9999.0	0.0	FALSE	A	4.1738807E-5	0.0	0.0029446373	0.987845	0.0	0.014744482	0.982551	1.0
SPIKE	S8:A>C	0	0	NaN	9999.0	0.0	FALSE	A	1.39354015E-5	0.0	0.0040794965	0.99592525	0.0	0.021256866	0.9670308	1.0
SPIKE	S8:A>T	0	0	NaN	9999.0	0.0	FALSE	A	1.5845018E-5	0.0	0.0038398784	0.9953682	0.0	0.016088087	0.98168063	1.0
SPIKE	S9:G>A	0	0	NaN	9999.0	0.0	FALSE	A	3.1851807E-5	0.0	0.0032212555	0.99071085	0.0	0.019097919	0.9765565	1.0
SPIKE	S9:G>C	0	0	NaN	9999.0	0.0	FALSE	A	7.0670285E-5	0.0	0.0010118859	0.9795065	0.0	0.011621781	0.9850238	1.0
SPIKE	S9:G>T	0	0	NaN	9999.0	0.0	FALSE	A	7.5220996E-5	0.0	0.0012795407	0.9782013	0.0	0.0132474	0.9813161	1.0
SPIKE	S10:A>G	0	0	NaN	9999.0	0.0	FALSE	A	4.1738807E-5	0.0	0.0029446373	0.987845	0.0	0.014744482	0.982551	1.0
SPIKE	S10:A>C	0	0	NaN	9999.0	0.0	FALSE	A	1.39354015E-5	0.0	0.0040794965	0.99592525	0.0	0.021256866	0.9670308	1.0
SPIKE	S10:A>T	0	0	NaN	9999.0	0.0	FALSE	A	1.5845018E-5	0.0	0.0038398784	0.9953682	0.0	0.016088087	0.98168063	1.0
SPIKE	S11:C>A	0	0	NaN	9999.0	0.0	FALSE	A	1.6347309E-5	0.0	0.0041373	0.9952217	0.0	0.018828696	0.980208	1.0
SPIKE	S11:C>G	0	0	NaN	9999.0	0.0	FALSE	A	7.193159E-5	0.0	0.0011812479	0.9791446	0.0	0.011680041	0.98635566	1.0
SPIKE	S11:C>T	0	0	NaN	9999.0	0.0	FALSE	A	1.4643137E-4	0.0	0.0012189796	0.958003	0.0	0.014489494	0.9805333	1.0
SPIKE	S12:G>A	0	0	NaN	9999.0	0.0	FALSE	A	3.1851807E-5	0.0	0.0032212555	0.99071085	0.0	0.019097919	0.9765565	1.0
SPIKE	S12:G>C	0	0	NaN	9999.0	0.0	FALSE	A	7.0670285E-5	0.0	0.0010118859	0.9795065	0.0	0.011621781	0.9850238	1.0
SPIKE	S12:G>T	0	0	NaN	9999.0	0.0	FALSE	A	7.5220996E-5	0.0	0.0012795407	0.9782013	0.0	0.0132474	0.9813161	1.0
SPIKE	S13:A>G	0	0	NaN	9999.0	0.0	FALSE	A	4.1738807E-5	0.0	0.0029446373	0.987845	0.0	0.014744482	0.982551	1.0
SPIKE	S13:A>C	0	0	NaN	9999.0	0.0	FALSE	A	1.39354015E-5	0.0	0.0040794965	0.99592525	0.0	0.021256866	0.9670308	1.0
SPIKE	S13:A>T	0	0	NaN	9999.0	0.0	FALSE	A	1.5845018E-5	0.0	0.0038398784	0.9953682	0.0	0.016088087	0.98168063	1.0
SPIKE	S14:C>A	0	0	NaN	9999.0	0.0	FALSE	A	1.6347309E-5	0.0	0.0041373	0.9952217	0.0	0.018828696	0.980208	1.0
SPIKE	S14:C>G	0	0	NaN	9999.0	0.0	FALSE	A	7.193159E-5	0.0	0.0011812479	0.9791446	0.0	0.011680041	0.98635566	1.0
SPIKE	S14:C>T	0	0	NaN	9999.0	0.0	FALSE	A	1.4643137E-4	0.0	0.0012189796	0.958003	0.0	0.014489494	0.9805333	1.0
SPIKE	S15:A>G	0	0	NaN	9999.0	0.0	FALSE	A	4.1738807E-5	0.0	0.0029446373	0.987845	0.0	0.014744482	0.982551	1.0
SPIKE	S15:A>C	0	0	NaN	9999.0	0.0	FALSE	A	1.39354015E-5	0.0	0.0040794965	0.99592525	0.0	0.021256866	0.9670308	1.0
SPIKE	S15:A>T	0	0	NaN	9999.0	0.0	FALSE	A	1.5845018E-5	0.0	0.0038398784	0.9953682	0.0	0.016088087	0.98168063	1.0
SPIKE	S16:G>A	0	0	NaN	9999.0	0.0	FALSE	A	3.1851807E-5	0.0	0.0032212555	0.99071085	0.0	0.019097919	0.9765565	1.0
SPIKE	S16:G>C	0	0	NaN	9999.0	0.0	FALSE	A	7.0670285E-5	0.0	0.0010118859	0.9795065	0.0	0.011621781	0.9850238	1.0
SPIKE	S16:G>T	0	0	NaN	9999.0	0.0	FALSE	A	7.5220996E-5	0.0	0.0012795407	0.9782013	0.0	0.0132474	0.9813161	1.0
SPIKE	S17:A>G	0	0	NaN	9999.0	0.0	FALSE	A	4.1738807E-5	0.0	0.0029446373	0.987845	0.0	0.014744482	0.982551	1.0
SPIKE	S17:A>C	0	0	NaN	9999.0	0.0	FALSE	A	1.39354015E-5	0.0	0.0040794965	0.99592525	0.0	0.021256866	0.9670308	1.0
SPIKE	S17:A>T	0	0	NaN	9999.0	0.0	FALSE	A	1.5845018E-5	0.0	0.0038398784	0.9953682	0.0	0.016088087	0.98168063	1.0
SPIKE	S18:A>G	0	0	NaN	9999.0	0.0	FALSE	A	4.1738807E-5	0.0	0.0029446373	0.987845	0.0	0.014744482	0.982551	1.0
SPIKE	S18:A>C	0	0	NaN	9999.0	0.0	FALSE	A	1.39354015E-5	0.0	0.0040794965	0.99592525	0.0	0.021256866	0.9670308	1.0
SPIKE	S18:A>T	0	0	NaN	9999.0	0.0	FALSE	A	1.5845018E-5	0.0	0.0038398784	0.9953682	0.0	0.016088087	0.98168063	1.0
SPIKE	S19:C>A	0	0	NaN	9999.0	0.0	FALSE	A	1.6347309E-5	0.0	0.0041373	0.9952217	0.0	0.018828696	0.980208	1.0
SPIKE	S19:C>G	0	0	NaN	9999.0	0.0	FALSE	A	7.193159E-5	0.0	0.0011812479	0.9791446	0.0	0.011680041	0.98635566	1.0
SPIKE	S19:C>T	0	0	NaN	9999.0	0.0	FALSE	A	1.4643137E-4	0.0	0.0012189796	0.958003	0.0	0.014489494	0.9805333	1.0
SPIKE	S20:C>A	0	0	NaN	9999.0	0.0	FALSE	A	1.6347309E-5	0.0	0.0041373	0.9952217	0.0	0.018828696	0.980208	1.0
SPIKE	S20:C>G	0	0	NaN	9999.0	0.0	FALSE	A	7.193159E-5	0.0	0.0011812479	0.9791446	0.0	0.011680041	0.98635566	1.0
SPIKE	S20:C>T	0	0	NaN	9999.0	0.0	FALSE	A	1.4643137E-4	0.0	0.0012189796	0.958003	0.0	0.014489494	0.9805333	1.0
SPIKE	S21:A>G	0	0	NaN	9999.0	0.0	FALSE	A	4.1738807E-5	0.0	0.0029446373	0.987845	0.0	0.014744482	0.982551	1.0
SPIKE	S21:A>C	0	0	NaN	9999.0	0.0	FALSE	A	1.39354015E-5	0.0	0.0040794965	0.99592525	0.0	0.021256866	0.9670308	1.0
SPIKE	S21:A>T	0	0	NaN	9999.0	0.0	FALSE	A	1.5845018E-5	0.0	0.0038398784	0.9953682	0.0	0.016088087	0.98168063	1.0
SPIKE	S22:A>G	0	0	NaN	9999.0	0.0	FALSE	A	4.1738807E-5	0.0	0.0029446373	0.987845	0.0	0.014744482	0.982551	1.0
SPIKE	S22:A>C	0	0	NaN	9999.0	0.0	FALSE	A	1.39354015E-5	0.0	0.0040794965	0.99592525	0.0	0.021256866	0.9670308	1.0
SPIKE	S22:A>T	0	0	NaN	9999.0	0.0	FALSE	A	1.5845018E-5	0.0	0.0038398784	0.9953682	0.0	0.016088087	0.98168063	1.0
SPIKE	S23:A>G	0	0	NaN	9999.0	0.0	FALSE	A	4.1738807E-5	0.0	0.0029446373	0.987845	0.0	0.014744482	0.982551	1.0
SPIKE	S23:A>C	0	0	NaN	9999.0	0.0	FALSE	A	1.39354015E-5	0.0	0.0040794965	0.99592525	0.0	0.021256866	0.9670308	1.0
SPIKE	S23:A>T	0	0	NaN	9999.0	0.0	FALSE	A	1.5845018E-5	0.0	0.0038398784	0.9953682	0.0	0.016088087	0.98168063	1.0
SPIKE	S24:A>G	0	0	NaN	9999.0	0.0	FALSE	A	4.1738807E-5	0.0	0.0029446373	0.987845	0.0	0.014744482	0.982551	1.0
SPIKE	S24:A>C	0	0	NaN	9999.0	0.0	FALSE	A	1.39354015E-5	0.0	0.0040794965	0.99592525	0.0	0.021256866	0.9670308	1.0
SPIKE	S24:A>T	0	0	NaN	9999.0	0.0	FALSE	A	1.5845018E-5	0.0	0.0038398784	0.9953682	0.0	0.016088087	0.98168063	1.0
SPIKE	S25:A>G	0	0	NaN	9999.0	0.0	FALSE	A	4.1738807E-5	0.0	0.0029446373	0.987845	0.0	0.014744482	0.982551	1.0
SPIKE	S25:A>C	0	0	NaN	9999.0	0.0	FALSE	A	1.39354015E-5	0.0	0.0040794965	0.99592525	0.0	0.021256866	0.9670308	1.0
SPIKE	S25:A>T	0	0	NaN	9999.0	0.0	FALSE	A	1.5845018E-5	0.0	0.0038398784	0.9953682	0.0	0.016088087	0.98168063	1.0
SPIKE	S26:T>A	0	39760	0.0	9999.0	0.0	TRUE	T	1.7212928E-5	4.0	0.0033801354	0.9949693	49.486088	0.0138767725	0.9873277	1.0
SPIKE	S26:T>G	0	39760	0.0	9999.0	0.0	TRUE	T	1.719771E-4	5.0	4.134237E-4	0.9508592	534.3013	0.01280296	0.98145235	1.0
SPIKE	S26:T>C	0	39760	0.0	9999.0	0.0	TRUE	T	8.016757E-6	23.0	0.0025871694	0.99765384	92.93121	0.013894482	0.9789026	0.0
SPIKE	S27:G>A	0	40688	0.0	9999.0	0.0	TRUE	G	3.1851807E-5	6.0	0.0032212555	0.99071085	68.079384	0.019097919	0.9765565	1.0
SPIKE	S27:G>C	0	40688	0.0	9999.0	0.0	TRUE	G	7.0670285E-5	0.0	0.0010118859	0.9795065	247.66818	0.011621781	0.9850238	1.0
SPIKE	S27:G>T	0	40688	0.0	9999.0	0.0	TRUE	G	1.0405387E-5	32.0	0.0012795407	0.9969559	231.32939	0.0132474	0.9813161	0.0
SPIKE	S28:G>A	0	41008	0.0	9999.0	0.0	TRUE	G	3.1851807E-5	7.0	0.0032212555	0.99071085	68.614815	0.019097919	0.9765565	1.0
SPIKE	S28:G>C	0	41008	0.0	9999.0	0.0	TRUE	G	7.0670285E-5	1.0	0.0010118859	0.9795065	249.61603	0.011621781	0.9850238	1.0
SPIKE	S28:G>T	0	41008	0.0	9999.0	0.0	TRUE	G	5.8073565E-6	18.0	0.0012795407	0.9982999	233.14874	0.0132474	0.9813161	0.0
SPIKE	S29:G>A	0	41011	0.0	9999.0	0.0	TRUE	G	4.6417786E-6	10.0	0.0032212555	0.9986409	68.61983	0.019097919	0.9765565	0.0
SPIKE	S29:G>C	0	41011	0.0	9999.0	0.0	TRUE	G	7.0670285E-5	2.0	0.0010118859	0.9795065	249.63428	0.011621781	0.9850238	1.0
SPIKE	S29:G>T	0	41011	0.0	9999.0	0.0	TRUE	G	4.193895E-6	13.0	0.0012795407	0.99877197	233.16579	0.0132474	0.9813161	0.0
SPIKE	S30:A>G	0	41015	0.0	9999.0	0.0	TRUE	A	3.584314E-6	10.0	0.0029446373	0.99895036	116.44852	0.014744482	0.982551	0.0
SPIKE	S30:A>C	0	41015	0.0	9999.0	0.0	TRUE	A	1.39354015E-5	0.0	0.0040794965	0.99592525	26.998417	0.021256866	0.9670308	1.0
SPIKE	S30:A>T	0	41015	0.0	9999.0	0.0	TRUE	A	1.5845018E-5	0.0	0.0038398784	0.9953682	40.55103	0.016088087	0.98168063	1.0
SPIKE	S31:T>A	0	41015	0.0	9999.0	0.0	TRUE	T	1.7212928E-5	5.0	0.0033801354	0.9949693	51.048084	0.0138767725	0.9873277	1.0
SPIKE	S31:T>G	0	41015	0.0	9999.0	0.0	TRUE	T	1.719771E-4	0.0	4.134237E-4	0.9508592	551.16614	0.01280296	0.98145235	1.0
SPIKE	S31:T>C	0	41015	0.0	9999.0	0.0	TRUE	T	3.239161E-5	6.0	0.0025871694	0.99055415	95.864525	0.013894482	0.9789026	1.0
SPIKE	S32:C>A	2	41015	4.876265E-5	37.990433	38.0	TRUE	C	5.4860307E-6	12.0	0.0041373	0.9983939	35.75768	0.018828696	0.980208	0.0
SPIKE	S32:C>G	0	41015	0.0	9999.0	0.0	TRUE	C	7.193159E-5	3.0	0.0011812479	0.9791446	252.88979	0.011680041	0.98635566	1.0
SPIKE	S32:C>T	0	41015	0.0	9999.0	0.0	TRUE	C	1.2349485E-5	35.0	0.0012189796	0.99638814	415.005	0.014489494	0.9805333	0.0
SPIKE	S33:C>A	1	41015	2.4381325E-5	17.216877	40.0	TRUE	C	8.229046E-6	18.0	0.0041373	0.9975918	35.75768	0.018828696	0.980208	0.0
SPIKE	S33:C>G	1	41015	2.4381325E-5	7.8684115	40.0	TRUE	C	7.193159E-5	0.0	0.0011812479	0.9791446	252.88979	0.011680041	0.98635566	1.0
SPIKE	S33:C>T	0	41015	0.0	9999.0	0.0	TRUE	C	7.4096906E-6	21.0	0.0012189796	0.99783134	415.005	0.014489494	0.9805333	0.0
SPIKE	S34:A>G	0	41015	0.0	9999.0	0.0	TRUE	A	1.1469805E-5	32.0	0.0029446373	0.996645	116.44852	0.014744482	0.982551	0.0
SPIKE	S34:A>C	0	41015	0.0	9999.0	0.0	TRUE	A	1.39354015E-5	8.0	0.0040794965	0.99592525	26.998417	0.021256866	0.9670308	1.0
SPIKE	S34:A>T	0	41015	0.0	9999.0	0.0	TRUE	A	1.5845018E-5	0.0	0.0038398784	0.9953682	40.55103	0.016088087	0.98168063	1.0
SPIKE	S35:T>A	0	41015	0.0	9999.0	0.0	TRUE	T	3.3719048E-6	10.0	0.0033801354	0.99901253	51.048084	0.0138767725	0.9873277	0.0
SPIKE	S35:T>G	0	41015	0.0	9999.0	0.0	TRUE	T	1.719771E-4	2.0	4.134237E-4	0.9508592	551.16614	0.01280296	0.98145235	1.0
SPIKE	S35:T>C	0	41015	0.0	9999.0	0.0	TRUE	T	3.239161E-5	8.0	0.0025871694	0.99055415	95.864525	0.013894482	0.9789026	1.0
SPIKE	S36:T>A	0	41015	0.0	9999.0	0.0	TRUE	T	1.7212928E-5	0.0	0.0033801354	0.9949693	51.048084	0.0138767725	0.9873277	1.0
SPIKE	S36:T>G	0	41015	0.0	9999.0	0.0	TRUE	T	1.719771E-4	0.0	4.134237E-4	0.9508592	551.16614	0.01280296	0.98145235	1.0
SPIKE	S36:T>C	0	41015	0.0	9999.0	0.0	TRUE	T	3.239161E-5	6.0	0.0025871694	0.99055415	95.864525	0.013894482	0.9789026	1.0
SPIKE	S37:A>G	0	41015	0.0	9999.0	0.0	TRUE	A	5.0180397E-6	14.0	0.0029446373	0.9985308	116.44852	0.014744482	0.982551	0.0
SPIKE	S37:A>C	0	41015	0.0	9999.0	0.0	TRUE	A	1.39354015E-5	1.0	0.0040794965	0.99592525	26.998417	0.021256866	0.9670308	1.0
SPIKE	S37:A>T	0	41015	0.0	9999.0	0.0	TRUE	A	1.5845018E-5	5.0	0.0038398784	0.9953682	40.55103	0.016088087	0.98168063	1.0
SPIKE	S38:T>A	0	41015	0.0	9999.0	0.0	TRUE	T	1.7212928E-5	5.0	0.0033801354	0.9949693	51.048084	0.0138767725	0.9873277	1.0
SPIKE	S38:T>G	0	41015	0.0	9999.0	0.0	TRUE	T	1.719771E-4	0.0	4.134237E-4	0.9508592	551.16614	0.01280296	0.98145235	1.0
SPIKE	S38:T>C	0	41015	0.0	9999.0	0.0	TRUE	T	3.239161E-5	4.0	0.0025871694	0.99055415	95.864525	0.013894482	0.9789026	1.0
SPIKE	S39:C>A	0	41015	0.0	9999.0	0.0	TRUE	C	8.229046E-6	18.0	0.0041373	0.9975918	35.75768	0.018828696	0.980208	0.0
SPIKE	S39:C>G	0	41015	0.0	9999.0	0.0	TRUE	C	7.193159E-5	5.0	0.0011812479	0.9791446	252.88979	0.011680041	0.98635566	1.0
SPIKE	S39:C>T	0	41015	0.0	9999.0	0.0	TRUE	C	4.8692254E-5	138.0	0.0012189796	0.9858345	415.005	0.014489494	0.9805333	0.0
SPIKE	S40:G>C	1	41015	2.4381325E-5	7.943035	40.0	TRUE	G	7.0670285E-5	9.0	0.0010118859	0.9795065	249.65863	0.011621781	0.9850238	1.0
SPIKE	S40:G>T	4	41015	9.75253E-5	75.52412	39.0	TRUE	G	7.419245E-6	23.0	0.0012795407	0.99782854	233.18854	0.0132474	0.9813161	0.0
SPIKE	S40:G>A	0	41015	0.0	9999.0	0.0	TRUE	G	3.1851807E-5	7.0	0.0032212555	0.99071085	68.626526	0.019097919	0.9765565	1.0
SPIKE	S41:G>T	1	41015	2.4381325E-5	21.283188	39.0	TRUE	G	3.2257585E-6	10.0	0.0012795407	0.9990553	233.18854	0.0132474	0.9813161	0.0
SPIKE	S41:G>A	0	41015	0.0	9999.0	0.0	TRUE	G	7.890254E-6	17.0	0.0032212555	0.9976908	68.626526	0.019097919	0.9765565	0.0
SPIKE	S41:G>C	0	41015	0.0	9999.0	0.0	TRUE	G	7.0670285E-5	3.0	0.0010118859	0.9795065	249.65863	0.011621781	0.9850238	1.0
SPIKE	S42:C>T	1	41015	2.4381325E-5	14.875913	40.0	TRUE	C	1.4113696E-5	40.0	0.0012189796	0.9958732	415.005	0.014489494	0.9805333	0.0
SPIKE	S42:C>A	1	41015	2.4381325E-5	18.62968	39.0	TRUE	C	5.9432E-6	13.0	0.0041373	0.99826014	35.75768	0.018828696	0.980208	0.0
SPIKE	S42:C>G	0	41015	0.0	9999.0	0.0	TRUE	C	7.193159E-5	8.0	0.0011812479	0.9791446	252.88979	0.011680041	0.98635566	1.0
SPIKE	S43:G>T	4	41015	9.75253E-5	84.11316	36.25	TRUE	G	4.5160623E-6	14.0	0.0012795407	0.9986777	233.18854	0.0132474	0.9813161	0.0
SPIKE	S43:G>A	0	41015	0.0	9999.0	0.0	TRUE	G	3.4809946E-5	75.0	0.0032212555	0.98985255	68.626526	0.019097919	0.9765565	0.0
SPIKE	S43:G>C	0	41015	0.0	9999.0	0.0	TRUE	G	7.0670285E-5	8.0	0.0010118859	0.9795065	249.65863	0.011621781	0.9850238	1.0
SPIKE	S44:G>A	2	41015	4.876265E-5	8.419073	40.0	TRUE	G	1.9400743E-4	418.0	0.0032212555	0.94474125	68.626526	0.019097919	0.9765565	0.0
SPIKE	S44:G>C	0	41015	0.0	9999.0	0.0	TRUE	G	5.378286E-6	19.0	0.0010118859	0.9984254	249.65863	0.011621781	0.9850238	0.0
SPIKE	S44:G>T	0	41015	0.0	9999.0	0.0	TRUE	G	7.5220996E-5	8.0	0.0012795407	0.9782013	233.18854	0.0132474	0.9813161	1.0
SPIKE	S45:C>A	1	41015	2.4381325E-5	18.62968	39.0	TRUE	C	5.9432E-6	13.0	0.0041373	0.99826014	35.75768	0.018828696	0.980208	0.0
SPIKE	S45:C>G	0	41015	0.0	9999.0	0.0	TRUE	C	7.193159E-5	2.0	0.0011812479	0.9791446	252.88979	0.011680041	0.98635566	1.0
SPIKE	S45:C>T	0	41015	0.0	9999.0	0.0	TRUE	C	1.6936436E-5	48.0	0.0012189796	0.9950499	415.005	0.014489494	0.9805333	0.0
SPIKE	S46:G>T	4	41015	9.75253E-5	84.11316	37.5	TRUE	G	4.5160623E-6	14.0	0.0012795407	0.9986777	233.18854	0.0132474	0.9813161	0.0
SPIKE	S46:G>A	0	41015	0.0	9999.0	0.0	TRUE	G	3.9915405E-5	86.0	0.0032212555	0.9883729	68.626526	0.019097919	0.9765565	0.0
SPIKE	S46:G>C	0	41015	0.0	9999.0	0.0	TRUE	G	7.0670285E-5	3.0	0.0010118859	0.9795065	249.65863	0.011621781	0.9850238	1.0
SPIKE	S47:A>T	1	41015	2.4381325E-5	14.374152	40.0	TRUE	A	1.5845018E-5	3.0	0.0038398784	0.9953682	40.55103	0.016088087	0.98168063	1.0
SPIKE	S47:A>G	0	41015	0.0	9999.0	0.0	TRUE	A	4.1738807E-5	6.0	0.0029446373	0.987845	116.44852	0.014744482	0.982551	1.0
SPIKE	S47:A>C	0	41015	0.0	9999.0	0.0	TRUE	A	1.39354015E-5	0.0	0.0040794965	0.99592525	26.998417	0.021256866	0.9670308	1.0
SPIKE	S48:A>G	0	41015	0.0	9999.0	0.0	TRUE	A	4.1738807E-5	2.0	0.0029446373	0.987845	116.44852	0.014744482	0.982551	1.0
SPIKE	S48:A>C	0	41015	0.0	9999.0	0.0	TRUE	A	1.39354015E-5	0.0	0.0040794965	0.99592525	26.998417	0.021256866	0.9670308	1.0
SPIKE	S48:A>T	0	41015	0.0	9999.0	0.0	TRUE	A	1.5845018E-5	7.0	0.0038398784	0.9953682	40.55103	0.016088087	0.98168063	1.0
SPIKE	S49:T>A	0	41015	0.0	9999.0	0.0	TRUE	T	1.7212928E-5	7.0	0.0033801354	0.9949693	51.048084	0.0138767725	0.9873277	1.0
SPIKE	S49:T>G	0	41015	0.0	9999.0	0.0	TRUE	T	1.719771E-4	2.0	4.134237E-4	0.9508592	551.16614	0.01280296	0.98145235	1.0
SPIKE	S49:T>C	0	41015	0.0	9999.0	0.0	TRUE	T	3.239161E-5	0.0	0.0025871694	0.99055415	95.864525	0.013894482	0.9789026	1.0
SPIKE	S50:T>A	0	41015	0.0	9999.0	0.0	TRUE	T	1.7212928E-5	0.0	0.0033801354	0.9949693	51.048084	0.0138767725	0.9873277	1.0
SPIKE	S50:T>G	0	41015	0.0	9999.0	0.0	TRUE	T	1.719771E-4	2.0	4.134237E-4	0.9508592	551.16614	0.01280296	0.98145235	1.0
SPIKE	S50:T>C	0	41015	0.0	9999.0	0.0	TRUE	T	3.239161E-5	4.0	0.0025871694	0.99055415	95.864525	0.013894482	0.9789026	1.0
SPIKE	S51:T>A	0	41015	0.0	9999.0	0.0	TRUE	T	1.7212928E-5	2.0	0.0033801354	0.9949693	51.048084	0.0138767725	0.9873277	1.0
SPIKE	S51:T>G	0	41015	0.0	9999.0	0.0	TRUE	T	1.719771E-4	0.0	4.134237E-4	0.9508592	551.16614	0.01280296	0.98145235	1.0
SPIKE	S51:T>C	0	41015	0.0	9999.0	0.0	TRUE	T	3.239161E-5	3.0	0.0025871694	0.99055415	95.864525	0.013894482	0.9789026	1.0
SPIKE	S52:A>G	1	41015	2.4381325E-5	9.884202	40.0	TRUE	A	4.4803928E-5	125.0	0.0029446373	0.98695827	116.44852	0.014744482	0.982551	0.0
SPIKE	S52:A>C	0	41015	0.0	9999.0	0.0	TRUE	A	1.39354015E-5	0.0	0.0040794965	0.99592525	26.998417	0.021256866	0.9670308	1.0
SPIKE	S52:A>T	0	41015	0.0	9999.0	0.0	TRUE	A	1.5845018E-5	5.0	0.0038398784	0.9953682	40.55103	0.016088087	0.98168063	1.0
SPIKE	S53:C>A	2	41015	4.876265E-5	38.743126	39.0	TRUE	C	5.0288613E-6	11.0	0.0041373	0.99852765	35.75768	0.018828696	0.980208	0.0
SPIKE	S53:C>G	0	41015	0.0	9999.0	0.0	TRUE	C	6.2576464E-6	22.0	0.0011812479	0.9981682	252.88979	0.011680041	0.98635566	0.0
SPIKE	S53:C>T	0	41015	0.0	9999.0	0.0	TRUE	C	3.8812665E-5	110.0	0.0012189796	0.9886923	415.005	0.014489494	0.9805333	0.0
SPIKE	S54:C>A	2	41015	4.876265E-5	36.061478	40.0	TRUE	C	6.857538E-6	15.0	0.0041373	0.99799275	35.75768	0.018828696	0.980208	0.0
SPIKE	S54:C>G	0	41015	0.0	9999.0	0.0	TRUE	C	7.193159E-5	3.0	0.0011812479	0.9791446	252.88979	0.011680041	0.98635566	1.0
SPIKE	S54:C>T	0	41015	0.0	9999.0	0.0	TRUE	C	9.879587E-6	28.0	0.0012189796	0.9971095	415.005	0.014489494	0.9805333	0.0
SPIKE	S55:A>G	0	41015	0.0	9999.0	0.0	TRUE	A	3.0108238E-5	84.0	0.0029446373	0.9912171	116.44852	0.014744482	0.982551	0.0
SPIKE	S55:A>C	0	41015	0.0	9999.0	0.0	TRUE	A	4.1808657E-5	81.0	0.0040794965	0.9878248	26.998417	0.021256866	0.9670308	0.0
SPIKE	S55:A>T	0	41015	0.0	9999.0	0.0	TRUE	A	1.5845018E-5	0.0	0.0038398784	0.9953682	40.55103	0.016088087	0.98168063	1.0
SPIKE	S56:C>A	0	41015	0.0	9999.0	0.0	TRUE	C	7.771877E-6	17.0	0.0041373	0.9977254	35.75768	0.018828696	0.980208	0.0
SPIKE	S56:C>G	0	41015	0.0	9999.0	0.0	TRUE	C	7.193159E-5	3.0	0.0011812479	0.9791446	252.88979	0.011680041	0.98635566	1.0
SPIKE	S56:C>T	0	41015	0.0	9999.0	0.0	TRUE	C	7.056848E-6	20.0	0.0012189796	0.99793446	415.005	0.014489494	0.9805333	0.0
SPIKE	S57:C>A	2	41015	4.876265E-5	36.657658	40.0	TRUE	C	6.400369E-6	14.0	0.0041373	0.99812645	35.75768	0.018828696	0.980208	0.0
SPIKE	S57:C>G	0	41015	0.0	9999.0	0.0	TRUE	C	7.193159E-5	1.0	0.0011812479	0.9791446	252.88979	0.011680041	0.98635566	1.0
SPIKE	S57:C>T	0	41015	0.0	9999.0	0.0	TRUE	C	1.4643137E-4	6.0	0.0012189796	0.958003	415.005	0.014489494	0.9805333	1.0
SPIKE	S58:A>G	0	41015	0.0	9999.0	0.0	TRUE	A	4.1738807E-5	1.0	0.0029446373	0.987845	116.44852	0.014744482	0.982551	1.0
SPIKE	S58:A>C	0	41015	0.0	9999.0	0.0	TRUE	A	6.297106E-5	122.0	0.0040794965	0.98171866	26.998417	0.021256866	0.9670308	0.0
SPIKE	S58:A>T	0	41015	0.0	9999.0	0.0	TRUE	A	1.5845018E-5	6.0	0.0038398784	0.9953682	40.55103	0.016088087	0.98168063	1.0
SPIKE	S59:T>A	0	41015	0.0	9999.0	0.0	TRUE	T	4.113724E-5	122.0	0.0033801354	0.9880191	51.048084	0.0138767725	0.9873277	0.0
SPIKE	S59:T>G	0	41015	0.0	9999.0	0.0	TRUE	T	1.719771E-4	5.0	4.134237E-4	0.9508592	551.16614	0.01280296	0.98145235	1.0
SPIKE	S59:T>C	0	41015	0.0	9999.0	0.0	TRUE	T	9.798793E-6	29.0	0.0025871694	0.9971331	95.864525	0.013894482	0.9789026	0.0
SPIKE	S60:T>C	1	41015	2.4381325E-5	8.722956	40.0	TRUE	T	5.8792757E-5	174.0	0.0025871694	0.98292124	95.864525	0.013894482	0.9789026	0.0
SPIKE	S60:T>A	0	41015	0.0	9999.0	0.0	TRUE	T	1.7212928E-5	5.0	0.0033801354	0.9949693	51.048084	0.0138767725	0.9873277	1.0
SPIKE	S60:T>G	0	41015	0.0	9999.0	0.0	TRUE	T	1.719771E-4	3.0	4.134237E-4	0.9508592	551.16614	0.01280296	0.98145235	1.0
SPIKE	S61:G>T	6	41015	1.4628794E-4	75.98479	40.0	TRUE	G	4.0321982E-5	125.0	0.0012795407	0.9882552	233.18854	0.0132474	0.9813161	0.0
SPIKE	S61:G>A	0	41015	0.0	9999.0	0.0	TRUE	G	1.4388111E-5	31.0	0.0032212555	0.99579316	68.626526	0.019097919	0.9765565	0.0
SPIKE	S61:G>C	0	41015	0.0	9999.0	0.0	TRUE	G	7.0670285E-5	4.0	0.0010118859	0.9795065	249.65863	0.011621781	0.9850238	1.0
SPIKE	S62:A>G	0	41015	0.0	9999.0	0.0	TRUE	A	4.874667E-5	136.0	0.0029446373	0.98581874	116.44852	0.014744482	0.982551	0.0
SPIKE	S62:A>C	0	41015	0.0	9999.0	0.0	TRUE	A	1.39354015E-5	2.0	0.0040794965	0.99592525	26.998417	0.021256866	0.9670308	1.0
SPIKE	S62:A>T	0	41015	0.0	9999.0	0.0	TRUE	A	1.5845018E-5	2.0	0.0038398784	0.9953682	40.55103	0.016088087	0.98168063	1.0
SPIKE	S63:A>G	0	41015	0.0	9999.0	0.0	TRUE	A	4.1738807E-5	2.0	0.0029446373	0.987845	116.44852	0.014744482	0.982551	1.0
SPIKE	S63:A>C	0	41015	0.0	9999.0	0.0	TRUE	A	1.39354015E-5	5.0	0.0040794965	0.99592525	26.998417	0.021256866	0.9670308	1.0
SPIKE	S63:A>T	0	41015	0.0	9999.0	0.0	TRUE	A	1.5845018E-5	3.0	0.0038398784	0.9953682	40.55103	0.016088087	0.98168063	1.0
SPIKE	S64:A>G	0	41015	0.0	9999.0	0.0	TRUE	A	4.1738807E-5	8.0	0.0029446373	0.987845	116.44852	0.014744482	0.982551	1.0
SPIKE	S64:A>C	0	41015	0.0	9999.0	0.0	TRUE	A	1.39354015E-5	3.0	0.0040794965	0.99592525	26.998417	0.021256866	0.9670308	1.0
SPIKE	S64:A>T	0	41015	0.0	9999.0	0.0	TRUE	A	1.5845018E-5	5.0	0.0038398784	0.9953682	40.55103	0.016088087	0.98168063	1.0
SPIKE	S65:A>G	1	41015	2.4381325E-5	18.273193	40.0	TRUE	A	6.4517653E-6	18.0	0.0029446373	0.9981114	116.44852	0.014744482	0.982551	0.0
SPIKE	S65:A>C	0	41015	0.0	9999.0	0.0	TRUE	A	7.4326505E-5	144.0	0.0040794965	0.97845775	26.998417	0.021256866	0.9670308	0.0
SPIKE	S65:A>T	0	41015	0.0	9999.0	0.0	TRUE	A	1.5845018E-5	1.0	0.0038398784	0.9953682	40.55103	0.016088087	0.98168063	1.0
SPIKE	S66:C>A	2	41015	4.876265E-5	34.487118	40.0	TRUE	C	8.229046E-6	18.0	0.0041373	0.9975918	35.75768	0.018828696	0.980208	0.0
SPIKE	S66:C>T	1	41015	2.4381325E-5	12.976642	40.0	TRUE	C	2.1876229E-5	62.0	0.0012189796	0.99361074	415.005	0.014489494	0.9805333	0.0
SPIKE	S66:C>G	0	41015	0.0	9999.0	0.0	TRUE	C	2.8443847E-6	10.0	0.0011812479	0.99916697	252.88979	0.011680041	0.98635566	0.0
SPIKE	S67:C>A	4	41015	9.75253E-5	39.502693	40.0	TRUE	C	6.1260675E-5	134.0	0.0041373	0.98221076	35.75768	0.018828696	0.980208	0.0
SPIKE	S67:C>G	0	41015	0.0	9999.0	0.0	TRUE	C	7.193159E-5	1.0	0.0011812479	0.9791446	252.88979	0.011680041	0.98635566	1.0
SPIKE	S67:C>T	0	41015	0.0	9999.0	0.0	TRUE	C	5.292636E-6	15.0	0.0012189796	0.99845046	415.005	0.014489494	0.9805333	0.0
SPIKE	S68:A>C	1	41015	2.4381325E-5	17.481531	40.0	TRUE	A	7.742344E-6	15.0	0.0040794965	0.99773407	26.998417	0.021256866	0.9670308	0.0
SPIKE	S68:A>G	0	41015	0.0	9999.0	0.0	TRUE	A	5.304785E-5	148.0	0.0029446373	0.9845772	116.44852	0.014744482	0.982551	0.0
SPIKE	S68:A>T	0	41015	0.0	9999.0	0.0	TRUE	A	1.5845018E-5	3.0	0.0038398784	0.9953682	40.55103	0.016088087	0.98168063	1.0
SPIKE	S69:G>A	0	41015	0.0	9999.0	0.0	TRUE	G	1.1139182E-5	24.0	0.0032212555	0.99674153	68.626526	0.019097919	0.9765565	0.0
SPIKE	S69:G>C	0	41015	0.0	9999.0	0.0	TRUE	G	3.396812E-5	120.0	0.0010118859	0.9900967	249.65863	0.011621781	0.9850238	0.0
SPIKE	S69:G>T	0	41015	0.0	9999.0	0.0	TRUE	G	5.4837897E-6	17.0	0.0012795407	0.99839455	233.18854	0.0132474	0.9813161	0.0
SPIKE	S70:C>T	1	41015	2.4381325E-5	4.1592984	40.0	TRUE	C	1.8030248E-4	511.0	0.0012189796	0.94854254	415.005	0.014489494	0.9805333	0.0
SPIKE	S70:C>A	0	41015	0.0	9999.0	0.0	TRUE	C	7.3147075E-6	16.0	0.0041373	0.99785906	35.75768	0.018828696	0.980208	0.0
SPIKE	S70:C>G	0	41015	0.0	9999.0	0.0	TRUE	C	7.964278E-6	28.0	0.0011812479	0.99766916	252.88979	0.011680041	0.98635566	0.0
SPIKE	S71:C>A	3	41015	7.314397E-5	55.85304	40.0	TRUE	C	6.857538E-6	15.0	0.0041373	0.99799275	35.75768	0.018828696	0.980208	0.0
SPIKE	S71:C>G	0	41015	0.0	9999.0	0.0	TRUE	C	3.185711E-5	112.0	0.0011812479	0.9907093	252.88979	0.011680041	0.98635566	0.0
SPIKE	S71:C>T	0	41015	0.0	9999.0	0.0	TRUE	C	1.4643137E-4	7.0	0.0012189796	0.958003	415.005	0.014489494	0.9805333	1.0
SPIKE	S72:G>T	5	41015	1.2190662E-4	73.522026	40.0	TRUE	G	2.2257735E-5	69.0	0.0012795407	0.9934997	233.18854	0.0132474	0.9813161	0.0
SPIKE	S72:G>A	0	41015	0.0	9999.0	0.0	TRUE	G	1.3923978E-5	30.0	0.0032212555	0.9959286	68.626526	0.019097919	0.9765565	0.0
SPIKE	S72:G>C	0	41015	0.0	9999.0	0.0	TRUE	G	7.0670285E-5	7.0	0.0010118859	0.9795065	249.65863	0.011621781	0.9850238	1.0
SPIKE	S73:T>C	1	41015	2.4381325E-5	11.280061	40.0	TRUE	T	3.239161E-5	7.0	0.0025871694	0.99055415	95.864525	0.013894482	0.9789026	1.0
SPIKE	S73:T>A	0	41015	0.0	9999.0	0.0	TRUE	T	1.7212928E-5	1.0	0.0033801354	0.9949693	51.048084	0.0138767725	0.9873277	1.0
SPIKE	S73:T>G	0	41015	0.0	9999.0	0.0	TRUE	T	3.1202406E-5	100.0	4.134237E-4	0.9908994	551.16614	0.01280296	0.98145235	0.0
SPIKE	S74:G>T	11	41015	2.6819456E-4	271.39532	40.0	TRUE	G	3.8709104E-6	12.0	0.0012795407	0.99886644	233.18854	0.0132474	0.9813161	0.0
SPIKE	S74:G>A	0	41015	0.0	9999.0	0.0	TRUE	G	3.1851807E-5	1.0	0.0032212555	0.99071085	68.626526	0.019097919	0.9765565	1.0
SPIKE	S74:G>C	0	41015	0.0	9999.0	0.0	TRUE	G	7.0670285E-5	0.0	0.0010118859	0.9795065	249.65863	0.011621781	0.9850238	1.0
SPIKE	S75:G>T	1	41015	2.4381325E-5	10.6583	40.0	TRUE	G	3.74188E-5	116.0	0.0012795407	0.98909616	233.18854	0.0132474	0.9813161	0.0
SPIKE	S75:G>A	0	41015	0.0	9999.0	0.0	TRUE	G	6.033724E-6	13.0	0.0032212555	0.9982337	68.626526	0.019097919	0.9765565	0.0
SPIKE	S75:G>C	0	41015	0.0	9999.0	0.0	TRUE	G	7.0670285E-5	4.0	0.0010118859	0.9795065	249.65863	0.011621781	0.9850238	1.0
SPIKE	S76:T>A	0	41015	0.0	9999.0	0.0	TRUE	T	1.7212928E-5	2.0	0.0033801354	0.9949693	51.048084	0.0138767725	0.9873277	1.0
SPIKE	S76:T>G	0	41015	0.0	9999.0	0.0	TRUE	T	1.719771E-4	7.0	4.134237E-4	0.9508592	551.16614	0.01280296	0.98145235	1.0
SPIKE	S76:T>C	0	41015	0.0	9999.0	0.0	TRUE	T	3.239161E-5	6.0	0.0025871694	0.99055415	95.864525	0.013894482	0.9789026	1.0
SPIKE	S77:T>A	0	41015	0.0	9999.0	0.0	TRUE	T	1.7212928E-5	1.0	0.0033801354	0.9949693	51.048084	0.0138767725	0.9873277	1.0
SPIKE	S77:T>G	0	41015	0.0	9999.0	0.0	TRUE	T	1.719771E-4	1.0	4.134237E-4	0.9508592	551.16614	0.01280296	0.98145235	1.0
SPIKE	S77:T>C	0	41015	0.0	9999.0	0.0	TRUE	T	3.239161E-5	3.0	0.0025871694	0.99055415	95.864525	0.013894482	0.9789026	1.0
SPIKE	S78:T>A	0	41015	0.0	9999.0	0.0	TRUE	T	1.7212928E-5	3.0	0.0033801354	0.9949693	51.048084	0.0138767725	0.9873277	1.0
SPIKE	S78:T>G	0	41015	0.0	9999.0	0.0	TRUE	T	3.681884E-5	118.0	4.134237E-4	0.98927003	551.16614	0.01280296	0.98145235	0.0
SPIKE	S78:T>C	0	41015	0.0	9999.0	0.0	TRUE	T	3.239161E-5	5.0	0.0025871694	0.99055415	95.864525	0.013894482	0.9789026	1.0
SPIKE	S79:G>A	0	41015	0.0	9999.0	0.0	TRUE	G	5.1054585E-6	11.0	0.0032212555	0.99850523	68.626526	0.019097919	0.9765565	0.0
SPIKE	S79:G>C	0	41015	0.0	9999.0	0.0	TRUE	G	3.311892E-5	117.0	0.0010118859	0.9903431	249.65863	0.011621781	0.9850238	0.0
SPIKE	S79:G>T	0	41015	0.0	9999.0	0.0	TRUE	G	3.5483345E-6	11.0	0.0012795407	0.99896085	233.18854	0.0132474	0.9813161	0.0
SPIKE	S80:C>T	6	41015	1.4628794E-4	19.330765	40.0	TRUE	C	4.4317008E-4	1256.0	0.0012189796	0.8782282	415.005	0.014489494	0.9805333	0.0
SPIKE	S80:C>A	0	41015	0.0	9999.0	0.0	TRUE	C	6.857538E-6	15.0	0.0041373	0.99799275	35.75768	0.018828696	0.980208	0.0
SPIKE	S80:C>G	0	41015	0.0	9999.0	0.0	TRUE	C	3.5270372E-5	124.0	0.0011812479	0.989719	252.88979	0.011680041	0.98635566	0.0
SPIKE	S81:G>T	9	41015	2.1943191E-4	137.65231	40.0	TRUE	G	2.9031828E-5	90.0	0.0012795407	0.99152976	233.18854	0.0132474	0.9813161	0.0
SPIKE	S81:G>C	1	41015	2.4381325E-5	21.436666	40.0	TRUE	G	3.1137445E-6	11.0	0.0010118859	0.9990881	249.65863	0.011621781	0.9850238	0.0
SPIKE	S81:G>A	0	41015	0.0	9999.0	0.0	TRUE	G	2.1350099E-5	46.0	0.0032212555	0.9937639	68.626526	0.019097919	0.9765565	0.0
SPIKE	S82:G>T	1	41015	2.4381325E-5	20.143864	40.0	TRUE	G	4.1934863E-6	13.0	0.0012795407	0.9987721	233.18854	0.0132474	0.9813161	0.0
SPIKE	S82:G>A	0	41015	0.0	9999.0	0.0	TRUE	G	4.1771935E-5	90.0	0.0032212555	0.9878354	68.626526	0.019097919	0.9765565	0.0
SPIKE	S82:G>C	0	41015	0.0	9999.0	0.0	TRUE	G	3.283585E-5	116.0	0.0010118859	0.9904252	249.65863	0.011621781	0.9850238	0.0
SPIKE	S83:C>A	2	41015	4.876265E-5	28.5804	40.0	TRUE	C	1.6347309E-5	9.0	0.0041373	0.9952217	35.75768	0.018828696	0.980208	1.0
SPIKE	S83:C>T	1	41015	2.4381325E-5	12.513695	40.0	TRUE	C	2.4346127E-5	69.0	0.0012189796	0.99289197	415.005	0.014489494	0.9805333	0.0
SPIKE	S83:C>G	0	41015	0.0	9999.0	0.0	TRUE	C	3.4701494E-5	122.0	0.0011812479	0.98988396	252.88979	0.011680041	0.98635566	0.0
SPIKE	S84:G>T	2	41015	4.876265E-5	15.740037	40.0	TRUE	G	7.5220996E-5	8.0	0.0012795407	0.9782013	233.18854	0.0132474	0.9813161	1.0
SPIKE	S84:G>A	0	41015	0.0	9999.0	0.0	TRUE	G	5.708831E-5	123.0	0.0032212555	0.98341227	68.626526	0.019097919	0.9765565	0.0
SPIKE	S84:G>C	0	41015	0.0	9999.0	0.0	TRUE	G	7.0670285E-5	8.0	0.0010118859	0.9795065	249.65863	0.011621781	0.9850238	1.0
SPIKE	S85:A>G	0	41015	0.0	9999.0	0.0	TRUE	A	4.1738807E-5	5.0	0.0029446373	0.987845	116.44852	0.014744482	0.982551	1.0
SPIKE	S85:A>C	0	41015	0.0	9999.0	0.0	TRUE	A	1.39354015E-5	0.0	0.0040794965	0.99592525	26.998417	0.021256866	0.9670308	1.0
SPIKE	S85:A>T	0	41015	0.0	9999.0	0.0	TRUE	A	4.493541E-5	115.0	0.0038398784	0.98692024	40.55103	0.016088087	0.98168063	0.0
SPIKE	S86:T>A	0	41015	0.0	9999.0	0.0	TRUE	T	1.7212928E-5	6.0	0.0033801354	0.9949693	51.048084	0.0138767725	0.9873277	1.0
SPIKE	S86:T>G	0	41015	0.0	9999.0	0.0	TRUE	T	1.719771E-4	0.0	4.134237E-4	0.9508592	551.16614	0.01280296	0.98145235	1.0
SPIKE	S86:T>C	0	41015	0.0	9999.0	0.0	TRUE	T	3.239161E-5	3.0	0.0025871694	0.99055415	95.864525	0.013894482	0.9789026	1.0
SPIKE	S87:T>A	0	41015	0.0	9999.0	0.0	TRUE	T	1.7212928E-5	2.0	0.0033801354	0.9949693	51.048084	0.0138767725	0.9873277	1.0
SPIKE	S87:T>G	0	41015	0.0	9999.0	0.0	TRUE	T	1.719771E-4	2.0	4.134237E-4	0.9508592	551.16614	0.01280296	0.98145235	1.0
SPIKE	S87:T>C	0	41015	0.0	9999.0	0.0	TRUE	T	3.239161E-5	5.0	0.0025871694	0.99055415	95.864525	0.013894482	0.9789026	1.0
SPIKE	S88:T>A	0	41015	0.0	9999.0	0.0	TRUE	T	1.7212928E-5	3.0	0.0033801354	0.9949693	51.048084	0.0138767725	0.9873277	1.0
SPIKE	S88:T>G	0	41015	0.0	9999.0	0.0	TRUE	T	1.719771E-4	0.0	4.134237E-4	0.9508592	551.16614	0.01280296	0.98145235	1.0
SPIKE	S88:T>C	0	41015	0.0	9999.0	0.0	TRUE	T	3.239161E-5	9.0	0.0025871694	0.99055415	95.864525	0.013894482	0.9789026	1.0
SPIKE	S89:A>G	1	41015	2.4381325E-5	10.18842	39.0	TRUE	A	4.1738807E-5	7.0	0.0029446373	0.987845	116.44852	0.014744482	0.982551	1.0
SPIKE	S89:A>C	0	41015	0.0	9999.0	0.0	TRUE	A	1.39354015E-5	2.0	0.0040794965	0.99592525	26.998417	0.021256866	0.9670308	1.0
SPIKE	S89:A>T	0	41015	0.0	9999.0	0.0	TRUE	A	1.5845018E-5	0.0	0.0038398784	0.9953682	40.55103	0.016088087	0.98168063	1.0
SPIKE	S90:T>A	0	41015	0.0	9999.0	0.0	TRUE	T	1.7212928E-5	5.0	0.0033801354	0.9949693	51.048084	0.0138767725	0.9873277	1.0
SPIKE	S90:T>G	0	41015	0.0	9999.0	0.0	TRUE	T	1.719771E-4	1.0	4.134237E-4	0.9508592	551.16614	0.01280296	0.98145235	1.0
SPIKE	S90:T>C	0	41015	0.0	9999.0	0.0	TRUE	T	3.239161E-5	4.0	0.0025871694	0.99055415	95.864525	0.013894482	0.9789026	1.0
SPIKE	S91:C>A	5	41015	1.2190662E-4	97.48631	39.4	TRUE	C	7.3147075E-6	16.0	0.0041373	0.99785906	35.75768	0.018828696	0.980208	0.0
SPIKE	S91:C>G	0	41015	0.0	9999.0	0.0	TRUE	C	7.193159E-5	1.0	0.0011812479	0.9791446	252.88979	0.011680041	0.98635566	1.0
SPIKE	S91:C>T	0	41015	0.0	9999.0	0.0	TRUE	C	8.1506594E-5	231.0	0.0012189796	0.97640145	415.005	0.014489494	0.9805333	0.0
SPIKE	S92:G>T	2	41015	4.876265E-5	40.315395	36.5	TRUE	G	4.1934863E-6	13.0	0.0012795407	0.9987721	233.18854	0.0132474	0.9813161	0.0
SPIKE	S92:G>A	0	41015	0.0	9999.0	0.0	TRUE	G	6.961989E-6	15.0	0.0032212555	0.99796224	68.626526	0.019097919	0.9765565	0.0
SPIKE	S92:G>C	0	41015	0.0	9999.0	0.0	TRUE	G	7.0670285E-5	0.0	0.0010118859	0.9795065	249.65863	0.011621781	0.9850238	1.0
SPIKE	S93:T>A	0	41015	0.0	9999.0	0.0	TRUE	T	1.7212928E-5	4.0	0.0033801354	0.9949693	51.048084	0.0138767725	0.9873277	1.0
SPIKE	S93:T>G	0	41015	0.0	9999.0	0.0	TRUE	T	1.719771E-4	0.0	4.134237E-4	0.9508592	551.16614	0.01280296	0.98145235	1.0
SPIKE	S93:T>C	0	41015	0.0	9999.0	0.0	TRUE	T	3.239161E-5	6.0	0.0025871694	0.99055415	95.864525	0.013894482	0.9789026	1.0
SPIKE	S94:C>A	0	41015	0.0	9999.0	0.0	TRUE	C	4.571692E-6	10.0	0.0041373	0.9986614	35.75768	0.018828696	0.980208	0.0
SPIKE	S94:C>G	0	41015	0.0	9999.0	0.0	TRUE	C	7.193159E-5	2.0	0.0011812479	0.9791446	252.88979	0.011680041	0.98635566	1.0
SPIKE	S94:C>T	0	41015	0.0	9999.0	0.0	TRUE	C	1.4643137E-4	8.0	0.0012189796	0.958003	415.005	0.014489494	0.9805333	1.0
SPIKE	S95:G>T	2	41015	4.876265E-5	15.740037	38.0	TRUE	G	7.5220996E-5	7.0	0.0012795407	0.9782013	233.18854	0.0132474	0.9813161	1.0
SPIKE	S95:G>A	0	41015	0.0	9999.0	0.0	TRUE	G	6.4978562E-6	14.0	0.0032212555	0.99809796	68.626526	0.019097919	0.9765565	0.0
SPIKE	S95:G>C	0	41015	0.0	9999.0	0.0	TRUE	G	7.0670285E-5	0.0	0.0010118859	0.9795065	249.65863	0.011621781	0.9850238	1.0
SPIKE	S96:T>A	0	41015	0.0	9999.0	0.0	TRUE	T	1.7212928E-5	0.0	0.0033801354	0.9949693	51.048084	0.0138767725	0.9873277	1.0
SPIKE	S96:T>G	0	41015	0.0	9999.0	0.0	TRUE	T	1.719771E-4	1.0	4.134237E-4	0.9508592	551.16614	0.01280296	0.98145235	1.0
SPIKE	S96:T>C	0	41015	0.0	9999.0	0.0	TRUE	T	1.182613E-5	35.0	0.0025871694	0.99654096	95.864525	0.013894482	0.9789026	0.0
SPIKE	S97:C>T	1	41015	2.4381325E-5	20.89373	37.0	TRUE	C	3.528424E-6	10.0	0.0012189796	0.9989667	415.005	0.014489494	0.9805333	0.0
SPIKE	S97:C>A	1	41015	2.4381325E-5	19.768896	33.0	TRUE	C	4.571692E-6	10.0	0.0041373	0.9986614	35.75768	0.018828696	0.980208	0.0
SPIKE	S97:C>G	0	41015	0.0	9999.0	0.0	TRUE	C	7.193159E-5	1.0	0.0011812479	0.9791446	252.88979	0.011680041	0.98635566	1.0
SPIKE	S98:A>G	0	41015	0.0	9999.0	0.0	TRUE	A	5.7349025E-6	16.0	0.0029446373	0.99832106	116.44852	0.014744482	0.982551	0.0
SPIKE	S98:A>C	0	41015	0.0	9999.0	0.0	TRUE	A	1.39354015E-5	2.0	0.0040794965	0.99592525	26.998417	0.021256866	0.9670308	1.0
SPIKE	S98:A>T	0	41015	0.0	9999.0	0.0	TRUE	A	1.5845018E-5	2.0	0.0038398784	0.9953682	40.55103	0.016088087	0.98168063	1.0
SPIKE	S99:T>A	0	41015	0.0	9999.0	0.0	TRUE	T	1.7212928E-5	3.0	0.0033801354	0.9949693	51.048084	0.0138767725	0.9873277	1.0
SPIKE	S99:T>G	0	41015	0.0	9999.0	0.0	TRUE	T	1.719771E-4	2.0	4.134237E-4	0.9508592	551.16614	0.01280296	0.98145235	1.0
SPIKE	S99:T>C	0	41015	0.0	9999.0	0.0	TRUE	T	5.4062307E-6	16.0	0.0025871694	0.9984172	95.864525	0.013894482	0.9789026	0.0
SPIKE	S100:C>A	2	41015	4.876265E-5	34.9805	38.5	TRUE	C	7.771877E-6	17.0	0.0041373	0.9977254	35.75768	0.018828696	0.980208	0.0
SPIKE	S100:C>G	0	41015	0.0	9999.0	0.0	TRUE	C	7.193159E-5	1.0	0.0011812479	0.9791446	252.88979	0.011680041	0.98635566	1.0
SPIKE	S100:C>T	0	41015	0.0	9999.0	0.0	TRUE	C	2.9991605E-5	85.0	0.0012189796	0.99125093	415.005	0.014489494	0.9805333	0.0
SPIKE	S101:G>T	4	41015	9.75253E-5	36.10626	36.25	TRUE	G	7.5220996E-5	9.0	0.0012795407	0.9782013	233.18854	0.0132474	0.9813161	1.0
SPIKE	S101:G>A	0	41015	0.0	9999.0	0.0	TRUE	G	1.6244641E-5	35.0	0.0032212555	0.99525166	68.626526	0.019097919	0.9765565	0.0
SPIKE	S101:G>C	0	41015	0.0	9999.0	0.0	TRUE	G	7.0670285E-5	0.0	0.0010118859	0.9795065	249.65863	0.011621781	0.9850238	1.0
SPIKE	S102:T>C	1	41015	2.4381325E-5	19.942463	40.0	TRUE	T	4.3925625E-6	13.0	0.0025871694	0.9987138	95.864525	0.013894482	0.9789026	0.0
SPIKE	S102:T>A	0	41015	0.0	9999.0	0.0	TRUE	T	1.7212928E-5	0.0	0.0033801354	0.9949693	51.048084	0.0138767725	0.9873277	1.0
SPIKE	S102:T>G	0	41015	0.0	9999.0	0.0	TRUE	T	1.719771E-4	1.0	4.134237E-4	0.9508592	551.16614	0.01280296	0.98145235	1.0
SPIKE	S103:G>T	4	41015	9.75253E-5	36.10626	35.25	TRUE	G	7.5220996E-5	9.0	0.0012795407	0.9782013	233.18854	0.0132474	0.9813161	1.0
SPIKE	S103:G>A	0	41015	0.0	9999.0	0.0	TRUE	G	3.1851807E-5	3.0	0.0032212555	0.99071085	68.626526	0.019097919	0.9765565	1.0
SPIKE	S103:G>C	0	41015	0.0	9999.0	0.0	TRUE	G	7.0670285E-5	0.0	0.0010118859	0.9795065	249.65863	0.011621781	0.9850238	1.0
SPIKE	S104:G>A	0	41015	0.0	9999.0	0.0	TRUE	G	1.7172906E-5	37.0	0.0032212555	0.994981	68.626526	0.019097919	0.9765565	0.0
SPIKE	S104:G>C	0	41015	0.0	9999.0	0.0	TRUE	G	7.0670285E-5	1.0	0.0010118859	0.9795065	249.65863	0.011621781	0.9850238	1.0
SPIKE	S104:G>T	0	41015	0.0	9999.0	0.0	TRUE	G	4.838638E-6	15.0	0.0012795407	0.99858326	233.18854	0.0132474	0.9813161	0.0
SPIKE	S105:C>T	1	41015	2.4381325E-5	8.869198	40.0	TRUE	C	5.680763E-5	161.0	0.0012189796	0.98349315	415.005	0.014489494	0.9805333	0.0
SPIKE	S105:C>A	1	41015	2.4381325E-5	19.768896	39.0	TRUE	C	4.571692E-6	10.0	0.0041373	0.9986614	35.75768	0.018828696	0.980208	0.0
SPIKE	S105:C>G	0	41015	0.0	9999.0	0.0	TRUE	C	2.8443847E-6	10.0	0.0011812479	0.99916697	252.88979	0.011680041	0.98635566	0.0
SPIKE	S106:G>T	13	41015	3.1695722E-4	299.5022	36.846153	TRUE	G	6.451517E-6	20.0	0.0012795407	0.9981115	233.18854	0.0132474	0.9813161	0.0
SPIKE	S106:G>A	0	41015	0.0	9999.0	0.0	TRUE	G	1.8101171E-5	39.0	0.0032212555	0.9947104	68.626526	0.019097919	0.9765565	0.0
SPIKE	S106:G>C	0	41015	0.0	9999.0	0.0	TRUE	G	7.0670285E-5	0.0	0.0010118859	0.9795065	249.65863	0.011621781	0.9850238	1.0
SPIKE	S107:G>T	3	41015	7.314397E-5	65.64266	39.333332	TRUE	G	3.2257585E-6	10.0	0.0012795407	0.9990553	233.18854	0.0132474	0.9813161	0.0
SPIKE	S107:G>A	0	41015	0.0	9999.0	0.0	TRUE	G	1.4573763E-4	314.0	0.0032212555	0.9581977	68.626526	0.019097919	0.9765565	0.0
SPIKE	S107:G>C	0	41015	0.0	9999.0	0.0	TRUE	G	7.0670285E-5	5.0	0.0010118859	0.9795065	249.65863	0.011621781	0.9850238	1.0
SPIKE	S108:C>A	2	41015	4.876265E-5	28.5804	38.5	TRUE	C	1.6347309E-5	8.0	0.0041373	0.9952217	35.75768	0.018828696	0.980208	1.0
SPIKE	S108:C>G	0	41015	0.0	9999.0	0.0	TRUE	C	7.193159E-5	1.0	0.0011812479	0.9791446	252.88979	0.011680041	0.98635566	1.0
SPIKE	S108:C>T	0	41015	0.0	9999.0	0.0	TRUE	C	2.5757496E-5	73.0	0.0012189796	0.99248147	415.005	0.014489494	0.9805333	0.0
SPIKE	S109:A>G	0	41015	0.0	9999.0	0.0	TRUE	A	3.9427455E-6	11.0	0.0029446373	0.99884546	116.44852	0.014744482	0.982551	0.0
SPIKE	S109:A>C	0	41015	0.0	9999.0	0.0	TRUE	A	3.148553E-5	61.0	0.0040794965	0.9908172	26.998417	0.021256866	0.9670308	0.0
SPIKE	S109:A>T	0	41015	0.0	9999.0	0.0	TRUE	A	1.5845018E-5	6.0	0.0038398784	0.9953682	40.55103	0.016088087	0.98168063	1.0
SPIKE	S110:G>T	1	41015	2.4381325E-5	21.283188	37.0	TRUE	G	3.2257585E-6	10.0	0.0012795407	0.9990553	233.18854	0.0132474	0.9813161	0.0
SPIKE	S110:G>A	0	41015	0.0	9999.0	0.0	TRUE	G	9.746785E-6	21.0	0.0032212555	0.9971483	68.626526	0.019097919	0.9765565	0.0
SPIKE	S110:G>C	0	41015	0.0	9999.0	0.0	TRUE	G	7.0670285E-5	3.0	0.0010118859	0.9795065	249.65863	0.011621781	0.9850238	1.0
SPIKE	S111:C>T	2	41015	4.876265E-5	17.942991	38.5	TRUE	C	5.7513313E-5	163.0	0.0012189796	0.9832898	415.005	0.014489494	0.9805333	0.0
SPIKE	S111:C>A	6	41015	1.4628794E-4	123.45893	39.5	TRUE	C	6.400369E-6	14.0	0.0041373	0.99812645	35.75768	0.018828696	0.980208	0.0
SPIKE	S111:C>G	0	41015	0.0	9999.0	0.0	TRUE	C	7.193159E-5	2.0	0.0011812479	0.9791446	252.88979	0.011680041	0.98635566	1.0
SPIKE	S112:G>A	1	41015	2.4381325E-5	7.3104167	39.0	TRUE	G	8.215147E-5	177.0	0.0032212555	0.976217	68.626526	0.019097919	0.9765565	0.0
SPIKE	S112:G>C	0	41015	0.0	9999.0	0.0	TRUE	G	7.0670285E-5	4.0	0.0010118859	0.9795065	249.65863	0.011621781	0.9850238	1.0
SPIKE	S112:G>T	0	41015	0.0	9999.0	0.0	TRUE	G	3.5483345E-6	11.0	0.0012795407	0.99896085	233.18854	0.0132474	0.9813161	0.0
SPIKE	S113:T>A	0	41015	0.0	9999.0	0.0	TRUE	T	1.7212928E-5	2.0	0.0033801354	0.9949693	51.048084	0.0138767725	0.9873277	1.0
SPIKE	S113:T>G	0	41015	0.0	9999.0	0.0	TRUE	T	1.719771E-4	0.0	4.134237E-4	0.9508592	551.16614	0.01280296	0.98145235	1.0
SPIKE	S113:T>C	0	41015	0.0	9999.0	0.0	TRUE	T	7.433567E-6	22.0	0.0025871694	0.9978243	95.864525	0.013894482	0.9789026	0.0
SPIKE	S114:G>T	4	41015	9.75253E-5	81.80125	38.0	TRUE	G	5.1612137E-6	16.0	0.0012795407	0.9984889	233.18854	0.0132474	0.9813161	0.0
SPIKE	S114:G>A	0	41015	0.0	9999.0	0.0	TRUE	G	3.1851807E-5	2.0	0.0032212555	0.99071085	68.626526	0.019097919	0.9765565	1.0
SPIKE	S114:G>C	0	41015	0.0	9999.0	0.0	TRUE	G	7.0670285E-5	0.0	0.0010118859	0.9795065	249.65863	0.011621781	0.9850238	1.0
SPIKE	S115:A>G	0	41015	0.0	9999.0	0.0	TRUE	A	2.258118E-5	63.0	0.0029446373	0.9934056	116.44852	0.014744482	0.982551	0.0
SPIKE	S115:A>C	0	41015	0.0	9999.0	0.0	TRUE	A	1.39354015E-5	0.0	0.0040794965	0.99592525	26.998417	0.021256866	0.9670308	1.0
SPIKE	S115:A>T	0	41015	0.0	9999.0	0.0	TRUE	A	1.5845018E-5	1.0	0.0038398784	0.9953682	40.55103	0.016088087	0.98168063	1.0
SPIKE	S116:C>A	1	41015	2.4381325E-5	19.355036	40.0	TRUE	C	5.0288613E-6	11.0	0.0041373	0.99852765	35.75768	0.018828696	0.980208	0.0
SPIKE	S116:C>G	0	41015	0.0	9999.0	0.0	TRUE	C	7.193159E-5	1.0	0.0011812479	0.9791446	252.88979	0.011680041	0.98635566	1.0
SPIKE	S116:C>T	0	41015	0.0	9999.0	0.0	TRUE	C	1.4643137E-4	6.0	0.0012189796	0.958003	415.005	0.014489494	0.9805333	1.0
SPIKE	S117:C>A	0	41015	0.0	9999.0	0.0	TRUE	C	1.18864E-5	26.0	0.0041373	0.9965233	35.75768	0.018828696	0.980208	0.0
SPIKE	S117:C>G	0	41015	0.0	9999.0	0.0	TRUE	C	7.193159E-5	1.0	0.0011812479	0.9791446	252.88979	0.011680041	0.98635566	1.0
SPIKE	S117:C>T	0	41015	0.0	9999.0	0.0	TRUE	C	1.4643137E-4	4.0	0.0012189796	0.958003	415.005	0.014489494	0.9805333	1.0
SPIKE	S118:T>A	0	41015	0.0	9999.0	0.0	TRUE	T	5.057857E-6	15.0	0.0033801354	0.9985191	51.048084	0.0138767725	0.9873277	0.0
SPIKE	S118:T>G	0	41015	0.0	9999.0	0.0	TRUE	T	1.719771E-4	9.0	4.134237E-4	0.9508592	551.16614	0.01280296	0.98145235	1.0
SPIKE	S118:T>C	0	41015	0.0	9999.0	0.0	TRUE	T	2.2976481E-5	68.0	0.0025871694	0.9932905	95.864525	0.013894482	0.9789026	0.0
SPIKE	S119:A>G	0	41015	0.0	9999.0	0.0	TRUE	A	4.1738807E-5	5.0	0.0029446373	0.987845	116.44852	0.014744482	0.982551	1.0
SPIKE	S119:A>C	0	41015	0.0	9999.0	0.0	TRUE	A	1.39354015E-5	0.0	0.0040794965	0.99592525	26.998417	0.021256866	0.9670308	1.0
SPIKE	S119:A>T	0	41015	0.0	9999.0	0.0	TRUE	A	1.5845018E-5	3.0	0.0038398784	0.9953682	40.55103	0.016088087	0.98168063	1.0
SPIKE	S120:T>A	0	41015	0.0	9999.0	0.0	TRUE	T	1.7212928E-5	3.0	0.0033801354	0.9949693	51.048084	0.0138767725	0.9873277	1.0
SPIKE	S120:T>G	0	41015	0.0	9999.0	0.0	TRUE	T	1.719771E-4	1.0	4.134237E-4	0.9508592	551.16614	0.01280296	0.98145235	1.0
SPIKE	S120:T>C	0	41015	0.0	9999.0	0.0	TRUE	T	3.239161E-5	2.0	0.0025871694	0.99055415	95.864525	0.013894482	0.9789026	1.0
SPIKE	S121:G>A	0	41015	0.0	9999.0	0.0	TRUE	G	3.1851807E-5	4.0	0.0032212555	0.99071085	68.626526	0.019097919	0.9765565	1.0
SPIKE	S121:G>C	0	41015	0.0	9999.0	0.0	TRUE	G	7.0670285E-5	1.0	0.0010118859	0.9795065	249.65863	0.011621781	0.9850238	1.0
SPIKE	S121:G>T	0	41015	0.0	9999.0	0.0	TRUE	G	3.5483345E-6	11.0	0.0012795407	0.99896085	233.18854	0.0132474	0.9813161	0.0
SPIKE	S122:T>A	0	41015	0.0	9999.0	0.0	TRUE	T	1.7212928E-5	4.0	0.0033801354	0.9949693	51.048084	0.0138767725	0.9873277	1.0
SPIKE	S122:T>G	0	41015	0.0	9999.0	0.0	TRUE	T	1.719771E-4	2.0	4.134237E-4	0.9508592	551.16614	0.01280296	0.98145235	1.0
SPIKE	S122:T>C	0	41015	0.0	9999.0	0.0	TRUE	T	3.239161E-5	6.0	0.0025871694	0.99055415	95.864525	0.013894482	0.9789026	1.0
SPIKE	S123:G>T	1	41015	2.4381325E-5	21.283188	37.0	TRUE	G	3.2257585E-6	10.0	0.0012795407	0.9990553	233.18854	0.0132474	0.9813161	0.0
SPIKE	S123:G>A	0	41015	0.0	9999.0	0.0	TRUE	G	5.1054585E-6	11.0	0.0032212555	0.99850523	68.626526	0.019097919	0.9765565	0.0
SPIKE	S123:G>C	0	41015	0.0	9999.0	0.0	TRUE	G	7.0670285E-5	1.0	0.0010118859	0.9795065	249.65863	0.011621781	0.9850238	1.0
SPIKE	S124:T>A	0	41015	0.0	9999.0	0.0	TRUE	T	1.7212928E-5	7.0	0.0033801354	0.9949693	51.048084	0.0138767725	0.9873277	1.0
SPIKE	S124:T>G	0	41015	0.0	9999.0	0.0	TRUE	T	1.719771E-4	1.0	4.134237E-4	0.9508592	551.16614	0.01280296	0.98145235	1.0
SPIKE	S124:T>C	0	41015	0.0	9999.0	0.0	TRUE	T	1.3177687E-5	39.0	0.0025871694	0.9961464	95.864525	0.013894482	0.9789026	0.0
SPIKE	S125:G>T	1	41015	2.4381325E-5	18.273361	39.0	TRUE	G	6.451517E-6	20.0	0.0012795407	0.9981115	233.18854	0.0132474	0.9813161	0.0
SPIKE	S125:G>A	1	41015	2.4381325E-5	18.242287	39.0	TRUE	G	6.4978562E-6	14.0	0.0032212555	0.99809796	68.626526	0.019097919	0.9765565	0.0
SPIKE	S125:G>C	0	41015	0.0	9999.0	0.0	TRUE	G	7.0670285E-5	2.0	0.0010118859	0.9795065	249.65863	0.011621781	0.9850238	1.0
SPIKE	S126:C>T	4	41015	9.75253E-5	14.638037	38.25	TRUE	C	3.04503E-4	863.0	0.0012189796	0.9146449	415.005	0.014489494	0.9805333	0.0
SPIKE	S126:C>A	3	41015	7.314397E-5	52.12786	39.666668	TRUE	C	9.143384E-6	20.0	0.0041373	0.9973246	35.75768	0.018828696	0.980208	0.0
SPIKE	S126:C>G	0	41015	0.0	9999.0	0.0	TRUE	C	6.2576464E-6	22.0	0.0011812479	0.9981682	252.88979	0.011680041	0.98635566	0.0
SPIKE	S127:G>T	11	41015	2.6819456E-4	234.54866	36.454544	TRUE	G	8.386973E-6	26.0	0.0012795407	0.99754566	233.18854	0.0132474	0.9813161	0.0
SPIKE	S127:G>A	0	41015	0.0	9999.0	0.0	TRUE	G	1.949357E-5	42.0	0.0032212555	0.99430466	68.626526	0.019097919	0.9765565	0.0
SPIKE	S127:G>C	0	41015	0.0	9999.0	0.0	TRUE	G	7.0670285E-5	4.0	0.0010118859	0.9795065	249.65863	0.011621781	0.9850238	1.0
SPIKE	S128:G>A	2	41015	4.876265E-5	21.188086	36.5	TRUE	G	3.898714E-5	84.0	0.0032212555	0.98864174	68.626526	0.019097919	0.9765565	0.0
SPIKE	S128:G>T	1	41015	2.4381325E-5	21.283188	36.0	TRUE	G	3.2257585E-6	10.0	0.0012795407	0.9990553	233.18854	0.0132474	0.9813161	0.0
SPIKE	S128:G>C	0	41015	0.0	9999.0	0.0	TRUE	G	7.0670285E-5	1.0	0.0010118859	0.9795065	249.65863	0.011621781	0.9850238	1.0
SPIKE	S129:C>A	1	41015	2.4381325E-5	18.62968	38.0	TRUE	C	5.9432E-6	13.0	0.0041373	0.99826014	35.75768	0.018828696	0.980208	0.0
SPIKE	S129:C>T	1	41015	2.4381325E-5	13.57496	40.0	TRUE	C	1.905349E-5	54.0	0.0012189796	0.99443287	415.005	0.014489494	0.9805333	0.0
SPIKE	S129:C>G	0	41015	0.0	9999.0	0.0	TRUE	C	7.193159E-5	8.0	0.0011812479	0.9791446	252.88979	0.011680041	0.98635566	1.0
SPIKE	S130:G>T	4	41015	9.75253E-5	75.52412	37.25	TRUE	G	7.419245E-6	23.0	0.0012795407	0.99782854	233.18854	0.0132474	0.9813161	0.0
SPIKE	S130:G>A	0	41015	0.0	9999.0	0.0	TRUE	G	1.8565304E-5	40.0	0.0032212555	0.99457514	68.626526	0.019097919	0.9765565	0.0
SPIKE	S130:G>C	0	41015	0.0	9999.0	0.0	TRUE	G	7.0670285E-5	1.0	0.0010118859	0.9795065	249.65863	0.011621781	0.9850238	1.0
SPIKE	S131:G>A	1	41015	2.4381325E-5	4.9149475	40.0	TRUE	G	1.480583E-4	319.0	0.0032212555	0.9575464	68.626526	0.019097919	0.9765565	0.0
SPIKE	S131:G>C	0	41015	0.0	9999.0	0.0	TRUE	G	7.0670285E-5	3.0	0.0010118859	0.9795065	249.65863	0.011621781	0.9850238	1.0
SPIKE	S131:G>T	0	41015	0.0	9999.0	0.0	TRUE	G	3.5483345E-6	11.0	0.0012795407	0.99896085	233.18854	0.0132474	0.9813161	0.0
SPIKE	S132:C>A	4	41015	9.75253E-5	79.35992	38.0	TRUE	C	5.9432E-6	13.0	0.0041373	0.99826014	35.75768	0.018828696	0.980208	0.0
SPIKE	S132:C>G	0	41015	0.0	9999.0	0.0	TRUE	C	7.193159E-5	1.0	0.0011812479	0.9791446	252.88979	0.011680041	0.98635566	1.0
SPIKE	S132:C>T	0	41015	0.0	9999.0	0.0	TRUE	C	1.16438E-5	33.0	0.0012189796	0.9965942	415.005	0.014489494	0.9805333	0.0
SPIKE	S133:A>G	0	41015	0.0	9999.0	0.0	TRUE	A	4.1738807E-5	9.0	0.0029446373	0.987845	116.44852	0.014744482	0.982551	1.0
SPIKE	S133:A>C	0	41015	0.0	9999.0	0.0	TRUE	A	1.39354015E-5	3.0	0.0040794965	0.99592525	26.998417	0.021256866	0.9670308	1.0
SPIKE	S133:A>T	0	41015	0.0	9999.0	0.0	TRUE	A	1.5845018E-5	5.0	0.0038398784	0.9953682	40.55103	0.016088087	0.98168063	1.0
SPIKE	S134:G>T	1	41015	2.4381325E-5	7.680108	31.0	TRUE	G	7.5220996E-5	7.0	0.0012795407	0.9782013	233.18854	0.0132474	0.9813161	1.0
SPIKE	S134:G>A	0	41015	0.0	9999.0	0.0	TRUE	G	3.1851807E-5	9.0	0.0032212555	0.99071085	68.626526	0.019097919	0.9765565	1.0
SPIKE	S134:G>C	0	41015	0.0	9999.0	0.0	TRUE	G	7.0670285E-5	7.0	0.0010118859	0.9795065	249.65863	0.011621781	0.9850238	1.0
SPIKE	S135:C>T	2	41015	4.876265E-5	8.8206415	33.5	TRUE	C	1.8347806E-4	520.0	0.0012189796	0.9476604	415.005	0.014489494	0.9805333	0.0
SPIKE	S135:C>A	0	41015	0.0	9999.0	0.0	TRUE	C	1.2846456E-4	281.0	0.0041373	0.9630595	35.75768	0.018828696	0.980208	0.0
SPIKE	S135:C>G	0	41015	0.0	9999.0	0.0	TRUE	C	7.193159E-5	5.0	0.0011812479	0.9791446	252.88979	0.011680041	0.98635566	1.0
SPIKE	S136:C>A	1	41015	2.4381325E-5	6.3417215	35.0	TRUE	C	1.0377741E-4	227.0	0.0041373	0.9700509	35.75768	0.018828696	0.980208	0.0
SPIKE	S136:C>G	0	41015	0.0	9999.0	0.0	TRUE	C	7.193159E-5	6.0	0.0011812479	0.9791446	252.88979	0.011680041	0.98635566	1.0
SPIKE	S136:C>T	0	41015	0.0	9999.0	0.0	TRUE	C	2.9003646E-4	822.0	0.0012189796	0.91853005	415.005	0.014489494	0.9805333	0.0
SPIKE	I137:>T	1	41015	2.4381325E-5	9999.0	39.192806	TRUE		NaN	NaN	NaN	NaN	NaN	NaN	NaN	NaN
SPIKE	S137:T>A	0	41015	0.0	9999.0	0.0	TRUE	T	5.732238E-6	17.0	0.0033801354	0.9983219	51.048084	0.0138767725	0.9873277	0.0
SPIKE	S137:T>G	0	41015	0.0	9999.0	0.0	TRUE	T	5.897255E-5	189.0	4.134237E-4	0.98286945	551.16614	0.01280296	0.98145235	0.0
SPIKE	S137:T>C	0	41015	0.0	9999.0	0.0	TRUE	T	1.7840561E-4	528.0	0.0025871694	0.94906986	95.864525	0.013894482	0.9789026	0.0
SPIKE	S138:G>A	0	41015	0.0	9999.0	0.0	TRUE	G	3.898714E-5	84.0	0.0032212555	0.98864174	68.626526	0.019097919	0.9765565	0.0
SPIKE	S138:G>C	0	41015	0.0	9999.0	0.0	TRUE	G	4.5290826E-6	16.0	0.0010118859	0.99867386	249.65863	0.011621781	0.9850238	0.0
SPIKE	S138:G>T	0	41015	0.0	9999.0	0.0	TRUE	G	1.483849E-5	46.0	0.0012795407	0.99566174	233.18854	0.0132474	0.9813161	0.0
SPIKE	S139:A>G	0	41015	0.0	9999.0	0.0	TRUE	A	3.1900396E-5	89.0	0.0029446373	0.9906967	116.44852	0.014744482	0.982551	0.0
SPIKE	S139:A>C	0	41015	0.0	9999.0	0.0	TRUE	A	1.39354015E-5	5.0	0.0040794965	0.99592525	26.998417	0.021256866	0.9670308	1.0
SPIKE	S139:A>T	0	41015	0.0	9999.0	0.0	TRUE	A	1.2738211E-4	326.0	0.0038398784	0.96336496	40.55103	0.016088087	0.98168063	0.0
SPIKE	S140:T>A	0	41015	0.0	9999.0	0.0	TRUE	T	6.238024E-5	185.0	0.0033801354	0.9818886	51.048084	0.0138767725	0.9873277	0.0
SPIKE	S140:T>G	0	41015	0.0	9999.0	0.0	TRUE	T	2.308978E-5	74.0	4.134237E-4	0.9932575	551.16614	0.01280296	0.98145235	0.0
SPIKE	S140:T>C	0	41015	0.0	9999.0	0.0	TRUE	T	1.2501909E-5	37.0	0.0025871694	0.9963436	95.864525	0.013894482	0.9789026	0.0
SPIKE	S141:T>A	0	41015	0.0	9999.0	0.0	TRUE	T	4.0597733E-4	1204.0	0.0033801354	0.887851	51.048084	0.0138767725	0.9873277	0.0
SPIKE	S141:T>G	0	41015	0.0	9999.0	0.0	TRUE	T	5.7100402E-5	183.0	4.134237E-4	0.98340875	551.16614	0.01280296	0.98145235	0.0
SPIKE	S141:T>C	0	41015	0.0	9999.0	0.0	TRUE	T	1.3177687E-5	39.0	0.0025871694	0.9961464	95.864525	0.013894482	0.9789026	0.0
SPIKE	S142:A>G	0	41015	0.0	9999.0	0.0	TRUE	A	6.34782E-4	1771.0	0.0029446373	0.83028096	116.44852	0.014744482	0.982551	0.0
SPIKE	S142:A>C	0	41015	0.0	9999.0	0.0	TRUE	A	7.226188E-5	140.0	0.0040794965	0.97904986	26.998417	0.021256866	0.9670308	0.0
SPIKE	S142:A>T	0	41015	0.0	9999.0	0.0	TRUE	A	1.5395261E-4	394.0	0.0038398784	0.9558941	40.55103	0.016088087	0.98168063	0.0
SPIKE	S143:G>A	0	41015	0.0	9999.0	0.0	TRUE	G	2.0096941E-4	433.0	0.0032212555	0.9428161	68.626526	0.019097919	0.9765565	0.0
SPIKE	S143:G>C	0	41015	0.0	9999.0	0.0	TRUE	G	7.809837E-4	2759.0	0.0010118859	0.7954652	249.65863	0.011621781	0.9850238	0.0
SPIKE	S143:G>T	0	41015	0.0	9999.0	0.0	TRUE	G	1.2903034E-5	40.0	0.0012795407	0.99622655	233.18854	0.0132474	0.9813161	0.0
SPIKE	S144:C>A	0	41015	0.0	9999.0	0.0	TRUE	C	2.6058646E-5	57.0	0.0041373	0.9923939	35.75768	0.018828696	0.980208	0.0
SPIKE	S144:C>G	0	41015	0.0	9999.0	0.0	TRUE	C	1.7322303E-4	609.0	0.0011812479	0.9505121	252.88979	0.011680041	0.98635566	0.0
SPIKE	S144:C>T	0	41015	0.0	9999.0	0.0	TRUE	C	1.1855505E-4	336.0	0.0012189796	0.9658598	415.005	0.014489494	0.9805333	0.0
SPIKE	S145:C>A	0	41015	0.0	9999.0	0.0	TRUE	C	1.3715076E-5	30.0	0.0041373	0.99598956	35.75768	0.018828696	0.980208	0.0
SPIKE	S145:C>G	0	41015	0.0	9999.0	0.0	TRUE	C	9.9269026E-5	349.0	0.0011812479	0.9713331	252.88979	0.011680041	0.98635566	0.0
SPIKE	S145:C>T	0	41015	0.0	9999.0	0.0	TRUE	C	1.1714368E-4	332.0	0.0012189796	0.96625924	415.005	0.014489494	0.9805333	0.0
SPIKE	S146:C>A	0	41015	0.0	9999.0	0.0	TRUE	C	1.4629415E-5	32.0	0.0041373	0.9957228	35.75768	0.018828696	0.980208	0.0
SPIKE	S146:C>G	0	41015	0.0	9999.0	0.0	TRUE	C	0.001246125	4381.0	0.0011812479	0.69411707	252.88979	0.011680041	0.98635566	0.0
SPIKE	S146:C>T	0	41015	0.0	9999.0	0.0	TRUE	C	1.8594795E-4	527.0	0.0012189796	0.9469749	415.005	0.014489494	0.9805333	0.0
SPIKE	S147:G>A	0	41015	0.0	9999.0	0.0	TRUE	G	3.016862E-5	65.0	0.0032212555	0.99119955	68.626526	0.019097919	0.9765565	0.0
SPIKE	S147:G>C	0	41015	0.0	9999.0	0.0	TRUE	G	3.1363897E-4	1108.0	0.0010118859	0.9121998	249.65863	0.011621781	0.9850238	0.0
SPIKE	S147:G>T	0	41015	0.0	9999.0	0.0	TRUE	G	0.0015770734	4889.0	0.0012795407	0.6299704	233.18854	0.0132474	0.9813161	0.0
SPIKE	S148:T>A	0	41015	0.0	9999.0	0.0	TRUE	T	1.7212928E-5	2.0	0.0033801354	0.9949693	51.048084	0.0138767725	0.9873277	1.0
SPIKE	S148:T>G	0	41015	0.0	9999.0	0.0	TRUE	T	0.0025857433	8287.0	4.134237E-4	0.46877947	551.16614	0.01280296	0.98145235	0.0
SPIKE	S148:T>C	0	41015	0.0	9999.0	0.0	TRUE	T	1.3346632E-4	395.0	0.0025871694	0.9616491	95.864525	0.013894482	0.9789026	0.0
SPIKE	S149:G>A	0	41015	0.0	9999.0	0.0	TRUE	G	7.890254E-6	17.0	0.0032212555	0.9976908	68.626526	0.019097919	0.9765565	0.0
SPIKE	S149:G>C	0	41015	0.0	9999.0	0.0	TRUE	G	0.0016533983	5841.0	0.0010118859	0.61603856	249.65863	0.011621781	0.9850238	0.0
SPIKE	S149:G>T	0	41015	0.0	9999.0	0.0	TRUE	G	6.325713E-4	1961.0	0.0012795407	0.83081895	233.18854	0.0132474	0.9813161	0.0
SPIKE	S150:C>A	0	41015	0.0	9999.0	0.0	TRUE	C	2.1486954E-5	47.0	0.0041373	0.9937241	35.75768	0.018828696	0.980208	0.0
SPIKE	S150:C>G	0	41015	0.0	9999.0	0.0	TRUE	C	7.110962E-4	2500.0	0.0011812479	0.81192183	252.88979	0.011680041	0.98635566	0.0
SPIKE	S150:C>T	0	41015	0.0	9999.0	0.0	TRUE	C	0.0025055339	7101.0	0.0012189796	0.4799269	415.005	0.014489494	0.9805333	0.0
SPIKE	S151:T>A	0	41014	0.0	9999.0	0.0	TRUE	T	1.7212928E-5	3.0	0.0033801354	0.9949693	51.04684	0.0138767725	0.9873277	1.0
SPIKE	S151:T>G	0	41014	0.0	9999.0	0.0	TRUE	T	0.0026909611	8624.0	4.134237E-4	0.45454806	551.1527	0.01280296	0.98145235	0.0
SPIKE	S151:T>C	0	41014	0.0	9999.0	0.0	TRUE	T	5.271203E-4	1560.0	0.0025871694	0.85688955	95.86219	0.013894482	0.9789026	0.0
SPIKE	S152:G>A	0	41007	0.0	9999.0	0.0	TRUE	G	6.963347E-6	15.0	0.0032212555	0.9979618	68.61314	0.019097919	0.9765565	0.0
SPIKE	S152:G>C	0	41007	0.0	9999.0	0.0	TRUE	G	8.210564E-6	29.0	0.0010118859	0.9975972	249.60994	0.011621781	0.9850238	0.0
SPIKE	S152:G>T	0	41007	0.0	9999.0	0.0	TRUE	G	5.723612E-4	1774.0	0.0012795407	0.8456059	233.14305	0.0132474	0.9813161	0.0
SPIKE	S153:G>A	0	40971	0.0	9999.0	0.0	TRUE	G	1.1151145E-5	24.0	0.0032212555	0.996738	68.5529	0.019097919	0.9765565	0.0
SPIKE	S153:G>C	0	40971	0.0	9999.0	0.0	TRUE	G	4.250575E-6	15.0	0.0010118859	0.99875534	249.39081	0.011621781	0.9850238	0.0
SPIKE	S153:G>T	0	40971	0.0	9999.0	0.0	TRUE	G	5.4896786E-6	17.0	0.0012795407	0.9983928	232.93837	0.0132474	0.9813161	0.0
