#pipeline_block
reference	mutation	count	coverage	freq	score	cqs	has.reference	ancestral.allele	error.rate	minor.count.local	minor.fdr	minor.recall	minor.count.global	read.fraction.in.minors	q.filtered.read.fraction	global.est
SPIKE	S0:T>A	0	53360	0.0	9999.0	0.0	TRUE	T	2.6046146E-5	6.0	0.0016593535	0.99553007	60.808075	0.022893874	0.9883716	1.0
SPIKE	S0:T>G	0	53360	0.0	9999.0	0.0	TRUE	T	2.0526821E-4	4.0	3.7155068E-4	0.96530986	540.32874	0.020278735	0.98159426	1.0
SPIKE	S0:T>C	0	53360	0.0	9999.0	0.0	TRUE	T	5.590885E-5	92.0	0.0019066753	0.99042976	125.59417	0.03248908	0.9725495	0.0
SPIKE	S1:A>G	0	53394	0.0	9999.0	0.0	TRUE	A	7.360463E-5	134.0	0.0018771337	0.9874198	184.72423	0.029383855	0.9780619	0.0
SPIKE	S1:A>C	0	53394	0.0	9999.0	0.0	TRUE	A	1.5471634E-4	197.0	0.0024881687	0.97373974	25.927567	0.042038225	0.9381352	0.0
SPIKE	S1:A>T	0	53394	0.0	9999.0	0.0	TRUE	A	5.510334E-6	11.0	0.002159943	0.99905264	43.328312	0.026805058	0.98517364	0.0
SPIKE	S2:G>A	0	53435	0.0	9999.0	0.0	TRUE	G	6.963144E-5	126.0	0.0024465993	0.9880948	152.82025	0.029602233	0.97613543	0.0
SPIKE	S2:G>C	0	53435	0.0	9999.0	0.0	TRUE	G	8.704071E-5	1.0	6.961965E-4	0.9851405	237.25096	0.019617457	0.9855698	1.0
SPIKE	S2:G>T	0	53435	0.0	9999.0	0.0	TRUE	G	7.604444E-5	6.0	8.5042143E-4	0.98700553	197.30928	0.020611767	0.98308563	1.0
SPIKE	S3:C>A	0	53478	0.0	9999.0	0.0	TRUE	C	5.418213E-6	2.0	0.009973876	0.9990685	4.638906	0.063091226	0.97421694	1.0
SPIKE	S3:C>G	0	53478	0.0	9999.0	0.0	TRUE	C	3.6338474E-6	10.0	8.309897E-4	0.99937516	228.5878	0.01944925	0.9874229	0.0
SPIKE	S3:C>T	0	53478	0.0	9999.0	0.0	TRUE	C	1.00183875E-4	221.0	0.0013589453	0.982916	332.05893	0.024275674	0.98299015	0.0
SPIKE	S4:G>A	13	53524	2.428817E-4	143.22939	40.0	TRUE	G	8.110159E-5	147.0	0.0024465993	0.98614734	153.07478	0.029602233	0.97613543	0.0
SPIKE	S4:G>C	1	53524	1.8683208E-5	5.9729023	40.0	TRUE	G	8.704071E-5	9.0	6.961965E-4	0.9851405	237.64613	0.019617457	0.9855698	1.0
SPIKE	S4:G>T	0	53524	0.0	9999.0	0.0	TRUE	G	7.604444E-5	3.0	8.5042143E-4	0.98700553	197.63791	0.020611767	0.98308563	1.0
SPIKE	S5:T>A	4	53565	7.467563E-5	49.39213	36.0	TRUE	T	2.6046146E-5	0.0	0.0016593535	0.99553007	61.04169	0.022893874	0.9883716	1.0
SPIKE	S5:T>C	6	53565	1.1201344E-4	51.939507	38.666668	TRUE	T	8.051543E-5	133.0	0.0019066753	0.9862468	126.076675	0.03248908	0.9725495	0.0
SPIKE	S5:T>G	0	53565	0.0	9999.0	0.0	TRUE	T	4.541294E-6	12.0	3.7155068E-4	0.9992192	542.4046	0.020278735	0.98159426	0.0
SPIKE	S6:G>A	17	53582	3.1727072E-4	260.4254	37.52941	TRUE	G	3.692466E-5	67.0	0.0024465993	0.9936691	153.24066	0.029602233	0.97613543	0.0
SPIKE	S6:G>T	1	53582	1.8662984E-5	18.947855	40.0	TRUE	G	4.2278493E-6	11.0	8.5042143E-4	0.99927306	197.85208	0.020611767	0.98308563	0.0
SPIKE	S6:G>C	0	53582	0.0	9999.0	0.0	TRUE	G	8.704071E-5	0.0	6.961965E-4	0.9851405	237.90364	0.019617457	0.9855698	1.0
SPIKE	S7:A>C	2	53601	3.7312737E-5	29.720455	39.5	TRUE	A	1.0952608E-5	14.0	0.0024881687	0.9981179	26.028084	0.042038225	0.9381352	0.0
SPIKE	D7-8:A>	51	53601	9.5147477E-4	9999.0	39.839985	TRUE		NaN	NaN	NaN	NaN	NaN	NaN	NaN	NaN
SPIKE	I7:>A	1	53601	1.8656368E-5	9999.0	39.839985	TRUE		NaN	NaN	NaN	NaN	NaN	NaN	NaN	NaN
SPIKE	S7:A>G	0	53601	0.0	9999.0	0.0	TRUE	A	2.7905517E-5	51.0	0.0018771337	0.9952118	185.44037	0.029383855	0.9780619	0.0
SPIKE	S7:A>T	0	53601	0.0	9999.0	0.0	TRUE	A	2.170486E-5	3.0	0.002159943	0.9962737	43.49629	0.026805058	0.98517364	1.0
SPIKE	S8:A>C	5	53608	9.3269664E-5	69.69825	40.0	TRUE	A	2.036253E-5	6.0	0.0024881687	0.9965038	26.031483	0.042038225	0.9381352	1.0
SPIKE	S8:A>G	0	53608	0.0	9999.0	0.0	TRUE	A	4.431474E-5	81.0	0.0018771337	0.99240685	185.46458	0.029383855	0.9780619	0.0
SPIKE	S8:A>T	0	53608	0.0	9999.0	0.0	TRUE	A	2.170486E-5	2.0	0.002159943	0.9962737	43.50197	0.026805058	0.98517364	1.0
SPIKE	D9-11:GA>	2	53610	3.7306472E-5	9999.0	39.931934	TRUE		NaN	NaN	NaN	NaN	NaN	NaN	NaN	NaN
SPIKE	S9:G>A	16	53610	2.9845178E-4	224.52078	39.3125	TRUE	G	4.737108E-5	86.0	0.0024465993	0.9918853	153.32074	0.029602233	0.97613543	0.0
SPIKE	D9-10:G>	16	53610	2.9845178E-4	9999.0	39.931934	TRUE		NaN	NaN	NaN	NaN	NaN	NaN	NaN	NaN
SPIKE	S9:G>C	0	53610	0.0	9999.0	0.0	TRUE	G	8.704071E-5	0.0	6.961965E-4	0.9851405	238.02797	0.019617457	0.9855698	1.0
SPIKE	S9:G>T	0	53610	0.0	9999.0	0.0	TRUE	G	7.604444E-5	1.0	8.5042143E-4	0.98700553	197.95547	0.020611767	0.98308563	1.0
SPIKE	S10:A>G	2	53610	3.7306472E-5	11.648119	40.0	TRUE	A	9.628522E-5	176.0	0.0018771337	0.98357534	185.47151	0.029383855	0.9780619	0.0
SPIKE	S10:A>C	3	53610	5.595971E-5	38.38339	39.666668	TRUE	A	2.036253E-5	6.0	0.0024881687	0.9965038	26.032454	0.042038225	0.9381352	1.0
SPIKE	D10-11:A>	17	53610	3.17105E-4	9999.0	39.90763	TRUE		NaN	NaN	NaN	NaN	NaN	NaN	NaN	NaN
SPIKE	D10-12:AC>	1	53610	1.8653236E-5	9999.0	39.90763	TRUE		NaN	NaN	NaN	NaN	NaN	NaN	NaN	NaN
SPIKE	S10:A>T	0	53610	0.0	9999.0	0.0	TRUE	A	2.170486E-5	3.0	0.002159943	0.9962737	43.50359	0.026805058	0.98517364	1.0
SPIKE	S11:C>G	1	53610	1.8653236E-5	6.156797	40.0	TRUE	C	8.3065315E-5	1.0	8.309897E-4	0.98581433	229.15202	0.01944925	0.9874229	1.0
SPIKE	S11:C>T	10	53610	1.8653236E-4	103.15309	39.6	TRUE	C	7.777918E-5	172.0	0.0013589453	0.9867111	332.87857	0.024275674	0.98299015	0.0
SPIKE	D11-12:C>	16	53610	2.9845178E-4	9999.0	39.797127	TRUE		NaN	NaN	NaN	NaN	NaN	NaN	NaN	NaN
SPIKE	S11:C>A	0	53610	0.0	9999.0	0.0	TRUE	C	5.418213E-6	9.0	0.009973876	0.9990685	4.6503563	0.063091226	0.97421694	1.0
SPIKE	D12-14:GA>	2	53610	3.7306472E-5	9999.0	39.880676	TRUE		NaN	NaN	NaN	NaN	NaN	NaN	NaN	NaN
SPIKE	I12:>G	1	53610	1.8653236E-5	9999.0	39.880676	TRUE		NaN	NaN	NaN	NaN	NaN	NaN	NaN	NaN
SPIKE	S12:G>A	25	53610	4.663309E-4	383.8082	39.96	TRUE	G	5.1226863E-5	93.0	0.0024465993	0.9912277	153.32074	0.029602233	0.97613543	0.0
SPIKE	S12:G>C	1	53610	1.8653236E-5	5.9663796	40.0	TRUE	G	8.704071E-5	9.0	6.961965E-4	0.9851405	238.02797	0.019617457	0.9855698	1.0
SPIKE	D12-13:G>	16	53610	2.9845178E-4	9999.0	39.880676	TRUE		NaN	NaN	NaN	NaN	NaN	NaN	NaN	NaN
SPIKE	S12:G>T	0	53610	0.0	9999.0	0.0	TRUE	G	7.604444E-5	0.0	8.5042143E-4	0.98700553	197.95547	0.020611767	0.98308563	1.0
SPIKE	D13-14:A>	11	53610	2.051856E-4	9999.0	39.79418	TRUE		NaN	NaN	NaN	NaN	NaN	NaN	NaN	NaN
SPIKE	S13:A>G	0	53610	0.0	9999.0	0.0	TRUE	A	2.1226515E-4	388.0	0.0018771337	0.9641488	185.47151	0.029383855	0.9780619	0.0
SPIKE	S13:A>C	0	53610	0.0	9999.0	0.0	TRUE	A	1.0168572E-5	13.0	0.0024881687	0.9982525	26.032454	0.042038225	0.9381352	0.0
SPIKE	S13:A>T	0	53610	0.0	9999.0	0.0	TRUE	A	7.4838167E-6	15.0	0.002159943	0.9987136	43.50359	0.026805058	0.98517364	0.0
SPIKE	S14:C>G	1	53610	1.8653236E-5	6.156797	40.0	TRUE	C	8.3065315E-5	2.0	8.309897E-4	0.98581433	229.15202	0.01944925	0.9874229	1.0
SPIKE	S14:C>T	13	53610	2.4249207E-4	180.71631	39.923077	TRUE	C	4.115061E-5	91.0	0.0013589453	0.9929471	332.87857	0.024275674	0.98299015	0.0
SPIKE	D14-15:C>	13	53610	2.4249207E-4	9999.0	39.88241	TRUE		NaN	NaN	NaN	NaN	NaN	NaN	NaN	NaN
SPIKE	I14:>C	1	53610	1.8653236E-5	9999.0	39.88241	TRUE		NaN	NaN	NaN	NaN	NaN	NaN	NaN	NaN
SPIKE	D14-16:CA>	3	53610	5.595971E-5	9999.0	39.88241	TRUE		NaN	NaN	NaN	NaN	NaN	NaN	NaN	NaN
SPIKE	S14:C>A	0	53610	0.0	9999.0	0.0	TRUE	C	5.418213E-6	9.0	0.009973876	0.9990685	4.6503563	0.063091226	0.97421694	1.0
SPIKE	S15:A>G	1	53610	1.8653236E-5	7.7281175	40.0	TRUE	A	5.6895813E-5	104.0	0.0018771337	0.9902617	185.47151	0.029383855	0.9780619	0.0
SPIKE	S15:A>C	5	53610	9.326618E-5	81.51764	39.6	TRUE	A	1.1732967E-5	15.0	0.0024881687	0.997984	26.032454	0.042038225	0.9381352	0.0
SPIKE	D15-16:A>	18	53610	3.3575826E-4	9999.0	39.880936	TRUE		NaN	NaN	NaN	NaN	NaN	NaN	NaN	NaN
SPIKE	S15:A>T	0	53610	0.0	9999.0	0.0	TRUE	A	2.170486E-5	2.0	0.002159943	0.9962737	43.50359	0.026805058	0.98517364	1.0
SPIKE	S16:G>A	16	53610	2.9845178E-4	210.92429	40.0	TRUE	G	5.783678E-5	105.0	0.0024465993	0.9901014	153.32074	0.029602233	0.97613543	0.0
SPIKE	S16:G>T	2	53610	3.7306472E-5	13.498223	35.5	TRUE	G	7.604444E-5	0.0	8.5042143E-4	0.98700553	197.95547	0.020611767	0.98308563	1.0
SPIKE	D16-17:G>	15	53610	2.7979855E-4	9999.0	39.926414	TRUE		NaN	NaN	NaN	NaN	NaN	NaN	NaN	NaN
SPIKE	S16:G>C	0	53610	0.0	9999.0	0.0	TRUE	G	8.704071E-5	0.0	6.961965E-4	0.9851405	238.02797	0.019617457	0.9855698	1.0
SPIKE	S17:A>T	1	53610	1.8653236E-5	11.852385	39.0	TRUE	A	2.170486E-5	7.0	0.002159943	0.9962737	43.50359	0.026805058	0.98517364	1.0
SPIKE	S17:A>C	3	53610	5.595971E-5	38.38339	39.333332	TRUE	A	2.036253E-5	6.0	0.0024881687	0.9965038	26.032454	0.042038225	0.9381352	1.0
SPIKE	D17-18:A>	14	53610	2.611453E-4	9999.0	39.897575	TRUE		NaN	NaN	NaN	NaN	NaN	NaN	NaN	NaN
SPIKE	S17:A>G	0	53610	0.0	9999.0	0.0	TRUE	A	1.3293925E-4	243.0	0.0018771337	0.97739387	185.47151	0.029383855	0.9780619	0.0
SPIKE	S18:A>G	1	53610	1.8653236E-5	6.1793313	40.0	TRUE	A	8.260835E-5	151.0	0.0018771337	0.9858918	185.47151	0.029383855	0.9780619	0.0
SPIKE	S18:A>C	7	53610	1.3057265E-4	104.190384	39.57143	TRUE	A	2.036253E-5	1.0	0.0024881687	0.9965038	26.032454	0.042038225	0.9381352	1.0
SPIKE	S18:A>T	0	53610	0.0	9999.0	0.0	TRUE	A	2.170486E-5	3.0	0.002159943	0.9962737	43.50359	0.026805058	0.98517364	1.0
SPIKE	S19:C>T	1	53610	1.8653236E-5	7.8926516	40.0	TRUE	C	5.4716747E-5	121.0	0.0013589453	0.9906329	332.87857	0.024275674	0.98299015	0.0
SPIKE	S19:C>A	0	53610	0.0	9999.0	0.0	TRUE	C	5.418213E-6	6.0	0.009973876	0.9990685	4.6503563	0.063091226	0.97421694	1.0
SPIKE	S19:C>G	0	53610	0.0	9999.0	0.0	TRUE	C	8.3065315E-5	0.0	8.309897E-4	0.98581433	229.15202	0.01944925	0.9874229	1.0
SPIKE	S20:C>G	3	53610	5.595971E-5	20.908398	39.666668	TRUE	C	8.3065315E-5	0.0	8.309897E-4	0.98581433	229.15202	0.01944925	0.9874229	1.0
SPIKE	S20:C>T	8	53610	1.4922589E-4	99.46165	39.875	TRUE	C	3.9794E-5	88.0	0.0013589453	0.9931788	332.87857	0.024275674	0.98299015	0.0
SPIKE	S20:C>A	0	53610	0.0	9999.0	0.0	TRUE	C	5.418213E-6	2.0	0.009973876	0.9990685	4.6503563	0.063091226	0.97421694	1.0
SPIKE	S21:A>C	2	53610	3.7306472E-5	24.417334	40.0	TRUE	A	2.036253E-5	9.0	0.0024881687	0.9965038	26.032454	0.042038225	0.9381352	1.0
SPIKE	S21:A>G	0	53610	0.0	9999.0	0.0	TRUE	A	1.0941503E-4	200.0	0.0018771337	0.9813566	185.47151	0.029383855	0.9780619	0.0
SPIKE	S21:A>T	0	53610	0.0	9999.0	0.0	TRUE	A	2.170486E-5	4.0	0.002159943	0.9962737	43.50359	0.026805058	0.98517364	1.0
SPIKE	S22:A>C	53608	53610	0.9999627	Infinity	39.99308	TRUE	C	2.036253E-5	0.0	0.0024881687	0.9965038	26.032454	0.042038225	0.9381352	1.0
SPIKE	S22:A>G	0	53610	0.0	9999.0	0.0	TRUE	C	1.0146685E-4	0.0	0.0018771337	0.9826991	185.47151	0.029383855	0.9780619	1.0
SPIKE	S22:A>T	0	53610	0.0	9999.0	0.0	TRUE	C	2.170486E-5	0.0	0.002159943	0.9962737	43.50359	0.026805058	0.98517364	1.0
SPIKE	S23:A>T	53608	53610	0.9999627	Infinity	39.993042	TRUE	T	2.170486E-5	0.0	0.002159943	0.9962737	43.50359	0.026805058	0.98517364	1.0
SPIKE	S23:A>G	0	53610	0.0	9999.0	0.0	TRUE	T	1.0146685E-4	0.0	0.0018771337	0.9826991	185.47151	0.029383855	0.9780619	1.0
SPIKE	S23:A>C	0	53610	0.0	9999.0	0.0	TRUE	T	2.036253E-5	7.0	0.0024881687	0.9965038	26.032454	0.042038225	0.9381352	1.0
SPIKE	S24:A>C	53608	53610	0.9999627	Infinity	39.993042	TRUE	C	2.036253E-5	0.0	0.0024881687	0.9965038	26.032454	0.042038225	0.9381352	1.0
SPIKE	S24:A>G	0	53610	0.0	9999.0	0.0	TRUE	C	1.0146685E-4	0.0	0.0018771337	0.9826991	185.47151	0.029383855	0.9780619	1.0
SPIKE	S24:A>T	0	53610	0.0	9999.0	0.0	TRUE	C	2.170486E-5	6.0	0.002159943	0.9962737	43.50359	0.026805058	0.98517364	1.0
SPIKE	S25:A>G	0	53610	0.0	9999.0	0.0	TRUE	A	1.0146685E-4	0.0	0.0018771337	0.9826991	185.47151	0.029383855	0.9780619	1.0
SPIKE	S25:A>C	0	53610	0.0	9999.0	0.0	TRUE	A	2.036253E-5	6.0	0.0024881687	0.9965038	26.032454	0.042038225	0.9381352	1.0
SPIKE	S25:A>T	0	53610	0.0	9999.0	0.0	TRUE	A	2.170486E-5	1.0	0.002159943	0.9962737	43.50359	0.026805058	0.98517364	1.0
SPIKE	S26:T>A	0	53610	0.0	9999.0	0.0	TRUE	T	2.6046146E-5	8.0	0.0016593535	0.99553007	61.09297	0.022893874	0.9883716	1.0
SPIKE	S26:T>G	0	53610	0.0	9999.0	0.0	TRUE	T	2.0526821E-4	6.0	3.7155068E-4	0.96530986	542.8603	0.020278735	0.98159426	1.0
SPIKE	S26:T>C	0	53610	0.0	9999.0	0.0	TRUE	T	6.835042E-5	113.0	0.0019066753	0.98831254	126.182594	0.03248908	0.9725495	0.0
SPIKE	S27:G>A	2	53610	3.7306472E-5	19.03906	39.5	TRUE	G	3.8557853E-5	70.0	0.0024465993	0.99338996	153.32074	0.029602233	0.97613543	0.0
SPIKE	S27:G>C	0	53610	0.0	9999.0	0.0	TRUE	G	8.704071E-5	0.0	6.961965E-4	0.9851405	238.02797	0.019617457	0.9855698	1.0
SPIKE	S27:G>T	0	53610	0.0	9999.0	0.0	TRUE	G	7.604444E-5	7.0	8.5042143E-4	0.98700553	197.95547	0.020611767	0.98308563	1.0
SPIKE	S28:G>A	3	53610	5.595971E-5	25.881739	40.0	TRUE	G	5.5082648E-5	100.0	0.0024465993	0.99057055	153.32074	0.029602233	0.97613543	0.0
SPIKE	S28:G>C	0	53610	0.0	9999.0	0.0	TRUE	G	8.704071E-5	0.0	6.961965E-4	0.9851405	238.02797	0.019617457	0.9855698	1.0
SPIKE	S28:G>T	0	53610	0.0	9999.0	0.0	TRUE	G	7.604444E-5	1.0	8.5042143E-4	0.98700553	197.95547	0.020611767	0.98308563	1.0
SPIKE	S29:G>A	4	53610	7.4612944E-5	38.57042	40.0	TRUE	G	4.9574384E-5	90.0	0.0024465993	0.99150944	153.32074	0.029602233	0.97613543	0.0
SPIKE	S29:G>C	0	53610	0.0	9999.0	0.0	TRUE	G	8.704071E-5	1.0	6.961965E-4	0.9851405	238.02797	0.019617457	0.9855698	1.0
SPIKE	S29:G>T	0	53610	0.0	9999.0	0.0	TRUE	G	7.604444E-5	3.0	8.5042143E-4	0.98700553	197.95547	0.020611767	0.98308563	1.0
SPIKE	S30:A>G	0	53610	0.0	9999.0	0.0	TRUE	A	7.8231744E-5	143.0	0.0018771337	0.98663425	185.47151	0.029383855	0.9780619	0.0
SPIKE	S30:A>C	0	53610	0.0	9999.0	0.0	TRUE	A	2.036253E-5	2.0	0.0024881687	0.9965038	26.032454	0.042038225	0.9381352	1.0
SPIKE	S30:A>T	0	53610	0.0	9999.0	0.0	TRUE	A	2.170486E-5	1.0	0.002159943	0.9962737	43.50359	0.026805058	0.98517364	1.0
SPIKE	S31:T>A	0	53610	0.0	9999.0	0.0	TRUE	T	2.6046146E-5	1.0	0.0016593535	0.99553007	61.09297	0.022893874	0.9883716	1.0
SPIKE	S31:T>G	0	53610	0.0	9999.0	0.0	TRUE	T	2.0526821E-4	2.0	3.7155068E-4	0.96530986	542.8603	0.020278735	0.98159426	1.0
SPIKE	S31:T>C	0	53610	0.0	9999.0	0.0	TRUE	T	5.9882226E-5	99.0	0.0019066753	0.9897531	126.182594	0.03248908	0.9725495	0.0
SPIKE	S32:C>T	1	53610	1.8653236E-5	9.393604	40.0	TRUE	C	3.8437385E-5	85.0	0.0013589453	0.9934106	332.87857	0.024275674	0.98299015	0.0
SPIKE	S32:C>A	1	53610	1.8653236E-5	17.868517	39.0	TRUE	C	5.418213E-6	1.0	0.009973876	0.9990685	4.6503563	0.063091226	0.97421694	1.0
SPIKE	S32:C>G	0	53610	0.0	9999.0	0.0	TRUE	C	8.3065315E-5	1.0	8.309897E-4	0.98581433	229.15202	0.01944925	0.9874229	1.0
SPIKE	S33:C>T	4	53610	7.4612944E-5	44.916355	40.0	TRUE	C	3.3915338E-5	75.0	0.0013589453	0.99418354	332.87857	0.024275674	0.98299015	0.0
SPIKE	S33:C>A	0	53610	0.0	9999.0	0.0	TRUE	C	5.418213E-6	0.0	0.009973876	0.9990685	4.6503563	0.063091226	0.97421694	1.0
SPIKE	S33:C>G	0	53610	0.0	9999.0	0.0	TRUE	C	8.3065315E-5	0.0	8.309897E-4	0.98581433	229.15202	0.01944925	0.9874229	1.0
SPIKE	S34:A>G	0	53610	0.0	9999.0	0.0	TRUE	A	1.8053479E-5	33.0	0.0018771337	0.9968996	185.47151	0.029383855	0.9780619	0.0
SPIKE	S34:A>C	0	53610	0.0	9999.0	0.0	TRUE	A	2.036253E-5	4.0	0.0024881687	0.9965038	26.032454	0.042038225	0.9381352	1.0
SPIKE	S34:A>T	0	53610	0.0	9999.0	0.0	TRUE	A	2.170486E-5	0.0	0.002159943	0.9962737	43.50359	0.026805058	0.98517364	1.0
SPIKE	S35:T>C	1	53610	1.8653236E-5	6.642985	40.0	TRUE	T	7.379426E-5	122.0	0.0019066753	0.9873876	126.182594	0.03248908	0.9725495	0.0
SPIKE	S35:T>A	0	53610	0.0	9999.0	0.0	TRUE	T	2.6046146E-5	2.0	0.0016593535	0.99553007	61.09297	0.022893874	0.9883716	1.0
SPIKE	S35:T>G	0	53610	0.0	9999.0	0.0	TRUE	T	2.0526821E-4	9.0	3.7155068E-4	0.96530986	542.8603	0.020278735	0.98159426	1.0
SPIKE	S36:T>A	0	53610	0.0	9999.0	0.0	TRUE	T	2.6046146E-5	1.0	0.0016593535	0.99553007	61.09297	0.022893874	0.9883716	1.0
SPIKE	S36:T>G	0	53610	0.0	9999.0	0.0	TRUE	T	2.0526821E-4	0.0	3.7155068E-4	0.96530986	542.8603	0.020278735	0.98159426	1.0
SPIKE	S36:T>C	0	53610	0.0	9999.0	0.0	TRUE	T	6.653581E-6	11.0	0.0019066753	0.99885625	126.182594	0.03248908	0.9725495	0.0
SPIKE	S37:A>G	1	53610	1.8653236E-5	13.68122	39.0	TRUE	A	1.4223953E-5	26.0	0.0018771337	0.99755645	185.47151	0.029383855	0.9780619	0.0
SPIKE	S37:A>C	0	53610	0.0	9999.0	0.0	TRUE	A	2.036253E-5	0.0	0.0024881687	0.9965038	26.032454	0.042038225	0.9381352	1.0
SPIKE	S37:A>T	0	53610	0.0	9999.0	0.0	TRUE	A	2.170486E-5	0.0	0.002159943	0.9962737	43.50359	0.026805058	0.98517364	1.0
SPIKE	S38:T>A	0	53610	0.0	9999.0	0.0	TRUE	T	2.6046146E-5	1.0	0.0016593535	0.99553007	61.09297	0.022893874	0.9883716	1.0
SPIKE	S38:T>G	0	53610	0.0	9999.0	0.0	TRUE	T	2.0526821E-4	2.0	3.7155068E-4	0.96530986	542.8603	0.020278735	0.98159426	1.0
SPIKE	S38:T>C	0	53610	0.0	9999.0	0.0	TRUE	T	9.073065E-6	15.0	0.0019066753	0.9984406	126.182594	0.03248908	0.9725495	0.0
SPIKE	S39:C>T	2	53610	3.7306472E-5	16.49632	40.0	TRUE	C	5.2455725E-5	116.0	0.0013589453	0.9910182	332.87857	0.024275674	0.98299015	0.0
SPIKE	S39:C>A	2	53610	3.7306472E-5	35.783154	39.0	TRUE	C	5.418213E-6	1.0	0.009973876	0.9990685	4.6503563	0.063091226	0.97421694	1.0
SPIKE	S39:C>G	0	53610	0.0	9999.0	0.0	TRUE	C	8.3065315E-5	1.0	8.309897E-4	0.98581433	229.15202	0.01944925	0.9874229	1.0
SPIKE	S40:G>A	6	53610	1.1191942E-4	53.333347	39.666668	TRUE	G	7.6014054E-5	138.0	0.0024465993	0.98701066	153.32074	0.029602233	0.97613543	0.0
SPIKE	S40:G>C	0	53610	0.0	9999.0	0.0	TRUE	G	8.704071E-5	0.0	6.961965E-4	0.9851405	238.02797	0.019617457	0.9855698	1.0
SPIKE	S40:G>T	0	53610	0.0	9999.0	0.0	TRUE	G	7.604444E-5	3.0	8.5042143E-4	0.98700553	197.95547	0.020611767	0.98308563	1.0
SPIKE	S41:G>A	1	53610	1.8653236E-5	8.757457	39.0	TRUE	G	4.4616947E-5	81.0	0.0024465993	0.9923552	153.32074	0.029602233	0.97613543	0.0
SPIKE	S41:G>C	0	53610	0.0	9999.0	0.0	TRUE	G	8.704071E-5	1.0	6.961965E-4	0.9851405	238.02797	0.019617457	0.9855698	1.0
SPIKE	S41:G>T	0	53610	0.0	9999.0	0.0	TRUE	G	7.604444E-5	2.0	8.5042143E-4	0.98700553	197.95547	0.020611767	0.98308563	1.0
SPIKE	S42:C>T	4	53610	7.4612944E-5	33.414356	39.5	TRUE	C	6.7830675E-5	150.0	0.0013589453	0.98840094	332.87857	0.024275674	0.98299015	0.0
SPIKE	S42:C>A	1	53610	1.8653236E-5	17.868517	40.0	TRUE	C	5.418213E-6	0.0	0.009973876	0.9990685	4.6503563	0.063091226	0.97421694	1.0
SPIKE	S42:C>G	0	53610	0.0	9999.0	0.0	TRUE	C	8.3065315E-5	1.0	8.309897E-4	0.98581433	229.15202	0.01944925	0.9874229	1.0
SPIKE	S43:G>A	6	53610	1.1191942E-4	59.6421	39.333332	TRUE	G	5.8938436E-5	107.0	0.0024465993	0.9899138	153.32074	0.029602233	0.97613543	0.0
SPIKE	S43:G>C	0	53610	0.0	9999.0	0.0	TRUE	G	8.704071E-5	0.0	6.961965E-4	0.9851405	238.02797	0.019617457	0.9855698	1.0
SPIKE	S43:G>T	0	53610	0.0	9999.0	0.0	TRUE	G	7.604444E-5	0.0	8.5042143E-4	0.98700553	197.95547	0.020611767	0.98308563	1.0
SPIKE	S44:G>A	3	53610	5.595971E-5	20.205942	40.0	TRUE	G	8.813224E-5	160.0	0.0024465993	0.98495555	153.32074	0.029602233	0.97613543	0.0
SPIKE	S44:G>C	0	53610	0.0	9999.0	0.0	TRUE	G	8.704071E-5	1.0	6.961965E-4	0.9851405	238.02797	0.019617457	0.9855698	1.0
SPIKE	S44:G>T	0	53610	0.0	9999.0	0.0	TRUE	G	7.604444E-5	1.0	8.5042143E-4	0.98700553	197.95547	0.020611767	0.98308563	1.0
SPIKE	S45:C>T	4	53610	7.4612944E-5	54.351166	39.75	TRUE	C	1.9444795E-5	43.0	0.0013589453	0.99666107	332.87857	0.024275674	0.98299015	0.0
SPIKE	S45:C>A	1	53610	1.8653236E-5	17.868517	40.0	TRUE	C	5.418213E-6	1.0	0.009973876	0.9990685	4.6503563	0.063091226	0.97421694	1.0
SPIKE	S45:C>G	0	53610	0.0	9999.0	0.0	TRUE	C	8.3065315E-5	0.0	8.309897E-4	0.98581433	229.15202	0.01944925	0.9874229	1.0
SPIKE	S46:G>A	7	53610	1.3057265E-4	77.0689	40.0	TRUE	G	5.0676037E-5	92.0	0.0024465993	0.9913216	153.32074	0.029602233	0.97613543	0.0
SPIKE	S46:G>C	0	53610	0.0	9999.0	0.0	TRUE	G	8.704071E-5	0.0	6.961965E-4	0.9851405	238.02797	0.019617457	0.9855698	1.0
SPIKE	S46:G>T	0	53610	0.0	9999.0	0.0	TRUE	G	7.604444E-5	0.0	8.5042143E-4	0.98700553	197.95547	0.020611767	0.98308563	1.0
SPIKE	S47:A>G	1	53610	1.8653236E-5	5.34938	40.0	TRUE	A	1.0146685E-4	6.0	0.0018771337	0.9826991	185.47151	0.029383855	0.9780619	1.0
SPIKE	S47:A>C	0	53610	0.0	9999.0	0.0	TRUE	A	2.036253E-5	0.0	0.0024881687	0.9965038	26.032454	0.042038225	0.9381352	1.0
SPIKE	S47:A>T	0	53610	0.0	9999.0	0.0	TRUE	A	2.170486E-5	1.0	0.002159943	0.9962737	43.50359	0.026805058	0.98517364	1.0
SPIKE	S48:A>G	2	53610	3.7306472E-5	33.435436	40.0	TRUE	A	7.1119766E-6	13.0	0.0018771337	0.9987775	185.47151	0.029383855	0.9780619	0.0
SPIKE	S48:A>C	0	53610	0.0	9999.0	0.0	TRUE	A	2.036253E-5	0.0	0.0024881687	0.9965038	26.032454	0.042038225	0.9381352	1.0
SPIKE	S48:A>T	0	53610	0.0	9999.0	0.0	TRUE	A	2.170486E-5	0.0	0.002159943	0.9962737	43.50359	0.026805058	0.98517364	1.0
SPIKE	S49:T>A	0	53610	0.0	9999.0	0.0	TRUE	T	2.6046146E-5	0.0	0.0016593535	0.99553007	61.09297	0.022893874	0.9883716	1.0
SPIKE	S49:T>G	0	53610	0.0	9999.0	0.0	TRUE	T	2.0526821E-4	2.0	3.7155068E-4	0.96530986	542.8603	0.020278735	0.98159426	1.0
SPIKE	S49:T>C	0	53610	0.0	9999.0	0.0	TRUE	T	7.863323E-6	13.0	0.0019066753	0.9986484	126.182594	0.03248908	0.9725495	0.0
SPIKE	S50:T>A	0	53610	0.0	9999.0	0.0	TRUE	T	2.6046146E-5	1.0	0.0016593535	0.99553007	61.09297	0.022893874	0.9883716	1.0
SPIKE	S50:T>G	0	53610	0.0	9999.0	0.0	TRUE	T	2.0526821E-4	3.0	3.7155068E-4	0.96530986	542.8603	0.020278735	0.98159426	1.0
SPIKE	S50:T>C	0	53610	0.0	9999.0	0.0	TRUE	T	1.08876775E-5	18.0	0.0019066753	0.99812907	126.182594	0.03248908	0.9725495	0.0
SPIKE	S51:T>A	0	53610	0.0	9999.0	0.0	TRUE	T	2.6046146E-5	3.0	0.0016593535	0.99553007	61.09297	0.022893874	0.9883716	1.0
SPIKE	S51:T>G	0	53610	0.0	9999.0	0.0	TRUE	T	2.0526821E-4	0.0	3.7155068E-4	0.96530986	542.8603	0.020278735	0.98159426	1.0
SPIKE	S51:T>C	0	53610	0.0	9999.0	0.0	TRUE	T	8.468193E-6	14.0	0.0019066753	0.9985445	126.182594	0.03248908	0.9725495	0.0
SPIKE	S52:A>G	3	53610	5.595971E-5	37.150818	40.0	TRUE	A	2.243008E-5	41.0	0.0018771337	0.9961495	185.47151	0.029383855	0.9780619	0.0
SPIKE	S52:A>C	0	53610	0.0	9999.0	0.0	TRUE	A	2.036253E-5	3.0	0.0024881687	0.9965038	26.032454	0.042038225	0.9381352	1.0
SPIKE	S52:A>T	0	53610	0.0	9999.0	0.0	TRUE	A	2.170486E-5	0.0	0.002159943	0.9962737	43.50359	0.026805058	0.98517364	1.0
SPIKE	S53:C>T	5	53610	9.326618E-5	49.357075	39.8	TRUE	C	5.3360134E-5	118.0	0.0013589453	0.99086404	332.87857	0.024275674	0.98299015	0.0
SPIKE	S53:C>A	0	53610	0.0	9999.0	0.0	TRUE	C	5.418213E-6	0.0	0.009973876	0.9990685	4.6503563	0.063091226	0.97421694	1.0
SPIKE	S53:C>G	0	53610	0.0	9999.0	0.0	TRUE	C	8.3065315E-5	2.0	8.309897E-4	0.98581433	229.15202	0.01944925	0.9874229	1.0
SPIKE	S54:C>T	3	53610	5.595971E-5	27.480585	40.0	TRUE	C	4.8385882E-5	107.0	0.0013589453	0.99171215	332.87857	0.024275674	0.98299015	0.0
SPIKE	S54:C>A	0	53610	0.0	9999.0	0.0	TRUE	C	5.418213E-6	4.0	0.009973876	0.9990685	4.6503563	0.063091226	0.97421694	1.0
SPIKE	S54:C>G	0	53610	0.0	9999.0	0.0	TRUE	C	8.3065315E-5	0.0	8.309897E-4	0.98581433	229.15202	0.01944925	0.9874229	1.0
SPIKE	S55:A>G	8	53610	1.4922589E-4	43.9723	40.0	TRUE	A	2.1828298E-4	399.0	0.0018771337	0.9631514	185.47151	0.029383855	0.9780619	0.0
SPIKE	S55:A>C	0	53610	0.0	9999.0	0.0	TRUE	A	3.8327693E-5	49.0	0.0024881687	0.9934293	26.032454	0.042038225	0.9381352	0.0
SPIKE	S55:A>T	0	53610	0.0	9999.0	0.0	TRUE	A	7.982738E-6	16.0	0.002159943	0.9986279	43.50359	0.026805058	0.98517364	0.0
SPIKE	S56:C>T	2	53610	3.7306472E-5	17.082706	40.0	TRUE	C	4.8838087E-5	108.0	0.0013589453	0.991635	332.87857	0.024275674	0.98299015	0.0
SPIKE	S56:C>G	1	53610	1.8653236E-5	6.156797	40.0	TRUE	C	8.3065315E-5	1.0	8.309897E-4	0.98581433	229.15202	0.01944925	0.9874229	1.0
SPIKE	S56:C>A	0	53610	0.0	9999.0	0.0	TRUE	C	5.418213E-6	5.0	0.009973876	0.9990685	4.6503563	0.063091226	0.97421694	1.0
SPIKE	S57:C>T	3	53610	5.595971E-5	28.570723	40.0	TRUE	C	4.4316042E-5	98.0	0.0013589453	0.9924066	332.87857	0.024275674	0.98299015	0.0
SPIKE	S57:C>A	0	53610	0.0	9999.0	0.0	TRUE	C	5.418213E-6	5.0	0.009973876	0.9990685	4.6503563	0.063091226	0.97421694	1.0
SPIKE	S57:C>G	0	53610	0.0	9999.0	0.0	TRUE	C	8.3065315E-5	0.0	8.309897E-4	0.98581433	229.15202	0.01944925	0.9874229	1.0
SPIKE	S58:A>G	3	53610	5.595971E-5	30.941393	40.0	TRUE	A	3.6654033E-5	67.0	0.0018771337	0.99371535	185.47151	0.029383855	0.9780619	0.0
SPIKE	S58:A>C	0	53610	0.0	9999.0	0.0	TRUE	A	3.0505716E-5	39.0	0.0024881687	0.9947668	26.032454	0.042038225	0.9381352	0.0
SPIKE	S58:A>T	0	53610	0.0	9999.0	0.0	TRUE	A	2.170486E-5	4.0	0.002159943	0.9962737	43.50359	0.026805058	0.98517364	1.0
SPIKE	S59:T>C	1	53610	1.8653236E-5	8.465891	40.0	TRUE	T	4.7784808E-5	79.0	0.0019066753	0.9918147	126.182594	0.03248908	0.9725495	0.0
SPIKE	S59:T>A	0	53610	0.0	9999.0	0.0	TRUE	T	1.4921768E-5	35.0	0.0016593535	0.99743676	61.09297	0.022893874	0.9883716	0.0
SPIKE	S59:T>G	0	53610	0.0	9999.0	0.0	TRUE	T	2.0526821E-4	2.0	3.7155068E-4	0.96530986	542.8603	0.020278735	0.98159426	1.0
SPIKE	S60:T>A	0	53610	0.0	9999.0	0.0	TRUE	T	2.6046146E-5	1.0	0.0016593535	0.99553007	61.09297	0.022893874	0.9883716	1.0
SPIKE	S60:T>G	0	53610	0.0	9999.0	0.0	TRUE	T	2.0526821E-4	5.0	3.7155068E-4	0.96530986	542.8603	0.020278735	0.98159426	1.0
SPIKE	S60:T>C	0	53610	0.0	9999.0	0.0	TRUE	T	1.9960742E-5	33.0	0.0019066753	0.9965726	126.182594	0.03248908	0.9725495	0.0
SPIKE	S61:G>A	5	53610	9.326618E-5	53.349415	40.0	TRUE	G	4.406612E-5	80.0	0.0024465993	0.9924493	153.32074	0.029602233	0.97613543	0.0
SPIKE	S61:G>C	0	53610	0.0	9999.0	0.0	TRUE	G	8.704071E-5	0.0	6.961965E-4	0.9851405	238.02797	0.019617457	0.9855698	1.0
SPIKE	S61:G>T	0	53610	0.0	9999.0	0.0	TRUE	G	1.421352E-5	37.0	8.5042143E-4	0.99755824	197.95547	0.020611767	0.98308563	0.0
SPIKE	D62-63:A>	2	53610	3.7306472E-5	9999.0	40.0	TRUE		NaN	NaN	NaN	NaN	NaN	NaN	NaN	NaN
SPIKE	S62:A>G	0	53610	0.0	9999.0	0.0	TRUE	A	3.2277432E-5	59.0	0.0018771337	0.9944637	185.47151	0.029383855	0.9780619	0.0
SPIKE	S62:A>C	0	53610	0.0	9999.0	0.0	TRUE	A	2.036253E-5	0.0	0.0024881687	0.9965038	26.032454	0.042038225	0.9381352	1.0
SPIKE	S62:A>T	0	53610	0.0	9999.0	0.0	TRUE	A	2.170486E-5	3.0	0.002159943	0.9962737	43.50359	0.026805058	0.98517364	1.0
SPIKE	S63:A>G	1	53610	1.8653236E-5	14.2125845	40.0	TRUE	A	1.2582728E-5	23.0	0.0018771337	0.99783814	185.47151	0.029383855	0.9780619	0.0
SPIKE	S63:A>C	0	53610	0.0	9999.0	0.0	TRUE	A	2.036253E-5	0.0	0.0024881687	0.9965038	26.032454	0.042038225	0.9381352	1.0
SPIKE	S63:A>T	0	53610	0.0	9999.0	0.0	TRUE	A	2.170486E-5	5.0	0.002159943	0.9962737	43.50359	0.026805058	0.98517364	1.0
SPIKE	S64:A>G	1	53610	1.8653236E-5	8.893033	40.0	TRUE	A	4.3218937E-5	79.0	0.0018771337	0.9925939	185.47151	0.029383855	0.9780619	0.0
SPIKE	S64:A>C	0	53610	0.0	9999.0	0.0	TRUE	A	2.036253E-5	3.0	0.0024881687	0.9965038	26.032454	0.042038225	0.9381352	1.0
SPIKE	S64:A>T	0	53610	0.0	9999.0	0.0	TRUE	A	2.170486E-5	0.0	0.002159943	0.9962737	43.50359	0.026805058	0.98517364	1.0
SPIKE	S65:A>G	11	53610	2.051856E-4	104.818535	40.0	TRUE	A	1.012089E-4	185.0	0.0018771337	0.9827427	185.47151	0.029383855	0.9780619	0.0
SPIKE	S65:A>C	2	53610	3.7306472E-5	14.025016	40.0	TRUE	A	7.118E-5	91.0	0.0024881687	0.98783165	26.032454	0.042038225	0.9381352	0.0
SPIKE	S65:A>T	0	53610	0.0	9999.0	0.0	TRUE	A	2.170486E-5	0.0	0.002159943	0.9962737	43.50359	0.026805058	0.98517364	1.0
SPIKE	S66:C>T	5	53610	9.326618E-5	53.8823	40.0	TRUE	C	4.295943E-5	95.0	0.0013589453	0.99263823	332.87857	0.024275674	0.98299015	0.0
SPIKE	S66:C>A	0	53610	0.0	9999.0	0.0	TRUE	C	5.418213E-6	7.0	0.009973876	0.9990685	4.6503563	0.063091226	0.97421694	1.0
SPIKE	S66:C>G	0	53610	0.0	9999.0	0.0	TRUE	C	8.3065315E-5	0.0	8.309897E-4	0.98581433	229.15202	0.01944925	0.9874229	1.0
SPIKE	S67:C>T	4	53610	7.4612944E-5	41.856655	40.0	TRUE	C	4.0698407E-5	90.0	0.0013589453	0.9930243	332.87857	0.024275674	0.98299015	0.0
SPIKE	S67:C>A	0	53610	0.0	9999.0	0.0	TRUE	C	4.660471E-5	40.0	0.009973876	0.992016	4.6503563	0.063091226	0.97421694	0.0
SPIKE	S67:C>G	0	53610	0.0	9999.0	0.0	TRUE	C	8.3065315E-5	0.0	8.309897E-4	0.98581433	229.15202	0.01944925	0.9874229	1.0
SPIKE	S68:A>G	9	53610	1.6787913E-4	56.114357	40.0	TRUE	A	1.9639997E-4	359.0	0.0018771337	0.9667834	185.47151	0.029383855	0.9780619	0.0
SPIKE	S68:A>C	0	53610	0.0	9999.0	0.0	TRUE	A	1.7990551E-5	23.0	0.0024881687	0.9969104	26.032454	0.042038225	0.9381352	0.0
SPIKE	S68:A>T	0	53610	0.0	9999.0	0.0	TRUE	A	2.170486E-5	7.0	0.002159943	0.9962737	43.50359	0.026805058	0.98517364	1.0
SPIKE	S69:G>A	3	53610	5.595971E-5	24.172235	40.0	TRUE	G	6.334505E-5	115.0	0.0024465993	0.9891638	153.32074	0.029602233	0.97613543	0.0
SPIKE	S69:G>C	0	53610	0.0	9999.0	0.0	TRUE	G	1.6455344E-5	45.0	6.961965E-4	0.99717367	238.02797	0.019617457	0.9855698	0.0
SPIKE	S69:G>T	0	53610	0.0	9999.0	0.0	TRUE	G	7.604444E-5	4.0	8.5042143E-4	0.98700553	197.95547	0.020611767	0.98308563	1.0
SPIKE	S70:C>T	8	53610	1.4922589E-4	78.13141	40.0	TRUE	C	7.506595E-5	166.0	0.0013589453	0.98717165	332.87857	0.024275674	0.98299015	0.0
SPIKE	S70:C>A	0	53610	0.0	9999.0	0.0	TRUE	C	5.418213E-6	3.0	0.009973876	0.9990685	4.6503563	0.063091226	0.97421694	1.0
SPIKE	S70:C>G	0	53610	0.0	9999.0	0.0	TRUE	C	8.3065315E-5	3.0	8.309897E-4	0.98581433	229.15202	0.01944925	0.9874229	1.0
SPIKE	S71:C>A	1	53610	1.8653236E-5	14.546071	40.0	TRUE	C	1.1651177E-5	10.0	0.009973876	0.997998	4.6503563	0.063091226	0.97421694	0.0
SPIKE	S71:C>T	4	53610	7.4612944E-5	32.986034	40.0	TRUE	C	6.963949E-5	154.0	0.0013589453	0.98809344	332.87857	0.024275674	0.98299015	0.0
SPIKE	S71:C>G	0	53610	0.0	9999.0	0.0	TRUE	C	1.304964E-5	36.0	8.309897E-4	0.997758	229.15202	0.01944925	0.9874229	0.0
SPIKE	S72:G>A	4	53610	7.4612944E-5	31.92168	40.0	TRUE	G	7.4361575E-5	135.0	0.0024465993	0.9872913	153.32074	0.029602233	0.97613543	0.0
SPIKE	S72:G>C	0	53610	0.0	9999.0	0.0	TRUE	G	8.704071E-5	4.0	6.961965E-4	0.9851405	238.02797	0.019617457	0.9855698	1.0
SPIKE	S72:G>T	0	53610	0.0	9999.0	0.0	TRUE	G	8.067133E-6	21.0	8.5042143E-4	0.9986134	197.95547	0.020611767	0.98308563	0.0
SPIKE	S73:T>A	1	53610	1.8653236E-5	11.065435	40.0	TRUE	T	2.6046146E-5	6.0	0.0016593535	0.99553007	61.09297	0.022893874	0.9883716	1.0
SPIKE	S73:T>C	7	53610	1.3057265E-4	36.190006	40.0	TRUE	T	2.165438E-4	358.0	0.0019066753	0.9634395	126.182594	0.03248908	0.9725495	0.0
SPIKE	S73:T>G	0	53610	0.0	9999.0	0.0	TRUE	T	2.1553038E-5	57.0	3.7155068E-4	0.99629974	542.8603	0.020278735	0.98159426	0.0
SPIKE	S74:G>A	2	53610	3.7306472E-5	18.46553	40.0	TRUE	G	4.1311985E-5	75.0	0.0024465993	0.9929195	153.32074	0.029602233	0.97613543	0.0
SPIKE	S74:G>C	0	53610	0.0	9999.0	0.0	TRUE	G	8.704071E-5	3.0	6.961965E-4	0.9851405	238.02797	0.019617457	0.9855698	1.0
SPIKE	S74:G>T	0	53610	0.0	9999.0	0.0	TRUE	G	7.604444E-5	4.0	8.5042143E-4	0.98700553	197.95547	0.020611767	0.98308563	1.0
SPIKE	S75:G>A	3	53610	5.595971E-5	26.383951	40.0	TRUE	G	5.2879343E-5	96.0	0.0024465993	0.990946	153.32074	0.029602233	0.97613543	0.0
SPIKE	S75:G>C	0	53610	0.0	9999.0	0.0	TRUE	G	8.704071E-5	0.0	6.961965E-4	0.9851405	238.02797	0.019617457	0.9855698	1.0
SPIKE	S75:G>T	0	53610	0.0	9999.0	0.0	TRUE	G	1.3829371E-5	36.0	8.5042143E-4	0.99762416	197.95547	0.020611767	0.98308563	0.0
SPIKE	S76:T>G	1	53610	1.8653236E-5	14.662043	40.0	TRUE	T	1.13437045E-5	30.0	3.7155068E-4	0.9980508	542.8603	0.020278735	0.98159426	0.0
SPIKE	S76:T>C	1	53610	1.8653236E-5	6.381361	40.0	TRUE	T	7.8633224E-5	130.0	0.0019066753	0.9865661	126.182594	0.03248908	0.9725495	0.0
SPIKE	S76:T>A	0	53610	0.0	9999.0	0.0	TRUE	T	2.6046146E-5	3.0	0.0016593535	0.99553007	61.09297	0.022893874	0.9883716	1.0
SPIKE	S77:T>A	0	53610	0.0	9999.0	0.0	TRUE	T	2.6046146E-5	0.0	0.0016593535	0.99553007	61.09297	0.022893874	0.9883716	1.0
SPIKE	S77:T>G	0	53610	0.0	9999.0	0.0	TRUE	T	2.0526821E-4	4.0	3.7155068E-4	0.96530986	542.8603	0.020278735	0.98159426	1.0
SPIKE	S77:T>C	0	53610	0.0	9999.0	0.0	TRUE	T	6.653581E-6	11.0	0.0019066753	0.99885625	126.182594	0.03248908	0.9725495	0.0
SPIKE	S78:T>A	0	53610	0.0	9999.0	0.0	TRUE	T	2.6046146E-5	0.0	0.0016593535	0.99553007	61.09297	0.022893874	0.9883716	1.0
SPIKE	S78:T>G	0	53610	0.0	9999.0	0.0	TRUE	T	1.5881187E-5	42.0	3.7155068E-4	0.99727213	542.8603	0.020278735	0.98159426	0.0
SPIKE	S78:T>C	0	53610	0.0	9999.0	0.0	TRUE	T	7.632419E-5	7.0	0.0019066753	0.986958	126.182594	0.03248908	0.9725495	1.0
SPIKE	S79:G>A	0	53610	0.0	9999.0	0.0	TRUE	G	4.406612E-5	80.0	0.0024465993	0.9924493	153.32074	0.029602233	0.97613543	0.0
SPIKE	S79:G>C	0	53610	0.0	9999.0	0.0	TRUE	G	1.4261297E-5	39.0	6.961965E-4	0.9975501	238.02797	0.019617457	0.9855698	0.0
SPIKE	S79:G>T	0	53610	0.0	9999.0	0.0	TRUE	G	7.604444E-5	2.0	8.5042143E-4	0.98700553	197.95547	0.020611767	0.98308563	1.0
SPIKE	S80:C>T	3	53610	5.595971E-5	21.283352	40.0	TRUE	C	8.0492406E-5	178.0	0.0013589453	0.9862507	332.87857	0.024275674	0.98299015	0.0
SPIKE	S80:C>A	0	53610	0.0	9999.0	0.0	TRUE	C	5.418213E-6	4.0	0.009973876	0.9990685	4.6503563	0.063091226	0.97421694	1.0
SPIKE	S80:C>G	0	53610	0.0	9999.0	0.0	TRUE	C	1.341213E-5	37.0	8.309897E-4	0.99769574	229.15202	0.01944925	0.9874229	0.0
SPIKE	S81:G>A	1	53610	1.8653236E-5	6.930131	40.0	TRUE	G	6.885331E-5	125.0	0.0024465993	0.98822707	153.32074	0.029602233	0.97613543	0.0
SPIKE	S81:G>T	1	53610	1.8653236E-5	6.5190644	40.0	TRUE	G	7.604444E-5	3.0	8.5042143E-4	0.98700553	197.95547	0.020611767	0.98308563	1.0
SPIKE	S81:G>C	0	53610	0.0	9999.0	0.0	TRUE	G	8.704071E-5	0.0	6.961965E-4	0.9851405	238.02797	0.019617457	0.9855698	1.0
SPIKE	S82:G>A	2	53610	3.7306472E-5	11.42213	40.0	TRUE	G	9.914877E-5	180.0	0.0024465993	0.983091	153.32074	0.029602233	0.97613543	0.0
SPIKE	S82:G>C	0	53610	0.0	9999.0	0.0	TRUE	G	1.3895623E-5	38.0	6.961965E-4	0.99761283	238.02797	0.019617457	0.9855698	0.0
SPIKE	S82:G>T	0	53610	0.0	9999.0	0.0	TRUE	G	7.604444E-5	1.0	8.5042143E-4	0.98700553	197.95547	0.020611767	0.98308563	1.0
SPIKE	S83:C>T	5	53610	9.326618E-5	50.074146	40.0	TRUE	C	5.1551317E-5	114.0	0.0013589453	0.9911724	332.87857	0.024275674	0.98299015	0.0
SPIKE	S83:C>A	0	53610	0.0	9999.0	0.0	TRUE	C	5.418213E-6	2.0	0.009973876	0.9990685	4.6503563	0.063091226	0.97421694	1.0
SPIKE	S83:C>G	0	53610	0.0	9999.0	0.0	TRUE	C	1.522458E-5	42.0	8.309897E-4	0.9973848	229.15202	0.01944925	0.9874229	0.0
SPIKE	S84:G>A	6	53610	1.1191942E-4	52.979126	40.0	TRUE	G	7.711571E-5	140.0	0.0024465993	0.9868237	153.32074	0.029602233	0.97613543	0.0
SPIKE	S84:G>C	0	53610	0.0	9999.0	0.0	TRUE	G	8.704071E-5	0.0	6.961965E-4	0.9851405	238.02797	0.019617457	0.9855698	1.0
SPIKE	S84:G>T	0	53610	0.0	9999.0	0.0	TRUE	G	7.604444E-5	0.0	8.5042143E-4	0.98700553	197.95547	0.020611767	0.98308563	1.0
SPIKE	S85:A>C	1	53610	1.8653236E-5	12.128282	40.0	TRUE	A	2.036253E-5	0.0	0.0024881687	0.9965038	26.032454	0.042038225	0.9381352	1.0
SPIKE	S85:A>G	0	53610	0.0	9999.0	0.0	TRUE	A	8.753203E-6	16.0	0.0018771337	0.9984956	185.47151	0.029383855	0.9780619	0.0
SPIKE	S85:A>T	0	53610	0.0	9999.0	0.0	TRUE	A	1.6963319E-5	34.0	0.002159943	0.9970866	43.50359	0.026805058	0.98517364	0.0
SPIKE	S86:T>C	1	53610	1.8653236E-5	10.171587	40.0	TRUE	T	3.205816E-5	53.0	0.0019066753	0.9945012	126.182594	0.03248908	0.9725495	0.0
SPIKE	S86:T>A	0	53610	0.0	9999.0	0.0	TRUE	T	2.6046146E-5	1.0	0.0016593535	0.99553007	61.09297	0.022893874	0.9883716	1.0
SPIKE	S86:T>G	0	53610	0.0	9999.0	0.0	TRUE	T	2.0526821E-4	2.0	3.7155068E-4	0.96530986	542.8603	0.020278735	0.98159426	1.0
SPIKE	S87:T>A	0	53610	0.0	9999.0	0.0	TRUE	T	2.6046146E-5	2.0	0.0016593535	0.99553007	61.09297	0.022893874	0.9883716	1.0
SPIKE	S87:T>G	0	53610	0.0	9999.0	0.0	TRUE	T	2.0526821E-4	7.0	3.7155068E-4	0.96530986	542.8603	0.020278735	0.98159426	1.0
SPIKE	S87:T>C	0	53610	0.0	9999.0	0.0	TRUE	T	1.5121775E-5	25.0	0.0019066753	0.9974024	126.182594	0.03248908	0.9725495	0.0
SPIKE	S88:T>A	0	53610	0.0	9999.0	0.0	TRUE	T	2.6046146E-5	3.0	0.0016593535	0.99553007	61.09297	0.022893874	0.9883716	1.0
SPIKE	S88:T>G	0	53610	0.0	9999.0	0.0	TRUE	T	2.0526821E-4	0.0	3.7155068E-4	0.96530986	542.8603	0.020278735	0.98159426	1.0
SPIKE	S88:T>C	0	53610	0.0	9999.0	0.0	TRUE	T	9.677936E-6	16.0	0.0019066753	0.9983368	126.182594	0.03248908	0.9725495	0.0
SPIKE	S89:A>G	0	53610	0.0	9999.0	0.0	TRUE	A	1.0941502E-5	20.0	0.0018771337	0.99811983	185.47151	0.029383855	0.9780619	0.0
SPIKE	S89:A>C	0	53610	0.0	9999.0	0.0	TRUE	A	2.036253E-5	0.0	0.0024881687	0.9965038	26.032454	0.042038225	0.9381352	1.0
SPIKE	S89:A>T	0	53610	0.0	9999.0	0.0	TRUE	A	2.170486E-5	4.0	0.002159943	0.9962737	43.50359	0.026805058	0.98517364	1.0
SPIKE	S90:T>C	1	53610	1.8653236E-5	12.626695	38.0	TRUE	T	1.814613E-5	30.0	0.0019066753	0.99688375	126.182594	0.03248908	0.9725495	0.0
SPIKE	S90:T>A	0	53610	0.0	9999.0	0.0	TRUE	T	2.6046146E-5	0.0	0.0016593535	0.99553007	61.09297	0.022893874	0.9883716	1.0
SPIKE	S90:T>G	0	53610	0.0	9999.0	0.0	TRUE	T	2.0526821E-4	3.0	3.7155068E-4	0.96530986	542.8603	0.020278735	0.98159426	1.0
SPIKE	S91:C>A	1	53610	1.8653236E-5	17.868517	39.0	TRUE	C	5.418213E-6	1.0	0.009973876	0.9990685	4.6503563	0.063091226	0.97421694	1.0
SPIKE	S91:C>T	2	53610	3.7306472E-5	18.682585	39.5	TRUE	C	4.0246203E-5	89.0	0.0013589453	0.99310154	332.87857	0.024275674	0.98299015	0.0
SPIKE	S91:C>G	0	53610	0.0	9999.0	0.0	TRUE	C	8.3065315E-5	0.0	8.309897E-4	0.98581433	229.15202	0.01944925	0.9874229	1.0
SPIKE	S92:G>A	5	53610	9.326618E-5	36.933197	39.8	TRUE	G	9.8047116E-5	178.0	0.0024465993	0.9832773	153.32074	0.029602233	0.97613543	0.0
SPIKE	S92:G>C	0	53610	0.0	9999.0	0.0	TRUE	G	8.704071E-5	0.0	6.961965E-4	0.9851405	238.02797	0.019617457	0.9855698	1.0
SPIKE	S92:G>T	0	53610	0.0	9999.0	0.0	TRUE	G	7.604444E-5	2.0	8.5042143E-4	0.98700553	197.95547	0.020611767	0.98308563	1.0
SPIKE	S93:T>A	0	53610	0.0	9999.0	0.0	TRUE	T	2.6046146E-5	2.0	0.0016593535	0.99553007	61.09297	0.022893874	0.9883716	1.0
SPIKE	S93:T>G	0	53610	0.0	9999.0	0.0	TRUE	T	2.0526821E-4	5.0	3.7155068E-4	0.96530986	542.8603	0.020278735	0.98159426	1.0
SPIKE	S93:T>C	0	53610	0.0	9999.0	0.0	TRUE	T	8.468194E-5	140.0	0.0019066753	0.9855403	126.182594	0.03248908	0.9725495	0.0
SPIKE	S94:C>T	2	53610	3.7306472E-5	17.968853	39.0	TRUE	C	4.3863838E-5	97.0	0.0013589453	0.9924838	332.87857	0.024275674	0.98299015	0.0
SPIKE	S94:C>A	0	53610	0.0	9999.0	0.0	TRUE	C	5.418213E-6	0.0	0.009973876	0.9990685	4.6503563	0.063091226	0.97421694	1.0
SPIKE	S94:C>G	0	53610	0.0	9999.0	0.0	TRUE	C	8.3065315E-5	0.0	8.309897E-4	0.98581433	229.15202	0.01944925	0.9874229	1.0
SPIKE	S95:G>A	7	53610	1.3057265E-4	69.784386	38.42857	TRUE	G	6.4997526E-5	118.0	0.0024465993	0.98888266	153.32074	0.029602233	0.97613543	0.0
SPIKE	S95:G>C	0	53610	0.0	9999.0	0.0	TRUE	G	8.704071E-5	2.0	6.961965E-4	0.9851405	238.02797	0.019617457	0.9855698	1.0
SPIKE	S95:G>T	0	53610	0.0	9999.0	0.0	TRUE	G	7.604444E-5	0.0	8.5042143E-4	0.98700553	197.95547	0.020611767	0.98308563	1.0
SPIKE	S96:T>A	0	53610	0.0	9999.0	0.0	TRUE	T	2.6046146E-5	8.0	0.0016593535	0.99553007	61.09297	0.022893874	0.9883716	1.0
SPIKE	S96:T>G	0	53610	0.0	9999.0	0.0	TRUE	T	2.0526821E-4	5.0	3.7155068E-4	0.96530986	542.8603	0.020278735	0.98159426	1.0
SPIKE	S96:T>C	0	53610	0.0	9999.0	0.0	TRUE	T	9.4964744E-5	157.0	0.0019066753	0.98379874	126.182594	0.03248908	0.9725495	0.0
SPIKE	S97:C>T	2	53610	3.7306472E-5	18.682585	40.0	TRUE	C	4.0246203E-5	89.0	0.0013589453	0.99310154	332.87857	0.024275674	0.98299015	0.0
SPIKE	S97:C>A	1	53610	1.8653236E-5	17.868517	40.0	TRUE	C	5.418213E-6	0.0	0.009973876	0.9990685	4.6503563	0.063091226	0.97421694	1.0
SPIKE	S97:C>G	0	53610	0.0	9999.0	0.0	TRUE	C	8.3065315E-5	0.0	8.309897E-4	0.98581433	229.15202	0.01944925	0.9874229	1.0
SPIKE	S98:A>G	1	53610	1.8653236E-5	11.405538	38.0	TRUE	A	2.4071305E-5	44.0	0.0018771337	0.99586827	185.47151	0.029383855	0.9780619	0.0
SPIKE	S98:A>C	0	53610	0.0	9999.0	0.0	TRUE	A	2.036253E-5	1.0	0.0024881687	0.9965038	26.032454	0.042038225	0.9381352	1.0
SPIKE	S98:A>T	0	53610	0.0	9999.0	0.0	TRUE	A	2.170486E-5	0.0	0.002159943	0.9962737	43.50359	0.026805058	0.98517364	1.0
SPIKE	S99:T>A	0	53610	0.0	9999.0	0.0	TRUE	T	2.6046146E-5	1.0	0.0016593535	0.99553007	61.09297	0.022893874	0.9883716	1.0
SPIKE	S99:T>G	0	53610	0.0	9999.0	0.0	TRUE	T	2.0526821E-4	4.0	3.7155068E-4	0.96530986	542.8603	0.020278735	0.98159426	1.0
SPIKE	S99:T>C	0	53610	0.0	9999.0	0.0	TRUE	T	1.4516903E-5	24.0	0.0019066753	0.9975062	126.182594	0.03248908	0.9725495	0.0
SPIKE	S100:C>T	6	53610	1.1191942E-4	60.486855	39.666668	TRUE	C	5.697777E-5	126.0	0.0013589453	0.99024767	332.87857	0.024275674	0.98299015	0.0
SPIKE	S100:C>A	2	53610	3.7306472E-5	35.783154	38.5	TRUE	C	5.418213E-6	2.0	0.009973876	0.9990685	4.6503563	0.063091226	0.97421694	1.0
SPIKE	S100:C>G	0	53610	0.0	9999.0	0.0	TRUE	C	8.3065315E-5	0.0	8.309897E-4	0.98581433	229.15202	0.01944925	0.9874229	1.0
SPIKE	S101:G>A	4	53610	7.4612944E-5	34.389755	39.75	TRUE	G	6.389587E-5	116.0	0.0024465993	0.98907006	153.32074	0.029602233	0.97613543	0.0
SPIKE	S101:G>C	0	53610	0.0	9999.0	0.0	TRUE	G	8.704071E-5	0.0	6.961965E-4	0.9851405	238.02797	0.019617457	0.9855698	1.0
SPIKE	S101:G>T	0	53610	0.0	9999.0	0.0	TRUE	G	7.604444E-5	1.0	8.5042143E-4	0.98700553	197.95547	0.020611767	0.98308563	1.0
SPIKE	S102:T>C	1	53610	1.8653236E-5	9.935198	38.0	TRUE	T	3.3872773E-5	56.0	0.0019066753	0.9941908	126.182594	0.03248908	0.9725495	0.0
SPIKE	S102:T>A	0	53610	0.0	9999.0	0.0	TRUE	T	2.6046146E-5	1.0	0.0016593535	0.99553007	61.09297	0.022893874	0.9883716	1.0
SPIKE	S102:T>G	0	53610	0.0	9999.0	0.0	TRUE	T	2.0526821E-4	5.0	3.7155068E-4	0.96530986	542.8603	0.020278735	0.98159426	1.0
SPIKE	S103:G>A	1	53610	1.8653236E-5	10.04079	40.0	TRUE	G	3.304959E-5	60.0	0.0024465993	0.9943316	153.32074	0.029602233	0.97613543	0.0
SPIKE	S103:G>C	0	53610	0.0	9999.0	0.0	TRUE	G	8.704071E-5	0.0	6.961965E-4	0.9851405	238.02797	0.019617457	0.9855698	1.0
SPIKE	S103:G>T	0	53610	0.0	9999.0	0.0	TRUE	G	7.604444E-5	0.0	8.5042143E-4	0.98700553	197.95547	0.020611767	0.98308563	1.0
SPIKE	S104:G>A	2	53610	3.7306472E-5	12.384703	39.0	TRUE	G	8.7581415E-5	159.0	0.0024465993	0.9850489	153.32074	0.029602233	0.97613543	0.0
SPIKE	S104:G>C	0	53610	0.0	9999.0	0.0	TRUE	G	8.704071E-5	2.0	6.961965E-4	0.9851405	238.02797	0.019617457	0.9855698	1.0
SPIKE	S104:G>T	0	53610	0.0	9999.0	0.0	TRUE	G	7.604444E-5	1.0	8.5042143E-4	0.98700553	197.95547	0.020611767	0.98308563	1.0
SPIKE	S105:C>T	3	53610	5.595971E-5	18.729353	39.333332	TRUE	C	9.99372E-5	221.0	0.0013589453	0.9829577	332.87857	0.024275674	0.98299015	0.0
SPIKE	S105:C>A	0	53610	0.0	9999.0	0.0	TRUE	C	5.418213E-6	5.0	0.009973876	0.9990685	4.6503563	0.063091226	0.97421694	1.0
SPIKE	S105:C>G	0	53610	0.0	9999.0	0.0	TRUE	C	8.3065315E-5	0.0	8.309897E-4	0.98581433	229.15202	0.01944925	0.9874229	1.0
SPIKE	S106:G>A	5	53610	9.326618E-5	38.33219	39.4	TRUE	G	9.14372E-5	166.0	0.0024465993	0.9843958	153.32074	0.029602233	0.97613543	0.0
SPIKE	S106:G>C	0	53610	0.0	9999.0	0.0	TRUE	G	8.704071E-5	0.0	6.961965E-4	0.9851405	238.02797	0.019617457	0.9855698	1.0
SPIKE	S106:G>T	0	53610	0.0	9999.0	0.0	TRUE	G	7.604444E-5	4.0	8.5042143E-4	0.98700553	197.95547	0.020611767	0.98308563	1.0
SPIKE	S107:G>A	2	53610	3.7306472E-5	11.007653	39.5	TRUE	G	1.0465703E-4	190.0	0.0024465993	0.98216003	153.32074	0.029602233	0.97613543	0.0
SPIKE	S107:G>C	0	53610	0.0	9999.0	0.0	TRUE	G	8.704071E-5	0.0	6.961965E-4	0.9851405	238.02797	0.019617457	0.9855698	1.0
SPIKE	S107:G>T	0	53610	0.0	9999.0	0.0	TRUE	G	7.604444E-5	1.0	8.5042143E-4	0.98700553	197.95547	0.020611767	0.98308563	1.0
SPIKE	S108:C>T	5	53610	9.326618E-5	42.825462	39.6	TRUE	C	7.325713E-5	162.0	0.0013589453	0.98747885	332.87857	0.024275674	0.98299015	0.0
SPIKE	S108:C>A	0	53610	0.0	9999.0	0.0	TRUE	C	5.418213E-6	0.0	0.009973876	0.9990685	4.6503563	0.063091226	0.97421694	1.0
SPIKE	S108:C>G	0	53610	0.0	9999.0	0.0	TRUE	C	8.3065315E-5	0.0	8.309897E-4	0.98581433	229.15202	0.01944925	0.9874229	1.0
SPIKE	S109:A>G	2	53610	3.7306472E-5	27.155312	40.0	TRUE	A	1.4771029E-5	27.0	0.0018771337	0.99746263	185.47151	0.029383855	0.9780619	0.0
SPIKE	S109:A>C	0	53610	0.0	9999.0	0.0	TRUE	A	2.036253E-5	0.0	0.0024881687	0.9965038	26.032454	0.042038225	0.9381352	1.0
SPIKE	S109:A>T	0	53610	0.0	9999.0	0.0	TRUE	A	2.170486E-5	0.0	0.002159943	0.9962737	43.50359	0.026805058	0.98517364	1.0
SPIKE	S110:G>A	2	53610	3.7306472E-5	16.430485	40.0	TRUE	G	5.2879343E-5	96.0	0.0024465993	0.990946	153.32074	0.029602233	0.97613543	0.0
SPIKE	S110:G>C	0	53610	0.0	9999.0	0.0	TRUE	G	8.704071E-5	0.0	6.961965E-4	0.9851405	238.02797	0.019617457	0.9855698	1.0
SPIKE	S110:G>T	0	53610	0.0	9999.0	0.0	TRUE	G	7.604444E-5	0.0	8.5042143E-4	0.98700553	197.95547	0.020611767	0.98308563	1.0
SPIKE	S111:C>T	2	53610	3.7306472E-5	16.084114	39.0	TRUE	C	5.516895E-5	122.0	0.0013589453	0.9905558	332.87857	0.024275674	0.98299015	0.0
SPIKE	S111:C>A	0	53610	0.0	9999.0	0.0	TRUE	C	5.418213E-6	1.0	0.009973876	0.9990685	4.6503563	0.063091226	0.97421694	1.0
SPIKE	S111:C>G	0	53610	0.0	9999.0	0.0	TRUE	C	8.3065315E-5	0.0	8.309897E-4	0.98581433	229.15202	0.01944925	0.9874229	1.0
SPIKE	S112:G>A	1	53609	1.8653584E-5	8.705245	40.0	TRUE	G	4.5168614E-5	82.0	0.0024465993	0.9922611	153.31789	0.029602233	0.97613543	0.0
SPIKE	S112:G>C	0	53609	0.0	9999.0	0.0	TRUE	G	8.704071E-5	0.0	6.961965E-4	0.9851405	238.02353	0.019617457	0.9855698	1.0
SPIKE	S112:G>T	0	53609	0.0	9999.0	0.0	TRUE	G	7.604444E-5	1.0	8.5042143E-4	0.98700553	197.95178	0.020611767	0.98308563	1.0
SPIKE	S113:T>A	0	53609	0.0	9999.0	0.0	TRUE	T	2.6046146E-5	3.0	0.0016593535	0.99553007	61.09183	0.022893874	0.9883716	1.0
SPIKE	S113:T>G	0	53609	0.0	9999.0	0.0	TRUE	T	2.0526821E-4	5.0	3.7155068E-4	0.96530986	542.85016	0.020278735	0.98159426	1.0
SPIKE	S113:T>C	0	53609	0.0	9999.0	0.0	TRUE	T	6.169799E-5	102.0	0.0019066753	0.9894441	126.180244	0.03248908	0.9725495	0.0
SPIKE	S114:G>A	3	53609	5.5960754E-5	28.33411	40.0	TRUE	G	4.5168614E-5	82.0	0.0024465993	0.9922611	153.31789	0.029602233	0.97613543	0.0
SPIKE	S114:G>C	0	53609	0.0	9999.0	0.0	TRUE	G	8.704071E-5	0.0	6.961965E-4	0.9851405	238.02353	0.019617457	0.9855698	1.0
SPIKE	S114:G>T	0	53609	0.0	9999.0	0.0	TRUE	G	7.604444E-5	0.0	8.5042143E-4	0.98700553	197.95178	0.020611767	0.98308563	1.0
SPIKE	S115:A>G	2	53609	3.7307167E-5	12.487565	39.0	TRUE	A	8.643948E-5	158.0	0.0018771337	0.98524237	185.46805	0.029383855	0.9780619	0.0
SPIKE	S115:A>C	0	53609	0.0	9999.0	0.0	TRUE	A	2.036253E-5	1.0	0.0024881687	0.9965038	26.03197	0.042038225	0.9381352	1.0
SPIKE	S115:A>T	0	53609	0.0	9999.0	0.0	TRUE	A	2.170486E-5	2.0	0.002159943	0.9962737	43.50278	0.026805058	0.98517364	1.0
SPIKE	S116:C>T	2	53609	3.7307167E-5	20.688608	39.5	TRUE	C	3.1654905E-5	70.0	0.0013589453	0.99457014	332.87234	0.024275674	0.98299015	0.0
SPIKE	S116:C>A	0	53609	0.0	9999.0	0.0	TRUE	C	5.418213E-6	0.0	0.009973876	0.9990685	4.6502695	0.063091226	0.97421694	1.0
SPIKE	S116:C>G	0	53609	0.0	9999.0	0.0	TRUE	C	8.3065315E-5	0.0	8.309897E-4	0.98581433	229.14775	0.01944925	0.9874229	1.0
SPIKE	S117:C>T	3	53609	5.5960754E-5	29.493872	39.0	TRUE	C	4.115138E-5	91.0	0.0013589453	0.992947	332.87234	0.024275674	0.98299015	0.0
SPIKE	S117:C>A	0	53609	0.0	9999.0	0.0	TRUE	C	5.418213E-6	2.0	0.009973876	0.9990685	4.6502695	0.063091226	0.97421694	1.0
SPIKE	S117:C>G	0	53609	0.0	9999.0	0.0	TRUE	C	8.3065315E-5	0.0	8.309897E-4	0.98581433	229.14775	0.01944925	0.9874229	1.0
SPIKE	S118:T>C	1	53609	1.8653584E-5	6.642985	40.0	TRUE	T	7.3795636E-5	122.0	0.0019066753	0.98738736	126.180244	0.03248908	0.9725495	0.0
SPIKE	S118:T>A	0	53609	0.0	9999.0	0.0	TRUE	T	2.6046146E-5	6.0	0.0016593535	0.99553007	61.09183	0.022893874	0.9883716	1.0
SPIKE	S118:T>G	0	53609	0.0	9999.0	0.0	TRUE	T	2.0526821E-4	3.0	3.7155068E-4	0.96530986	542.85016	0.020278735	0.98159426	1.0
SPIKE	S119:A>C	1	53609	1.8653584E-5	12.128362	38.0	TRUE	A	2.036253E-5	2.0	0.0024881687	0.9965038	26.03197	0.042038225	0.9381352	1.0
SPIKE	S119:A>G	4	53609	7.4614334E-5	42.875828	39.5	TRUE	A	3.8295973E-5	70.0	0.0018771337	0.9934347	185.46805	0.029383855	0.9780619	0.0
SPIKE	S119:A>T	0	53609	0.0	9999.0	0.0	TRUE	A	2.170486E-5	1.0	0.002159943	0.9962737	43.50278	0.026805058	0.98517364	1.0
SPIKE	S120:T>C	1	53609	1.8653584E-5	8.106186	40.0	TRUE	T	5.2019874E-5	86.0	0.0019066753	0.9910925	126.180244	0.03248908	0.9725495	0.0
SPIKE	S120:T>A	0	53609	0.0	9999.0	0.0	TRUE	T	2.6046146E-5	0.0	0.0016593535	0.99553007	61.09183	0.022893874	0.9883716	1.0
SPIKE	S120:T>G	0	53609	0.0	9999.0	0.0	TRUE	T	2.0526821E-4	2.0	3.7155068E-4	0.96530986	542.85016	0.020278735	0.98159426	1.0
SPIKE	S121:G>A	4	53609	7.4614334E-5	37.850037	39.5	TRUE	G	5.1778658E-5	94.0	0.0024465993	0.99113363	153.31789	0.029602233	0.97613543	0.0
SPIKE	S121:G>C	0	53609	0.0	9999.0	0.0	TRUE	G	8.704071E-5	0.0	6.961965E-4	0.9851405	238.02353	0.019617457	0.9855698	1.0
SPIKE	S121:G>T	0	53609	0.0	9999.0	0.0	TRUE	G	7.604444E-5	0.0	8.5042143E-4	0.98700553	197.95178	0.020611767	0.98308563	1.0
SPIKE	S122:T>C	2	53609	3.7307167E-5	11.325049	38.0	TRUE	T	1.00410456E-4	166.0	0.0019066753	0.9828777	126.180244	0.03248908	0.9725495	0.0
SPIKE	S122:T>A	0	53609	0.0	9999.0	0.0	TRUE	T	2.6046146E-5	1.0	0.0016593535	0.99553007	61.09183	0.022893874	0.9883716	1.0
SPIKE	S122:T>G	0	53609	0.0	9999.0	0.0	TRUE	T	2.0526821E-4	8.0	3.7155068E-4	0.96530986	542.85016	0.020278735	0.98159426	1.0
SPIKE	S123:G>A	2	53609	3.7307167E-5	20.326838	39.0	TRUE	G	3.3050204E-5	60.0	0.0024465993	0.9943315	153.31789	0.029602233	0.97613543	0.0
SPIKE	D123-124:G>	1	53609	1.8653584E-5	9999.0	39.20021	TRUE		NaN	NaN	NaN	NaN	NaN	NaN	NaN	NaN
SPIKE	S123:G>C	0	53609	0.0	9999.0	0.0	TRUE	G	8.704071E-5	0.0	6.961965E-4	0.9851405	238.02353	0.019617457	0.9855698	1.0
SPIKE	S123:G>T	0	53609	0.0	9999.0	0.0	TRUE	G	7.604444E-5	0.0	8.5042143E-4	0.98700553	197.95178	0.020611767	0.98308563	1.0
SPIKE	S124:T>A	0	53609	0.0	9999.0	0.0	TRUE	T	2.6046146E-5	0.0	0.0016593535	0.99553007	61.09183	0.022893874	0.9883716	1.0
SPIKE	S124:T>G	0	53609	0.0	9999.0	0.0	TRUE	T	2.0526821E-4	1.0	3.7155068E-4	0.96530986	542.85016	0.020278735	0.98159426	1.0
SPIKE	S124:T>C	0	53609	0.0	9999.0	0.0	TRUE	T	8.1054226E-5	134.0	0.0019066753	0.9861554	126.180244	0.03248908	0.9725495	0.0
SPIKE	S125:G>A	2	53609	3.7307167E-5	14.822976	37.5	TRUE	G	6.44479E-5	117.0	0.0024465993	0.9889762	153.31789	0.029602233	0.97613543	0.0
SPIKE	S125:G>C	0	53609	0.0	9999.0	0.0	TRUE	G	8.704071E-5	0.0	6.961965E-4	0.9851405	238.02353	0.019617457	0.9855698	1.0
SPIKE	S125:G>T	0	53609	0.0	9999.0	0.0	TRUE	G	7.604444E-5	0.0	8.5042143E-4	0.98700553	197.95178	0.020611767	0.98308563	1.0
SPIKE	S126:C>T	7	53609	1.3057509E-4	67.03483	39.0	TRUE	C	7.144965E-5	158.0	0.0013589453	0.9877859	332.87234	0.024275674	0.98299015	0.0
SPIKE	S126:C>A	1	53609	1.8653584E-5	17.868597	39.0	TRUE	C	5.418213E-6	1.0	0.009973876	0.9990685	4.6502695	0.063091226	0.97421694	1.0
SPIKE	S126:C>G	0	53609	0.0	9999.0	0.0	TRUE	C	8.3065315E-5	5.0	8.309897E-4	0.98581433	229.14775	0.01944925	0.9874229	1.0
SPIKE	S127:G>A	1	53609	1.8653584E-5	7.2776766	40.0	TRUE	G	6.3346226E-5	115.0	0.0024465993	0.9891636	153.31789	0.029602233	0.97613543	0.0
SPIKE	S127:G>C	0	53609	0.0	9999.0	0.0	TRUE	G	8.704071E-5	4.0	6.961965E-4	0.9851405	238.02353	0.019617457	0.9855698	1.0
SPIKE	S127:G>T	0	53609	0.0	9999.0	0.0	TRUE	G	7.604444E-5	2.0	8.5042143E-4	0.98700553	197.95178	0.020611767	0.98308563	1.0
SPIKE	S128:G>A	1	53609	1.8653584E-5	5.7425394	39.0	TRUE	G	9.198974E-5	167.0	0.0024465993	0.9843023	153.31789	0.029602233	0.97613543	0.0
SPIKE	S128:G>C	0	53609	0.0	9999.0	0.0	TRUE	G	8.704071E-5	2.0	6.961965E-4	0.9851405	238.02353	0.019617457	0.9855698	1.0
SPIKE	S128:G>T	0	53609	0.0	9999.0	0.0	TRUE	G	7.604444E-5	4.0	8.5042143E-4	0.98700553	197.95178	0.020611767	0.98308563	1.0
SPIKE	S129:C>T	1	53609	1.8653584E-5	8.219282	39.0	TRUE	C	5.064785E-5	112.0	0.0013589453	0.9913264	332.87234	0.024275674	0.98299015	0.0
SPIKE	S129:C>A	0	53609	0.0	9999.0	0.0	TRUE	C	5.418213E-6	4.0	0.009973876	0.9990685	4.6502695	0.063091226	0.97421694	1.0
SPIKE	S129:C>G	0	53609	0.0	9999.0	0.0	TRUE	C	8.3065315E-5	5.0	8.309897E-4	0.98581433	229.14775	0.01944925	0.9874229	1.0
SPIKE	S130:G>A	3	53609	5.5960754E-5	26.77538	39.333332	TRUE	G	5.122782E-5	93.0	0.0024465993	0.9912275	153.31789	0.029602233	0.97613543	0.0
SPIKE	S130:G>C	0	53609	0.0	9999.0	0.0	TRUE	G	8.704071E-5	4.0	6.961965E-4	0.9851405	238.02353	0.019617457	0.9855698	1.0
SPIKE	S130:G>T	0	53609	0.0	9999.0	0.0	TRUE	G	7.604444E-5	4.0	8.5042143E-4	0.98700553	197.95178	0.020611767	0.98308563	1.0
SPIKE	S131:G>A	2	53609	3.7307167E-5	10.467748	38.5	TRUE	G	1.123707E-4	204.0	0.0024465993	0.98085785	153.31789	0.029602233	0.97613543	0.0
SPIKE	S131:G>C	0	53609	0.0	9999.0	0.0	TRUE	G	8.704071E-5	4.0	6.961965E-4	0.9851405	238.02353	0.019617457	0.9855698	1.0
SPIKE	S131:G>T	0	53609	0.0	9999.0	0.0	TRUE	G	7.604444E-5	0.0	8.5042143E-4	0.98700553	197.95178	0.020611767	0.98308563	1.0
SPIKE	S132:C>T	2	53609	3.7307167E-5	17.634876	35.5	TRUE	C	4.5673507E-5	101.0	0.0013589453	0.9921749	332.87234	0.024275674	0.98299015	0.0
SPIKE	S132:C>A	0	53609	0.0	9999.0	0.0	TRUE	C	5.418213E-6	3.0	0.009973876	0.9990685	4.6502695	0.063091226	0.97421694	1.0
SPIKE	S132:C>G	0	53609	0.0	9999.0	0.0	TRUE	C	8.3065315E-5	3.0	8.309897E-4	0.98581433	229.14775	0.01944925	0.9874229	1.0
SPIKE	S133:A>G	0	53609	0.0	9999.0	0.0	TRUE	A	1.0146685E-4	4.0	0.0018771337	0.9826991	185.46805	0.029383855	0.9780619	1.0
SPIKE	S133:A>C	0	53609	0.0	9999.0	0.0	TRUE	A	2.036253E-5	8.0	0.0024881687	0.9965038	26.03197	0.042038225	0.9381352	1.0
SPIKE	S133:A>T	0	53609	0.0	9999.0	0.0	TRUE	A	2.170486E-5	0.0	0.002159943	0.9962737	43.50278	0.026805058	0.98517364	1.0
SPIKE	S134:G>A	0	53609	0.0	9999.0	0.0	TRUE	G	1.9554705E-4	355.0	0.0024465993	0.96692526	153.31789	0.029602233	0.97613543	0.0
SPIKE	S134:G>C	0	53609	0.0	9999.0	0.0	TRUE	G	1.6089969E-5	44.0	6.961965E-4	0.9972364	238.02353	0.019617457	0.9855698	0.0
SPIKE	S134:G>T	0	53609	0.0	9999.0	0.0	TRUE	G	7.604444E-5	5.0	8.5042143E-4	0.98700553	197.95178	0.020611767	0.98308563	1.0
SPIKE	S135:C>A	0	53609	0.0	9999.0	0.0	TRUE	C	5.418213E-6	3.0	0.009973876	0.9990685	4.6502695	0.063091226	0.97421694	1.0
SPIKE	S135:C>G	0	53609	0.0	9999.0	0.0	TRUE	C	4.3499613E-6	12.0	8.309897E-4	0.9992521	229.14775	0.01944925	0.9874229	0.0
SPIKE	S135:C>T	0	53609	0.0	9999.0	0.0	TRUE	C	1.3747274E-4	304.0	0.0013589453	0.97663206	332.87234	0.024275674	0.98299015	0.0
SPIKE	S136:C>A	0	53609	0.0	9999.0	0.0	TRUE	C	5.418213E-6	5.0	0.009973876	0.9990685	4.6502695	0.063091226	0.97421694	1.0
SPIKE	S136:C>G	0	53609	0.0	9999.0	0.0	TRUE	C	3.6249676E-6	10.0	8.309897E-4	0.9993767	229.14775	0.01944925	0.9874229	0.0
SPIKE	S136:C>T	0	53609	0.0	9999.0	0.0	TRUE	C	1.8043297E-4	399.0	0.0013589453	0.9694421	332.87234	0.024275674	0.98299015	0.0
SPIKE	S137:T>A	0	53609	0.0	9999.0	0.0	TRUE	T	2.6046146E-5	8.0	0.0016593535	0.99553007	61.09183	0.022893874	0.9883716	1.0
SPIKE	S137:T>G	0	53609	0.0	9999.0	0.0	TRUE	T	8.697002E-5	230.0	3.7155068E-4	0.9851525	542.85016	0.020278735	0.98159426	0.0
SPIKE	S137:T>C	0	53609	0.0	9999.0	0.0	TRUE	T	1.5726939E-5	26.0	0.0019066753	0.9972986	126.180244	0.03248908	0.9725495	0.0
SPIKE	S138:G>A	0	53609	0.0	9999.0	0.0	TRUE	G	4.2028844E-4	763.0	0.0024465993	0.93026143	153.31789	0.029602233	0.97613543	0.0
SPIKE	S138:G>C	0	53609	0.0	9999.0	0.0	TRUE	G	8.704071E-5	4.0	6.961965E-4	0.9851405	238.02353	0.019617457	0.9855698	1.0
SPIKE	S138:G>T	0	53609	0.0	9999.0	0.0	TRUE	G	2.4970164E-5	65.0	8.5042143E-4	0.99571437	197.95178	0.020611767	0.98308563	0.0
SPIKE	S139:A>G	0	53609	0.0	9999.0	0.0	TRUE	A	6.2367726E-5	114.0	0.0018771337	0.98933005	185.46805	0.029383855	0.9780619	0.0
SPIKE	S139:A>C	0	53609	0.0	9999.0	0.0	TRUE	A	2.036253E-5	3.0	0.0024881687	0.9965038	26.03197	0.042038225	0.9381352	1.0
SPIKE	S139:A>T	0	53609	0.0	9999.0	0.0	TRUE	A	4.7348498E-4	949.0	0.002159943	0.9217886	43.50278	0.026805058	0.98517364	0.0
SPIKE	S140:T>A	0	53609	0.0	9999.0	0.0	TRUE	T	9.1664E-5	215.0	0.0016593535	0.9843574	61.09183	0.022893874	0.9883716	0.0
SPIKE	S140:T>G	0	53609	0.0	9999.0	0.0	TRUE	T	2.760353E-5	73.0	3.7155068E-4	0.99526346	542.85016	0.020278735	0.98159426	0.0
SPIKE	S140:T>C	0	53609	0.0	9999.0	0.0	TRUE	T	1.9356232E-5	32.0	0.0019066753	0.99667627	126.180244	0.03248908	0.9725495	0.0
SPIKE	S141:T>A	0	53609	0.0	9999.0	0.0	TRUE	T	7.725356E-4	1812.0	0.0016593535	0.8755735	61.09183	0.022893874	0.9883716	0.0
SPIKE	S141:T>G	0	53609	0.0	9999.0	0.0	TRUE	T	6.163528E-5	163.0	3.7155068E-4	0.98945475	542.85016	0.020278735	0.98159426	0.0
SPIKE	S141:T>C	0	53609	0.0	9999.0	0.0	TRUE	T	6.532729E-5	108.0	0.0019066753	0.9888266	126.180244	0.03248908	0.9725495	0.0
SPIKE	S142:A>G	0	53609	0.0	9999.0	0.0	TRUE	A	0.0013792021	2521.0	0.0018771337	0.78881556	185.46805	0.029383855	0.9780619	0.0
SPIKE	S142:A>C	0	53609	0.0	9999.0	0.0	TRUE	A	2.589123E-4	331.0	0.0024881687	0.95644414	26.03197	0.042038225	0.9381352	0.0
SPIKE	S142:A>T	0	53609	0.0	9999.0	0.0	TRUE	A	1.5666416E-4	314.0	0.002159943	0.9734136	43.50278	0.026805058	0.98517364	0.0
SPIKE	S143:G>A	0	53609	0.0	9999.0	0.0	TRUE	G	3.607981E-4	655.0	0.0024465993	0.93982905	153.31789	0.029602233	0.97613543	0.0
SPIKE	S143:G>C	0	53609	0.0	9999.0	0.0	TRUE	G	0.0014034841	3838.0	6.961965E-4	0.78552794	238.02353	0.019617457	0.9855698	0.0
SPIKE	S143:G>T	0	53609	0.0	9999.0	0.0	TRUE	G	1.4982098E-5	39.0	8.5042143E-4	0.9974264	197.95178	0.020611767	0.98308563	0.0
SPIKE	S144:C>A	0	53609	0.0	9999.0	0.0	TRUE	C	1.6311953E-5	14.0	0.009973876	0.9971983	4.6502695	0.063091226	0.97421694	0.0
SPIKE	S144:C>G	0	53609	0.0	9999.0	0.0	TRUE	C	2.1604807E-4	596.0	8.309897E-4	0.9635217	229.14775	0.01944925	0.9874229	0.0
SPIKE	S144:C>T	0	53609	0.0	9999.0	0.0	TRUE	C	1.4606478E-4	323.0	0.0013589453	0.9751898	332.87234	0.024275674	0.98299015	0.0
SPIKE	S145:C>A	0	53609	0.0	9999.0	0.0	TRUE	C	1.2816535E-5	11.0	0.009973876	0.99779797	4.6502695	0.063091226	0.97421694	0.0
SPIKE	S145:C>G	0	53609	0.0	9999.0	0.0	TRUE	C	1.5406113E-4	425.0	8.309897E-4	0.9738495	229.14775	0.01944925	0.9874229	0.0
SPIKE	S145:C>T	0	53609	0.0	9999.0	0.0	TRUE	C	2.125401E-4	470.0	0.0013589453	0.9641032	332.87234	0.024275674	0.98299015	0.0
SPIKE	S146:C>A	0	53609	0.0	9999.0	0.0	TRUE	C	5.418213E-6	9.0	0.009973876	0.9990685	4.6502695	0.063091226	0.97421694	1.0
SPIKE	S146:C>G	0	53609	0.0	9999.0	0.0	TRUE	C	0.0018929581	5222.0	8.309897E-4	0.72210205	229.14775	0.01944925	0.9874229	0.0
SPIKE	S146:C>T	0	53609	0.0	9999.0	0.0	TRUE	C	3.1202694E-4	690.0	0.0013589453	0.9477461	332.87234	0.024275674	0.98299015	0.0
SPIKE	S147:G>A	0	53609	0.0	9999.0	0.0	TRUE	G	1.18980744E-4	216.0	0.0024465993	0.9797433	153.31789	0.029602233	0.97613543	0.0
SPIKE	S147:G>C	0	53609	0.0	9999.0	0.0	TRUE	G	4.0407764E-4	1105.0	6.961965E-4	0.9328589	238.02353	0.019617457	0.9855698	0.0
SPIKE	S147:G>T	0	53609	0.0	9999.0	0.0	TRUE	G	0.0021589587	5620.0	8.5042143E-4	0.6898087	197.95178	0.020611767	0.98308563	0.0
SPIKE	S148:T>A	0	53609	0.0	9999.0	0.0	TRUE	T	2.6046146E-5	6.0	0.0016593535	0.99553007	61.09183	0.022893874	0.9883716	1.0
SPIKE	S148:T>G	0	53609	0.0	9999.0	0.0	TRUE	T	0.003400906	8994.0	3.7155068E-4	0.55713046	542.85016	0.020278735	0.98159426	0.0
SPIKE	S148:T>C	0	53609	0.0	9999.0	0.0	TRUE	T	2.6493843E-4	438.0	0.0019066753	0.9554533	126.180244	0.03248908	0.9725495	0.0
SPIKE	S149:G>A	0	53609	0.0	9999.0	0.0	TRUE	G	1.0576066E-4	192.0	0.0024465993	0.98197365	153.31789	0.029602233	0.97613543	0.0
SPIKE	S149:G>C	0	53609	0.0	9999.0	0.0	TRUE	G	0.0021849447	5975.0	6.961965E-4	0.6867325	238.02353	0.019617457	0.9855698	0.0
SPIKE	S149:G>T	0	53609	0.0	9999.0	0.0	TRUE	G	7.310496E-4	1903.0	8.5042143E-4	0.8818436	197.95178	0.020611767	0.98308563	0.0
SPIKE	S150:C>A	0	53608	0.0	9999.0	0.0	TRUE	C	5.418213E-6	7.0	0.009973876	0.9990685	4.6501827	0.063091226	0.97421694	1.0
SPIKE	S150:C>G	0	53608	0.0	9999.0	0.0	TRUE	C	9.968847E-4	2750.0	8.309897E-4	0.8424305	229.14348	0.01944925	0.9874229	0.0
SPIKE	S150:C>T	0	53608	0.0	9999.0	0.0	TRUE	C	0.0032985029	7294.0	0.0013589453	0.5670303	332.86615	0.024275674	0.98299015	0.0
SPIKE	S151:T>A	0	53606	0.0	9999.0	0.0	TRUE	T	2.6046146E-5	1.0	0.0016593535	0.99553007	61.088413	0.022893874	0.9883716	1.0
SPIKE	S151:T>G	0	53606	0.0	9999.0	0.0	TRUE	T	0.003519836	9308.0	3.7155068E-4	0.5458496	542.81976	0.020278735	0.98159426	0.0
SPIKE	S151:T>C	0	53606	0.0	9999.0	0.0	TRUE	T	8.747087E-4	1446.0	0.0019066753	0.8603208	126.17318	0.03248908	0.9725495	0.0
SPIKE	S152:G>A	0	53601	0.0	9999.0	0.0	TRUE	G	1.2230402E-4	222.0	0.0024465993	0.97918344	153.295	0.029602233	0.97613543	0.0
SPIKE	S152:G>C	0	53601	0.0	9999.0	0.0	TRUE	G	1.097207E-5	30.0	6.961965E-4	0.9981146	237.988	0.019617457	0.9855698	0.0
SPIKE	S152:G>T	0	53601	0.0	9999.0	0.0	TRUE	G	5.7017314E-4	1484.0	8.5042143E-4	0.90658563	197.92224	0.020611767	0.98308563	0.0
SPIKE	S153:G>A	0	53544	0.0	9999.0	0.0	TRUE	G	1.1967668E-4	217.0	0.0024465993	0.979626	153.13199	0.029602233	0.97613543	0.0
SPIKE	S153:G>C	0	53544	0.0	9999.0	0.0	TRUE	G	7.3225006E-6	20.0	6.961965E-4	0.9987413	237.73492	0.019617457	0.9855698	0.0
SPIKE	S153:G>T	0	53544	0.0	9999.0	0.0	TRUE	G	7.692454E-6	20.0	8.5042143E-4	0.9986778	197.71176	0.020611767	0.98308563	0.0
