#pipeline_block
reference	mutation	count	coverage	freq	score	cqs	has.reference	ancestral.allele	error.rate	minor.count.local	minor.fdr	minor.recall	minor.count.global	read.fraction.in.minors	q.filtered.read.fraction	global.est
SPIKE	S0:T>A	0	0	NaN	9999.0	0.0	FALSE	A	3.1487212E-5	0.0	5.9425158E-5	0.9995278	0.0	0.20827131	0.98722124	1.0
SPIKE	S0:T>G	0	0	NaN	9999.0	0.0	FALSE	A	1.937462E-4	0.0	9.7141265E-6	0.997098	0.0	0.21150352	0.9818983	1.0
SPIKE	S0:T>C	0	0	NaN	9999.0	0.0	FALSE	A	5.413201E-5	0.0	3.2083895E-5	0.99918836	0.0	0.24357162	0.96992123	1.0
SPIKE	S1:A>G	0	0	NaN	9999.0	0.0	FALSE	A	6.5939785E-5	0.0	5.7193036E-5	0.9990114	0.0	0.2283392	0.97951454	1.0
SPIKE	S1:A>C	0	0	NaN	9999.0	0.0	FALSE	A	1.241181E-5	0.0	7.407589E-5	0.99981385	0.0	0.24723405	0.96252304	1.0
SPIKE	S1:A>T	0	0	NaN	9999.0	0.0	FALSE	A	3.3719283E-5	0.0	4.2539377E-5	0.9994943	0.0	0.25056857	0.9823215	1.0
SPIKE	S2:G>A	0	0	NaN	9999.0	0.0	FALSE	A	3.293085E-5	0.0	6.5330685E-5	0.9995062	0.0	0.2247327	0.9708314	1.0
SPIKE	S2:G>C	0	0	NaN	9999.0	0.0	FALSE	A	1.1909586E-4	0.0	1.6082344E-5	0.99821514	0.0	0.2237472	0.98654354	1.0
SPIKE	S2:G>T	0	0	NaN	9999.0	0.0	FALSE	A	1.16780706E-4	0.0	1.9086645E-5	0.9982498	0.0	0.23141603	0.98176885	1.0
SPIKE	S3:C>A	0	0	NaN	9999.0	0.0	FALSE	A	1.51382255E-5	0.0	8.156823E-5	0.99977297	0.0	0.21193846	0.975039	1.0
SPIKE	S3:C>G	0	0	NaN	9999.0	0.0	FALSE	A	1.2059895E-4	0.0	1.6826092E-5	0.99819267	0.0	0.21505468	0.9871411	1.0
SPIKE	S3:C>T	0	0	NaN	9999.0	0.0	FALSE	A	1.6448538E-4	0.0	3.1261607E-5	0.99753577	0.0	0.21398856	0.97503126	1.0
SPIKE	S4:G>A	0	0	NaN	9999.0	0.0	FALSE	A	3.293085E-5	0.0	6.5330685E-5	0.9995062	0.0	0.2247327	0.9708314	1.0
SPIKE	S4:G>C	0	0	NaN	9999.0	0.0	FALSE	A	1.1909586E-4	0.0	1.6082344E-5	0.99821514	0.0	0.2237472	0.98654354	1.0
SPIKE	S4:G>T	0	0	NaN	9999.0	0.0	FALSE	A	1.16780706E-4	0.0	1.9086645E-5	0.9982498	0.0	0.23141603	0.98176885	1.0
SPIKE	S5:T>A	0	0	NaN	9999.0	0.0	FALSE	A	3.1487212E-5	0.0	5.9425158E-5	0.9995278	0.0	0.20827131	0.98722124	1.0
SPIKE	S5:T>G	0	0	NaN	9999.0	0.0	FALSE	A	1.937462E-4	0.0	9.7141265E-6	0.997098	0.0	0.21150352	0.9818983	1.0
SPIKE	S5:T>C	0	0	NaN	9999.0	0.0	FALSE	A	5.413201E-5	0.0	3.2083895E-5	0.99918836	0.0	0.24357162	0.96992123	1.0
SPIKE	S6:G>A	0	0	NaN	9999.0	0.0	FALSE	A	3.293085E-5	0.0	6.5330685E-5	0.9995062	0.0	0.2247327	0.9708314	1.0
SPIKE	S6:G>C	0	0	NaN	9999.0	0.0	FALSE	A	1.1909586E-4	0.0	1.6082344E-5	0.99821514	0.0	0.2237472	0.98654354	1.0
SPIKE	S6:G>T	0	0	NaN	9999.0	0.0	FALSE	A	1.16780706E-4	0.0	1.9086645E-5	0.9982498	0.0	0.23141603	0.98176885	1.0
SPIKE	S7:A>G	0	0	NaN	9999.0	0.0	FALSE	A	6.5939785E-5	0.0	5.7193036E-5	0.9990114	0.0	0.2283392	0.97951454	1.0
SPIKE	S7:A>C	0	0	NaN	9999.0	0.0	FALSE	A	1.241181E-5	0.0	7.407589E-5	0.99981385	0.0	0.24723405	0.96252304	1.0
SPIKE	S7:A>T	0	0	NaN	9999.0	0.0	FALSE	A	3.3719283E-5	0.0	4.2539377E-5	0.9994943	0.0	0.25056857	0.9823215	1.0
SPIKE	S8:A>G	0	0	NaN	9999.0	0.0	FALSE	A	6.5939785E-5	0.0	5.7193036E-5	0.9990114	0.0	0.2283392	0.97951454	1.0
SPIKE	S8:A>C	0	0	NaN	9999.0	0.0	FALSE	A	1.241181E-5	0.0	7.407589E-5	0.99981385	0.0	0.24723405	0.96252304	1.0
SPIKE	S8:A>T	0	0	NaN	9999.0	0.0	FALSE	A	3.3719283E-5	0.0	4.2539377E-5	0.9994943	0.0	0.25056857	0.9823215	1.0
SPIKE	S9:G>A	0	0	NaN	9999.0	0.0	FALSE	A	3.293085E-5	0.0	6.5330685E-5	0.9995062	0.0	0.2247327	0.9708314	1.0
SPIKE	S9:G>C	0	0	NaN	9999.0	0.0	FALSE	A	1.1909586E-4	0.0	1.6082344E-5	0.99821514	0.0	0.2237472	0.98654354	1.0
SPIKE	S9:G>T	0	0	NaN	9999.0	0.0	FALSE	A	1.16780706E-4	0.0	1.9086645E-5	0.9982498	0.0	0.23141603	0.98176885	1.0
SPIKE	S10:A>G	0	0	NaN	9999.0	0.0	FALSE	A	6.5939785E-5	0.0	5.7193036E-5	0.9990114	0.0	0.2283392	0.97951454	1.0
SPIKE	S10:A>C	0	0	NaN	9999.0	0.0	FALSE	A	1.241181E-5	0.0	7.407589E-5	0.99981385	0.0	0.24723405	0.96252304	1.0
SPIKE	S10:A>T	0	0	NaN	9999.0	0.0	FALSE	A	3.3719283E-5	0.0	4.2539377E-5	0.9994943	0.0	0.25056857	0.9823215	1.0
SPIKE	S11:C>A	0	0	NaN	9999.0	0.0	FALSE	A	1.51382255E-5	0.0	8.156823E-5	0.99977297	0.0	0.21193846	0.975039	1.0
SPIKE	S11:C>G	0	0	NaN	9999.0	0.0	FALSE	A	1.2059895E-4	0.0	1.6826092E-5	0.99819267	0.0	0.21505468	0.9871411	1.0
SPIKE	S11:C>T	0	0	NaN	9999.0	0.0	FALSE	A	1.6448538E-4	0.0	3.1261607E-5	0.99753577	0.0	0.21398856	0.97503126	1.0
SPIKE	S12:G>A	0	0	NaN	9999.0	0.0	FALSE	A	3.293085E-5	0.0	6.5330685E-5	0.9995062	0.0	0.2247327	0.9708314	1.0
SPIKE	S12:G>C	0	0	NaN	9999.0	0.0	FALSE	A	1.1909586E-4	0.0	1.6082344E-5	0.99821514	0.0	0.2237472	0.98654354	1.0
SPIKE	S12:G>T	0	0	NaN	9999.0	0.0	FALSE	A	1.16780706E-4	0.0	1.9086645E-5	0.9982498	0.0	0.23141603	0.98176885	1.0
SPIKE	S13:A>G	0	0	NaN	9999.0	0.0	FALSE	A	6.5939785E-5	0.0	5.7193036E-5	0.9990114	0.0	0.2283392	0.97951454	1.0
SPIKE	S13:A>C	0	0	NaN	9999.0	0.0	FALSE	A	1.241181E-5	0.0	7.407589E-5	0.99981385	0.0	0.24723405	0.96252304	1.0
SPIKE	S13:A>T	0	0	NaN	9999.0	0.0	FALSE	A	3.3719283E-5	0.0	4.2539377E-5	0.9994943	0.0	0.25056857	0.9823215	1.0
SPIKE	S14:C>A	0	0	NaN	9999.0	0.0	FALSE	A	1.51382255E-5	0.0	8.156823E-5	0.99977297	0.0	0.21193846	0.975039	1.0
SPIKE	S14:C>G	0	0	NaN	9999.0	0.0	FALSE	A	1.2059895E-4	0.0	1.6826092E-5	0.99819267	0.0	0.21505468	0.9871411	1.0
SPIKE	S14:C>T	0	0	NaN	9999.0	0.0	FALSE	A	1.6448538E-4	0.0	3.1261607E-5	0.99753577	0.0	0.21398856	0.97503126	1.0
SPIKE	S15:A>G	0	0	NaN	9999.0	0.0	FALSE	A	6.5939785E-5	0.0	5.7193036E-5	0.9990114	0.0	0.2283392	0.97951454	1.0
SPIKE	S15:A>C	0	0	NaN	9999.0	0.0	FALSE	A	1.241181E-5	0.0	7.407589E-5	0.99981385	0.0	0.24723405	0.96252304	1.0
SPIKE	S15:A>T	0	0	NaN	9999.0	0.0	FALSE	A	3.3719283E-5	0.0	4.2539377E-5	0.9994943	0.0	0.25056857	0.9823215	1.0
SPIKE	S16:G>A	0	0	NaN	9999.0	0.0	FALSE	A	3.293085E-5	0.0	6.5330685E-5	0.9995062	0.0	0.2247327	0.9708314	1.0
SPIKE	S16:G>C	0	0	NaN	9999.0	0.0	FALSE	A	1.1909586E-4	0.0	1.6082344E-5	0.99821514	0.0	0.2237472	0.98654354	1.0
SPIKE	S16:G>T	0	0	NaN	9999.0	0.0	FALSE	A	1.16780706E-4	0.0	1.9086645E-5	0.9982498	0.0	0.23141603	0.98176885	1.0
SPIKE	S17:A>G	0	0	NaN	9999.0	0.0	FALSE	A	6.5939785E-5	0.0	5.7193036E-5	0.9990114	0.0	0.2283392	0.97951454	1.0
SPIKE	S17:A>C	0	0	NaN	9999.0	0.0	FALSE	A	1.241181E-5	0.0	7.407589E-5	0.99981385	0.0	0.24723405	0.96252304	1.0
SPIKE	S17:A>T	0	0	NaN	9999.0	0.0	FALSE	A	3.3719283E-5	0.0	4.2539377E-5	0.9994943	0.0	0.25056857	0.9823215	1.0
SPIKE	S18:A>G	0	0	NaN	9999.0	0.0	FALSE	A	6.5939785E-5	0.0	5.7193036E-5	0.9990114	0.0	0.2283392	0.97951454	1.0
SPIKE	S18:A>C	0	0	NaN	9999.0	0.0	FALSE	A	1.241181E-5	0.0	7.407589E-5	0.99981385	0.0	0.24723405	0.96252304	1.0
SPIKE	S18:A>T	0	0	NaN	9999.0	0.0	FALSE	A	3.3719283E-5	0.0	4.2539377E-5	0.9994943	0.0	0.25056857	0.9823215	1.0
SPIKE	S19:C>A	0	0	NaN	9999.0	0.0	FALSE	A	1.51382255E-5	0.0	8.156823E-5	0.99977297	0.0	0.21193846	0.975039	1.0
SPIKE	S19:C>G	0	0	NaN	9999.0	0.0	FALSE	A	1.2059895E-4	0.0	1.6826092E-5	0.99819267	0.0	0.21505468	0.9871411	1.0
SPIKE	S19:C>T	0	0	NaN	9999.0	0.0	FALSE	A	1.6448538E-4	0.0	3.1261607E-5	0.99753577	0.0	0.21398856	0.97503126	1.0
SPIKE	S20:C>A	0	0	NaN	9999.0	0.0	FALSE	A	1.51382255E-5	0.0	8.156823E-5	0.99977297	0.0	0.21193846	0.975039	1.0
SPIKE	S20:C>G	0	0	NaN	9999.0	0.0	FALSE	A	1.2059895E-4	0.0	1.6826092E-5	0.99819267	0.0	0.21505468	0.9871411	1.0
SPIKE	S20:C>T	0	0	NaN	9999.0	0.0	FALSE	A	1.6448538E-4	0.0	3.1261607E-5	0.99753577	0.0	0.21398856	0.97503126	1.0
SPIKE	S21:A>G	0	0	NaN	9999.0	0.0	FALSE	A	6.5939785E-5	0.0	5.7193036E-5	0.9990114	0.0	0.2283392	0.97951454	1.0
SPIKE	S21:A>C	0	0	NaN	9999.0	0.0	FALSE	A	1.241181E-5	0.0	7.407589E-5	0.99981385	0.0	0.24723405	0.96252304	1.0
SPIKE	S21:A>T	0	0	NaN	9999.0	0.0	FALSE	A	3.3719283E-5	0.0	4.2539377E-5	0.9994943	0.0	0.25056857	0.9823215	1.0
SPIKE	S22:A>G	0	0	NaN	9999.0	0.0	FALSE	A	6.5939785E-5	0.0	5.7193036E-5	0.9990114	0.0	0.2283392	0.97951454	1.0
SPIKE	S22:A>C	0	0	NaN	9999.0	0.0	FALSE	A	1.241181E-5	0.0	7.407589E-5	0.99981385	0.0	0.24723405	0.96252304	1.0
SPIKE	S22:A>T	0	0	NaN	9999.0	0.0	FALSE	A	3.3719283E-5	0.0	4.2539377E-5	0.9994943	0.0	0.25056857	0.9823215	1.0
SPIKE	S23:A>G	0	0	NaN	9999.0	0.0	FALSE	A	6.5939785E-5	0.0	5.7193036E-5	0.9990114	0.0	0.2283392	0.97951454	1.0
SPIKE	S23:A>C	0	0	NaN	9999.0	0.0	FALSE	A	1.241181E-5	0.0	7.407589E-5	0.99981385	0.0	0.24723405	0.96252304	1.0
SPIKE	S23:A>T	0	0	NaN	9999.0	0.0	FALSE	A	3.3719283E-5	0.0	4.2539377E-5	0.9994943	0.0	0.25056857	0.9823215	1.0
SPIKE	S24:A>G	0	0	NaN	9999.0	0.0	FALSE	A	6.5939785E-5	0.0	5.7193036E-5	0.9990114	0.0	0.2283392	0.97951454	1.0
SPIKE	S24:A>C	0	0	NaN	9999.0	0.0	FALSE	A	1.241181E-5	0.0	7.407589E-5	0.99981385	0.0	0.24723405	0.96252304	1.0
SPIKE	S24:A>T	0	0	NaN	9999.0	0.0	FALSE	A	3.3719283E-5	0.0	4.2539377E-5	0.9994943	0.0	0.25056857	0.9823215	1.0
SPIKE	S25:A>G	0	0	NaN	9999.0	0.0	FALSE	A	6.5939785E-5	0.0	5.7193036E-5	0.9990114	0.0	0.2283392	0.97951454	1.0
SPIKE	S25:A>C	0	0	NaN	9999.0	0.0	FALSE	A	1.241181E-5	0.0	7.407589E-5	0.99981385	0.0	0.24723405	0.96252304	1.0
SPIKE	S25:A>T	0	0	NaN	9999.0	0.0	FALSE	A	3.3719283E-5	0.0	4.2539377E-5	0.9994943	0.0	0.25056857	0.9823215	1.0
SPIKE	S26:T>A	0	170816	0.0	9999.0	0.0	TRUE	T	3.1487212E-5	1.0	5.9425158E-5	0.9995278	25.826117	0.20827131	0.98722124	1.0
SPIKE	S26:T>G	0	170816	0.0	9999.0	0.0	TRUE	T	1.937462E-4	1.0	9.7141265E-6	0.997098	156.47623	0.21150352	0.9818983	1.0
SPIKE	S26:T>C	0	170816	0.0	9999.0	0.0	TRUE	T	5.413201E-5	8.0	3.2083895E-5	0.99918836	37.96382	0.24357162	0.96992123	1.0
SPIKE	S27:G>A	0	174517	0.0	9999.0	0.0	TRUE	G	3.293085E-5	3.0	6.5330685E-5	0.9995062	25.574244	0.2247327	0.9708314	1.0
SPIKE	S27:G>C	0	174517	0.0	9999.0	0.0	TRUE	G	1.1909586E-4	0.0	1.6082344E-5	0.99821514	92.89317	0.2237472	0.98654354	1.0
SPIKE	S27:G>T	0	174517	0.0	9999.0	0.0	TRUE	G	1.16780706E-4	5.0	1.9086645E-5	0.9982498	88.06913	0.23141603	0.98176885	1.0
SPIKE	S28:G>A	0	175633	0.0	9999.0	0.0	TRUE	G	3.293085E-5	7.0	6.5330685E-5	0.9995062	25.737785	0.2247327	0.9708314	1.0
SPIKE	S28:G>C	0	175633	0.0	9999.0	0.0	TRUE	G	1.1909586E-4	1.0	1.6082344E-5	0.99821514	93.487206	0.2237472	0.98654354	1.0
SPIKE	S28:G>T	0	175633	0.0	9999.0	0.0	TRUE	G	1.16780706E-4	4.0	1.9086645E-5	0.9982498	88.63231	0.23141603	0.98176885	1.0
SPIKE	S29:G>A	0	175637	0.0	9999.0	0.0	TRUE	G	3.293085E-5	4.0	6.5330685E-5	0.9995062	25.73837	0.2247327	0.9708314	1.0
SPIKE	S29:G>C	0	175637	0.0	9999.0	0.0	TRUE	G	1.1909586E-4	0.0	1.6082344E-5	0.99821514	93.489334	0.2237472	0.98654354	1.0
SPIKE	S29:G>T	0	175637	0.0	9999.0	0.0	TRUE	G	1.16780706E-4	4.0	1.9086645E-5	0.9982498	88.63433	0.23141603	0.98176885	1.0
SPIKE	S30:A>G	0	175639	0.0	9999.0	0.0	TRUE	A	6.5939785E-5	2.0	5.7193036E-5	0.9990114	50.723927	0.2283392	0.97951454	1.0
SPIKE	S30:A>C	0	175639	0.0	9999.0	0.0	TRUE	A	1.241181E-5	0.0	7.407589E-5	0.99981385	8.8182	0.24723405	0.96252304	1.0
SPIKE	S30:A>T	0	175639	0.0	9999.0	0.0	TRUE	A	3.3719283E-5	1.0	4.2539377E-5	0.9994943	23.636936	0.25056857	0.9823215	1.0
SPIKE	S31:T>C	1	175639	5.6934964E-6	3.2482133	40.0	TRUE	T	5.413201E-5	4.0	3.2083895E-5	0.99918836	39.035732	0.24357162	0.96992123	1.0
SPIKE	S31:T>A	0	175639	0.0	9999.0	0.0	TRUE	T	3.1487212E-5	1.0	5.9425158E-5	0.9995278	26.555319	0.20827131	0.98722124	1.0
SPIKE	S31:T>G	0	175639	0.0	9999.0	0.0	TRUE	T	1.937462E-4	0.0	9.7141265E-6	0.997098	160.89435	0.21150352	0.9818983	1.0
SPIKE	S32:C>A	5	175639	2.8467482E-5	50.87877	39.4	TRUE	C	1.51382255E-5	2.0	8.156823E-5	0.99977297	12.546471	0.21193846	0.975039	1.0
SPIKE	S32:C>G	0	175639	0.0	9999.0	0.0	TRUE	C	1.2059895E-4	0.0	1.6826092E-5	0.99819267	98.49698	0.21505468	0.9871411	1.0
SPIKE	S32:C>T	0	175639	0.0	9999.0	0.0	TRUE	C	1.6448538E-4	6.0	3.1261607E-5	0.99753577	135.01166	0.21398856	0.97503126	1.0
SPIKE	S33:C>A	10	175639	5.6934965E-5	122.08768	40.0	TRUE	C	1.51382255E-5	3.0	8.156823E-5	0.99977297	12.546471	0.21193846	0.975039	1.0
SPIKE	S33:C>G	0	175639	0.0	9999.0	0.0	TRUE	C	1.2059895E-4	0.0	1.6826092E-5	0.99819267	98.49698	0.21505468	0.9871411	1.0
SPIKE	S33:C>T	0	175639	0.0	9999.0	0.0	TRUE	C	1.6448538E-4	3.0	3.1261607E-5	0.99753577	135.01166	0.21398856	0.97503126	1.0
SPIKE	S34:A>G	0	175639	0.0	9999.0	0.0	TRUE	A	6.5939785E-5	6.0	5.7193036E-5	0.9990114	50.723927	0.2283392	0.97951454	1.0
SPIKE	S34:A>C	0	175639	0.0	9999.0	0.0	TRUE	A	1.241181E-5	1.0	7.407589E-5	0.99981385	8.8182	0.24723405	0.96252304	1.0
SPIKE	S34:A>T	0	175639	0.0	9999.0	0.0	TRUE	A	3.3719283E-5	1.0	4.2539377E-5	0.9994943	23.636936	0.25056857	0.9823215	1.0
SPIKE	S35:T>A	0	175639	0.0	9999.0	0.0	TRUE	T	3.1487212E-5	2.0	5.9425158E-5	0.9995278	26.555319	0.20827131	0.98722124	1.0
SPIKE	S35:T>G	0	175639	0.0	9999.0	0.0	TRUE	T	1.937462E-4	1.0	9.7141265E-6	0.997098	160.89435	0.21150352	0.9818983	1.0
SPIKE	S35:T>C	0	175639	0.0	9999.0	0.0	TRUE	T	5.413201E-5	4.0	3.2083895E-5	0.99918836	39.035732	0.24357162	0.96992123	1.0
SPIKE	S36:T>A	0	175639	0.0	9999.0	0.0	TRUE	T	3.1487212E-5	2.0	5.9425158E-5	0.9995278	26.555319	0.20827131	0.98722124	1.0
SPIKE	S36:T>G	0	175639	0.0	9999.0	0.0	TRUE	T	1.937462E-4	0.0	9.7141265E-6	0.997098	160.89435	0.21150352	0.9818983	1.0
SPIKE	S36:T>C	0	175639	0.0	9999.0	0.0	TRUE	T	5.413201E-5	3.0	3.2083895E-5	0.99918836	39.035732	0.24357162	0.96992123	1.0
SPIKE	S37:A>G	0	175639	0.0	9999.0	0.0	TRUE	A	6.5939785E-5	1.0	5.7193036E-5	0.9990114	50.723927	0.2283392	0.97951454	1.0
SPIKE	S37:A>C	0	175639	0.0	9999.0	0.0	TRUE	A	1.241181E-5	0.0	7.407589E-5	0.99981385	8.8182	0.24723405	0.96252304	1.0
SPIKE	S37:A>T	0	175639	0.0	9999.0	0.0	TRUE	A	3.3719283E-5	1.0	4.2539377E-5	0.9994943	23.636936	0.25056857	0.9823215	1.0
SPIKE	S38:T>A	0	175639	0.0	9999.0	0.0	TRUE	T	3.1487212E-5	2.0	5.9425158E-5	0.9995278	26.555319	0.20827131	0.98722124	1.0
SPIKE	S38:T>G	0	175639	0.0	9999.0	0.0	TRUE	T	1.937462E-4	0.0	9.7141265E-6	0.997098	160.89435	0.21150352	0.9818983	1.0
SPIKE	S38:T>C	0	175639	0.0	9999.0	0.0	TRUE	T	5.413201E-5	1.0	3.2083895E-5	0.99918836	39.035732	0.24357162	0.96992123	1.0
SPIKE	S39:C>T	7	175639	3.9854473E-5	57.436962	39.285713	TRUE	C	3.0457626E-5	25.0	3.1261607E-5	0.99954325	135.01166	0.21398856	0.97503126	0.0
SPIKE	S39:C>A	9	175639	5.1241466E-5	106.82232	39.333332	TRUE	C	1.51382255E-5	6.0	8.156823E-5	0.99977297	12.546471	0.21193846	0.975039	1.0
SPIKE	S39:C>G	0	175639	0.0	9999.0	0.0	TRUE	C	1.2059895E-4	0.0	1.6826092E-5	0.99819267	98.49698	0.21505468	0.9871411	1.0
SPIKE	S40:G>T	1	175639	5.6934964E-6	1.0475143	40.0	TRUE	G	1.16780706E-4	3.0	1.9086645E-5	0.9982498	88.63534	0.23141603	0.98176885	1.0
SPIKE	S40:G>A	1	175639	5.6934964E-6	5.1062074	34.0	TRUE	G	3.293085E-5	3.0	6.5330685E-5	0.9995062	25.738665	0.2247327	0.9708314	1.0
SPIKE	S40:G>C	0	175639	0.0	9999.0	0.0	TRUE	G	1.1909586E-4	1.0	1.6082344E-5	0.99821514	93.490395	0.2237472	0.98654354	1.0
SPIKE	S41:G>A	1	175639	5.6934964E-6	9.023421	35.0	TRUE	G	1.2794311E-5	10.0	6.5330685E-5	0.99980813	25.738665	0.2247327	0.9708314	0.0
SPIKE	S41:G>C	0	175639	0.0	9999.0	0.0	TRUE	G	1.1909586E-4	0.0	1.6082344E-5	0.99821514	93.490395	0.2237472	0.98654354	1.0
SPIKE	S41:G>T	0	175639	0.0	9999.0	0.0	TRUE	G	1.16780706E-4	5.0	1.9086645E-5	0.9982498	88.63534	0.23141603	0.98176885	1.0
SPIKE	S42:C>T	4	175639	2.2773986E-5	35.45537	40.0	TRUE	C	1.8274575E-5	15.0	3.1261607E-5	0.99972594	135.01166	0.21398856	0.97503126	0.0
SPIKE	S42:C>A	21	175639	1.19563425E-4	311.46967	39.809525	TRUE	C	1.51382255E-5	6.0	8.156823E-5	0.99977297	12.546471	0.21193846	0.975039	1.0
SPIKE	S42:C>G	0	175639	0.0	9999.0	0.0	TRUE	C	1.2059895E-4	1.0	1.6826092E-5	0.99819267	98.49698	0.21505468	0.9871411	1.0
SPIKE	S43:G>T	1	175639	5.6934964E-6	1.0475143	40.0	TRUE	G	1.16780706E-4	5.0	1.9086645E-5	0.9982498	88.63534	0.23141603	0.98176885	1.0
SPIKE	S43:G>A	5	175639	2.8467482E-5	29.596773	40.0	TRUE	G	4.350066E-5	34.0	6.5330685E-5	0.9993477	25.738665	0.2247327	0.9708314	0.0
SPIKE	S43:G>C	0	175639	0.0	9999.0	0.0	TRUE	G	1.1909586E-4	2.0	1.6082344E-5	0.99821514	93.490395	0.2237472	0.98654354	1.0
SPIKE	S44:G>C	1	175639	5.6934964E-6	1.0067523	31.0	TRUE	G	1.1909586E-4	3.0	1.6082344E-5	0.99821514	93.490395	0.2237472	0.98654354	1.0
SPIKE	S44:G>A	8	175639	4.554797E-5	20.57174	38.375	TRUE	G	1.5481118E-4	121.0	6.5330685E-5	0.99768054	25.738665	0.2247327	0.9708314	0.0
SPIKE	S44:G>T	0	175639	0.0	9999.0	0.0	TRUE	G	1.16780706E-4	6.0	1.9086645E-5	0.9982498	88.63534	0.23141603	0.98176885	1.0
SPIKE	S45:C>T	1	175639	5.6934964E-6	0.46612284	31.0	TRUE	C	1.6448538E-4	6.0	3.1261607E-5	0.99753577	135.01166	0.21398856	0.97503126	1.0
SPIKE	S45:C>A	3	175639	1.7080489E-5	27.174755	40.0	TRUE	C	1.51382255E-5	4.0	8.156823E-5	0.99977297	12.546471	0.21193846	0.975039	1.0
SPIKE	S45:C>G	0	175639	0.0	9999.0	0.0	TRUE	C	1.2059895E-4	1.0	1.6826092E-5	0.99819267	98.49698	0.21505468	0.9871411	1.0
SPIKE	S46:G>A	2	175639	1.1386993E-5	13.560447	40.0	TRUE	G	2.3029761E-5	18.0	6.5330685E-5	0.9996546	25.738665	0.2247327	0.9708314	0.0
SPIKE	S46:G>C	0	175639	0.0	9999.0	0.0	TRUE	G	1.1909586E-4	3.0	1.6082344E-5	0.99821514	93.490395	0.2237472	0.98654354	1.0
SPIKE	S46:G>T	0	175639	0.0	9999.0	0.0	TRUE	G	1.16780706E-4	7.0	1.9086645E-5	0.9982498	88.63534	0.23141603	0.98176885	1.0
SPIKE	S47:A>G	0	175639	0.0	9999.0	0.0	TRUE	A	6.5939785E-5	1.0	5.7193036E-5	0.9990114	50.723927	0.2283392	0.97951454	1.0
SPIKE	S47:A>C	0	175639	0.0	9999.0	0.0	TRUE	A	1.241181E-5	0.0	7.407589E-5	0.99981385	8.8182	0.24723405	0.96252304	1.0
SPIKE	S47:A>T	0	175639	0.0	9999.0	0.0	TRUE	A	3.3719283E-5	2.0	4.2539377E-5	0.9994943	23.636936	0.25056857	0.9823215	1.0
SPIKE	S48:A>T	1	175639	5.6934964E-6	5.0130997	40.0	TRUE	A	3.3719283E-5	1.0	4.2539377E-5	0.9994943	23.636936	0.25056857	0.9823215	1.0
SPIKE	S48:A>G	0	175639	0.0	9999.0	0.0	TRUE	A	6.5939785E-5	0.0	5.7193036E-5	0.9990114	50.723927	0.2283392	0.97951454	1.0
SPIKE	S48:A>C	0	175639	0.0	9999.0	0.0	TRUE	A	1.241181E-5	0.0	7.407589E-5	0.99981385	8.8182	0.24723405	0.96252304	1.0
SPIKE	S49:T>C	1	175639	5.6934964E-6	3.2482133	31.0	TRUE	T	5.413201E-5	0.0	3.2083895E-5	0.99918836	39.035732	0.24357162	0.96992123	1.0
SPIKE	S49:T>A	0	175639	0.0	9999.0	0.0	TRUE	T	3.1487212E-5	1.0	5.9425158E-5	0.9995278	26.555319	0.20827131	0.98722124	1.0
SPIKE	S49:T>G	0	175639	0.0	9999.0	0.0	TRUE	T	1.937462E-4	0.0	9.7141265E-6	0.997098	160.89435	0.21150352	0.9818983	1.0
SPIKE	S50:T>C	1	175639	5.6934964E-6	3.2482133	31.0	TRUE	T	5.413201E-5	0.0	3.2083895E-5	0.99918836	39.035732	0.24357162	0.96992123	1.0
SPIKE	S50:T>A	0	175639	0.0	9999.0	0.0	TRUE	T	3.1487212E-5	0.0	5.9425158E-5	0.9995278	26.555319	0.20827131	0.98722124	1.0
SPIKE	S50:T>G	0	175639	0.0	9999.0	0.0	TRUE	T	1.937462E-4	0.0	9.7141265E-6	0.997098	160.89435	0.21150352	0.9818983	1.0
SPIKE	S51:T>A	0	175639	0.0	9999.0	0.0	TRUE	T	3.1487212E-5	1.0	5.9425158E-5	0.9995278	26.555319	0.20827131	0.98722124	1.0
SPIKE	S51:T>G	0	175639	0.0	9999.0	0.0	TRUE	T	1.937462E-4	0.0	9.7141265E-6	0.997098	160.89435	0.21150352	0.9818983	1.0
SPIKE	S51:T>C	0	175639	0.0	9999.0	0.0	TRUE	T	5.413201E-5	0.0	3.2083895E-5	0.99918836	39.035732	0.24357162	0.96992123	1.0
SPIKE	S52:A>G	4	175639	2.2773986E-5	26.840221	38.0	TRUE	A	3.1199375E-5	24.0	5.7193036E-5	0.9995321	50.723927	0.2283392	0.97951454	0.0
SPIKE	S52:A>C	0	175639	0.0	9999.0	0.0	TRUE	A	1.241181E-5	0.0	7.407589E-5	0.99981385	8.8182	0.24723405	0.96252304	1.0
SPIKE	S52:A>T	0	175639	0.0	9999.0	0.0	TRUE	A	3.3719283E-5	3.0	4.2539377E-5	0.9994943	23.636936	0.25056857	0.9823215	1.0
SPIKE	S53:C>G	1	175639	5.6934964E-6	0.98117554	40.0	TRUE	C	1.2059895E-4	8.0	1.6826092E-5	0.99819267	98.49698	0.21505468	0.9871411	1.0
SPIKE	S53:C>A	1	175639	5.6934964E-6	8.308069	40.0	TRUE	C	1.51382255E-5	6.0	8.156823E-5	0.99977297	12.546471	0.21193846	0.975039	1.0
SPIKE	S53:C>T	0	175639	0.0	9999.0	0.0	TRUE	C	2.923932E-5	24.0	3.1261607E-5	0.9995615	135.01166	0.21398856	0.97503126	0.0
SPIKE	S54:C>T	2	175639	1.1386993E-5	1.3498757	40.0	TRUE	C	1.6448538E-4	7.0	3.1261607E-5	0.99753577	135.01166	0.21398856	0.97503126	1.0
SPIKE	S54:C>A	17	175639	9.678944E-5	236.35431	40.0	TRUE	C	1.5685442E-5	13.0	8.156823E-5	0.99976474	12.546471	0.21193846	0.975039	0.0
SPIKE	S54:C>G	0	175639	0.0	9999.0	0.0	TRUE	C	1.2059895E-4	2.0	1.6826092E-5	0.99819267	98.49698	0.21505468	0.9871411	1.0
SPIKE	S55:A>G	6	175639	3.4160978E-5	56.032482	40.0	TRUE	A	2.0799584E-5	16.0	5.7193036E-5	0.999688	50.723927	0.2283392	0.97951454	0.0
SPIKE	S55:A>C	0	175639	0.0	9999.0	0.0	TRUE	A	2.392787E-5	17.0	7.407589E-5	0.9996411	8.8182	0.24723405	0.96252304	0.0
SPIKE	S55:A>T	0	175639	0.0	9999.0	0.0	TRUE	A	3.3719283E-5	1.0	4.2539377E-5	0.9994943	23.636936	0.25056857	0.9823215	1.0
SPIKE	S56:C>T	5	175639	2.8467482E-5	48.398758	40.0	TRUE	C	1.705627E-5	14.0	3.1261607E-5	0.9997442	135.01166	0.21398856	0.97503126	0.0
SPIKE	S56:C>G	1	175639	5.6934964E-6	0.98117554	40.0	TRUE	C	1.2059895E-4	3.0	1.6826092E-5	0.99819267	98.49698	0.21505468	0.9871411	1.0
SPIKE	S56:C>A	4	175639	2.2773986E-5	38.56276	40.0	TRUE	C	1.51382255E-5	2.0	8.156823E-5	0.99977297	12.546471	0.21193846	0.975039	1.0
SPIKE	S57:C>T	1	175639	5.6934964E-6	0.46612284	40.0	TRUE	C	1.6448538E-4	3.0	3.1261607E-5	0.99753577	135.01166	0.21398856	0.97503126	1.0
SPIKE	S57:C>A	23	175639	1.3095042E-4	348.99527	40.0	TRUE	C	1.51382255E-5	8.0	8.156823E-5	0.99977297	12.546471	0.21193846	0.975039	1.0
SPIKE	S57:C>G	0	175639	0.0	9999.0	0.0	TRUE	C	1.2059895E-4	0.0	1.6826092E-5	0.99819267	98.49698	0.21505468	0.9871411	1.0
SPIKE	S58:A>T	2	175639	1.1386993E-5	10.596416	40.0	TRUE	A	3.3719283E-5	6.0	4.2539377E-5	0.9994943	23.636936	0.25056857	0.9823215	1.0
SPIKE	S58:A>G	1	175639	5.6934964E-6	2.586586	40.0	TRUE	A	6.5939785E-5	2.0	5.7193036E-5	0.9990114	50.723927	0.2283392	0.97951454	1.0
SPIKE	S58:A>C	0	175639	0.0	9999.0	0.0	TRUE	A	2.1112828E-5	15.0	7.407589E-5	0.9996834	8.8182	0.24723405	0.96252304	0.0
SPIKE	S59:T>C	3	175639	1.7080489E-5	12.324823	40.0	TRUE	T	5.413201E-5	7.0	3.2083895E-5	0.99918836	39.035732	0.24357162	0.96992123	1.0
SPIKE	S59:T>G	1	175639	5.6934964E-6	0.2843224	40.0	TRUE	T	1.937462E-4	2.0	9.7141265E-6	0.997098	160.89435	0.21150352	0.9818983	1.0
SPIKE	S59:T>A	1	175639	5.6934964E-6	7.6277075	40.0	TRUE	T	1.7785822E-5	15.0	5.9425158E-5	0.99973327	26.555319	0.20827131	0.98722124	0.0
SPIKE	S60:T>C	9	175639	5.1241466E-5	70.35864	40.0	TRUE	T	4.021516E-5	29.0	3.2083895E-5	0.999397	39.035732	0.24357162	0.96992123	0.0
SPIKE	S60:T>A	0	175639	0.0	9999.0	0.0	TRUE	T	3.1487212E-5	1.0	5.9425158E-5	0.9995278	26.555319	0.20827131	0.98722124	1.0
SPIKE	S60:T>G	0	175639	0.0	9999.0	0.0	TRUE	T	1.937462E-4	4.0	9.7141265E-6	0.997098	160.89435	0.21150352	0.9818983	1.0
SPIKE	S61:G>A	2	175639	1.1386993E-5	10.775908	40.0	TRUE	G	3.293085E-5	8.0	6.5330685E-5	0.9995062	25.738665	0.2247327	0.9708314	1.0
SPIKE	S61:G>C	0	175639	0.0	9999.0	0.0	TRUE	G	1.1909586E-4	0.0	1.6082344E-5	0.99821514	93.490395	0.2237472	0.98654354	1.0
SPIKE	S61:G>T	0	175639	0.0	9999.0	0.0	TRUE	G	2.108066E-5	16.0	1.9086645E-5	0.99968386	88.63534	0.23141603	0.98176885	0.0
SPIKE	S62:A>G	1	175639	5.6934964E-6	6.973158	40.0	TRUE	A	2.0799584E-5	16.0	5.7193036E-5	0.999688	50.723927	0.2283392	0.97951454	0.0
SPIKE	D62-63:A>	7	175639	3.9854473E-5	9999.0	40.0	TRUE		NaN	NaN	NaN	NaN	NaN	NaN	NaN	NaN
SPIKE	S62:A>C	0	175639	0.0	9999.0	0.0	TRUE	A	1.241181E-5	0.0	7.407589E-5	0.99981385	8.8182	0.24723405	0.96252304	1.0
SPIKE	S62:A>T	0	175639	0.0	9999.0	0.0	TRUE	A	3.3719283E-5	2.0	4.2539377E-5	0.9994943	23.636936	0.25056857	0.9823215	1.0
SPIKE	S63:A>T	2	175639	1.1386993E-5	10.596416	40.0	TRUE	A	3.3719283E-5	2.0	4.2539377E-5	0.9994943	23.636936	0.25056857	0.9823215	1.0
SPIKE	S63:A>G	0	175639	0.0	9999.0	0.0	TRUE	A	6.5939785E-5	0.0	5.7193036E-5	0.9990114	50.723927	0.2283392	0.97951454	1.0
SPIKE	S63:A>C	0	175639	0.0	9999.0	0.0	TRUE	A	1.241181E-5	0.0	7.407589E-5	0.99981385	8.8182	0.24723405	0.96252304	1.0
SPIKE	S64:A>G	0	175639	0.0	9999.0	0.0	TRUE	A	6.5939785E-5	2.0	5.7193036E-5	0.9990114	50.723927	0.2283392	0.97951454	1.0
SPIKE	S64:A>C	0	175639	0.0	9999.0	0.0	TRUE	A	1.241181E-5	0.0	7.407589E-5	0.99981385	8.8182	0.24723405	0.96252304	1.0
SPIKE	S64:A>T	0	175639	0.0	9999.0	0.0	TRUE	A	3.3719283E-5	0.0	4.2539377E-5	0.9994943	23.636936	0.25056857	0.9823215	1.0
SPIKE	S65:A>G	1	175639	5.6934964E-6	2.586586	40.0	TRUE	A	6.5939785E-5	4.0	5.7193036E-5	0.9990114	50.723927	0.2283392	0.97951454	1.0
SPIKE	S65:A>C	1	175639	5.6934964E-6	7.845166	40.0	TRUE	A	1.6890262E-5	12.0	7.407589E-5	0.9997467	8.8182	0.24723405	0.96252304	0.0
SPIKE	S65:A>T	0	175639	0.0	9999.0	0.0	TRUE	A	3.3719283E-5	0.0	4.2539377E-5	0.9994943	23.636936	0.25056857	0.9823215	1.0
SPIKE	S66:C>A	5	175639	2.8467482E-5	51.80784	40.0	TRUE	C	1.4478869E-5	12.0	8.156823E-5	0.99978286	12.546471	0.21193846	0.975039	0.0
SPIKE	S66:C>G	1	175639	5.6934964E-6	0.98117554	40.0	TRUE	C	1.2059895E-4	4.0	1.6826092E-5	0.99819267	98.49698	0.21505468	0.9871411	1.0
SPIKE	S66:C>T	6	175639	3.4160978E-5	10.998184	40.0	TRUE	C	1.6448538E-4	7.0	3.1261607E-5	0.99753577	135.01166	0.21398856	0.97503126	1.0
SPIKE	S67:C>A	20	175639	1.1386993E-4	262.21988	40.0	TRUE	C	2.1718304E-5	18.0	8.156823E-5	0.99967426	12.546471	0.21193846	0.975039	0.0
SPIKE	S67:C>T	1	175639	5.6934964E-6	0.46612284	40.0	TRUE	C	1.6448538E-4	5.0	3.1261607E-5	0.99753577	135.01166	0.21398856	0.97503126	1.0
SPIKE	S67:C>G	0	175639	0.0	9999.0	0.0	TRUE	C	1.2059895E-4	0.0	1.6826092E-5	0.99819267	98.49698	0.21505468	0.9871411	1.0
SPIKE	S68:A>C	1	175639	5.6934964E-6	9.152956	40.0	TRUE	A	1.241181E-5	6.0	7.407589E-5	0.99981385	8.8182	0.24723405	0.96252304	1.0
SPIKE	S68:A>G	0	175639	0.0	9999.0	0.0	TRUE	A	2.8599428E-5	22.0	5.7193036E-5	0.9995711	50.723927	0.2283392	0.97951454	0.0
SPIKE	S68:A>T	0	175639	0.0	9999.0	0.0	TRUE	A	3.3719283E-5	2.0	4.2539377E-5	0.9994943	23.636936	0.25056857	0.9823215	1.0
SPIKE	S69:G>A	1	175639	5.6934964E-6	8.617548	40.0	TRUE	G	1.4073743E-5	11.0	6.5330685E-5	0.99978894	25.738665	0.2247327	0.9708314	0.0
SPIKE	S69:G>C	0	175639	0.0	9999.0	0.0	TRUE	G	1.6560483E-5	13.0	1.6082344E-5	0.9997516	93.490395	0.2237472	0.98654354	0.0
SPIKE	S69:G>T	0	175639	0.0	9999.0	0.0	TRUE	G	1.16780706E-4	4.0	1.9086645E-5	0.9982498	88.63534	0.23141603	0.98176885	1.0
SPIKE	S70:C>A	9	175639	5.1241466E-5	106.82232	40.0	TRUE	C	1.51382255E-5	7.0	8.156823E-5	0.99977297	12.546471	0.21193846	0.975039	1.0
SPIKE	S70:C>G	1	175639	5.6934964E-6	0.98117554	40.0	TRUE	C	1.2059895E-4	7.0	1.6826092E-5	0.99819267	98.49698	0.21505468	0.9871411	1.0
SPIKE	S70:C>T	29	175639	1.651114E-4	215.81787	40.0	TRUE	C	1.1817559E-4	97.0	3.1261607E-5	0.9982289	135.01166	0.21398856	0.97503126	0.0
SPIKE	S71:C>A	21	175639	1.19563425E-4	311.46967	40.0	TRUE	C	1.51382255E-5	4.0	8.156823E-5	0.99977297	12.546471	0.21193846	0.975039	1.0
SPIKE	S71:C>T	2	175639	1.1386993E-5	1.3498757	40.0	TRUE	C	1.6448538E-4	1.0	3.1261607E-5	0.99753577	135.01166	0.21398856	0.97503126	1.0
SPIKE	S71:C>G	0	175639	0.0	9999.0	0.0	TRUE	C	1.4692709E-5	12.0	1.6826092E-5	0.99977964	98.49698	0.21505468	0.9871411	0.0
SPIKE	S72:G>A	7	175639	3.9854473E-5	72.765305	40.0	TRUE	G	1.7912036E-5	14.0	6.5330685E-5	0.99973136	25.738665	0.2247327	0.9708314	0.0
SPIKE	S72:G>T	1	175639	5.6934964E-6	1.0475143	40.0	TRUE	G	1.16780706E-4	9.0	1.9086645E-5	0.9982498	88.63534	0.23141603	0.98176885	1.0
SPIKE	S72:G>C	0	175639	0.0	9999.0	0.0	TRUE	G	1.1909586E-4	4.0	1.6082344E-5	0.99821514	93.490395	0.2237472	0.98654354	1.0
SPIKE	S73:T>C	1	175639	5.6934964E-6	3.2482133	40.0	TRUE	T	5.413201E-5	0.0	3.2083895E-5	0.99918836	39.035732	0.24357162	0.96992123	1.0
SPIKE	S73:T>A	0	175639	0.0	9999.0	0.0	TRUE	T	3.1487212E-5	0.0	5.9425158E-5	0.9995278	26.555319	0.20827131	0.98722124	1.0
SPIKE	S73:T>G	0	175639	0.0	9999.0	0.0	TRUE	T	1.685856E-5	14.0	9.7141265E-6	0.99974716	160.89435	0.21150352	0.9818983	0.0
SPIKE	S74:G>A	1	175639	5.6934964E-6	5.1062074	40.0	TRUE	G	3.293085E-5	2.0	6.5330685E-5	0.9995062	25.738665	0.2247327	0.9708314	1.0
SPIKE	S74:G>T	1	175639	5.6934964E-6	1.0475143	40.0	TRUE	G	1.16780706E-4	8.0	1.9086645E-5	0.9982498	88.63534	0.23141603	0.98176885	1.0
SPIKE	S74:G>C	0	175639	0.0	9999.0	0.0	TRUE	G	1.1909586E-4	0.0	1.6082344E-5	0.99821514	93.490395	0.2237472	0.98654354	1.0
SPIKE	S75:G>A	1	175639	5.6934964E-6	5.1062074	40.0	TRUE	G	3.293085E-5	9.0	6.5330685E-5	0.9995062	25.738665	0.2247327	0.9708314	1.0
SPIKE	S75:G>C	1	175639	5.6934964E-6	1.0067523	40.0	TRUE	G	1.1909586E-4	4.0	1.6082344E-5	0.99821514	93.490395	0.2237472	0.98654354	1.0
SPIKE	S75:G>T	0	175639	0.0	9999.0	0.0	TRUE	G	1.7128035E-5	13.0	1.9086645E-5	0.9997431	88.63534	0.23141603	0.98176885	0.0
SPIKE	S76:T>A	1	175639	5.6934964E-6	5.283603	40.0	TRUE	T	3.1487212E-5	1.0	5.9425158E-5	0.9995278	26.555319	0.20827131	0.98722124	1.0
SPIKE	S76:T>G	0	175639	0.0	9999.0	0.0	TRUE	T	1.937462E-4	4.0	9.7141265E-6	0.997098	160.89435	0.21150352	0.9818983	1.0
SPIKE	S76:T>C	0	175639	0.0	9999.0	0.0	TRUE	T	5.413201E-5	2.0	3.2083895E-5	0.99918836	39.035732	0.24357162	0.96992123	1.0
SPIKE	S77:T>A	1	175639	5.6934964E-6	5.283603	40.0	TRUE	T	3.1487212E-5	0.0	5.9425158E-5	0.9995278	26.555319	0.20827131	0.98722124	1.0
SPIKE	S77:T>G	0	175639	0.0	9999.0	0.0	TRUE	T	1.937462E-4	0.0	9.7141265E-6	0.997098	160.89435	0.21150352	0.9818983	1.0
SPIKE	S77:T>C	0	175639	0.0	9999.0	0.0	TRUE	T	5.413201E-5	4.0	3.2083895E-5	0.99918836	39.035732	0.24357162	0.96992123	1.0
SPIKE	S78:T>A	0	175639	0.0	9999.0	0.0	TRUE	T	3.1487212E-5	1.0	5.9425158E-5	0.9995278	26.555319	0.20827131	0.98722124	1.0
SPIKE	S78:T>G	0	175639	0.0	9999.0	0.0	TRUE	T	1.3246011E-5	11.0	9.7141265E-6	0.99980134	160.89435	0.21150352	0.9818983	0.0
SPIKE	S78:T>C	0	175639	0.0	9999.0	0.0	TRUE	T	5.413201E-5	2.0	3.2083895E-5	0.99918836	39.035732	0.24357162	0.96992123	1.0
SPIKE	S79:G>A	4	175639	2.2773986E-5	39.773956	40.0	TRUE	G	1.4073743E-5	11.0	6.5330685E-5	0.99978894	25.738665	0.2247327	0.9708314	0.0
SPIKE	S79:G>C	0	175639	0.0	9999.0	0.0	TRUE	G	1.4012717E-5	11.0	1.6082344E-5	0.99978983	93.490395	0.2237472	0.98654354	0.0
SPIKE	S79:G>T	0	175639	0.0	9999.0	0.0	TRUE	G	1.16780706E-4	6.0	1.9086645E-5	0.9982498	88.63534	0.23141603	0.98176885	1.0
SPIKE	S80:C>G	1	175639	5.6934964E-6	7.492955	40.0	TRUE	C	1.8365885E-5	15.0	1.6826092E-5	0.99972457	98.49698	0.21505468	0.9871411	0.0
SPIKE	S80:C>A	10	175639	5.6934965E-5	131.72125	40.0	TRUE	C	1.2065724E-5	10.0	8.156823E-5	0.99981904	12.546471	0.21193846	0.975039	0.0
SPIKE	S80:C>T	57	175639	3.245293E-4	355.43698	40.0	TRUE	C	2.9848472E-4	245.0	3.1261607E-5	0.99553275	135.01166	0.21398856	0.97503126	0.0
SPIKE	S81:G>A	3	175639	1.7080489E-5	20.798666	40.0	TRUE	G	2.5588623E-5	20.0	6.5330685E-5	0.99961627	25.738665	0.2247327	0.9708314	0.0
SPIKE	S81:G>C	0	175639	0.0	9999.0	0.0	TRUE	G	1.1909586E-4	4.0	1.6082344E-5	0.99821514	93.490395	0.2237472	0.98654354	1.0
SPIKE	S81:G>T	0	175639	0.0	9999.0	0.0	TRUE	G	1.16780706E-4	6.0	1.9086645E-5	0.9982498	88.63534	0.23141603	0.98176885	1.0
SPIKE	S82:G>A	18	175639	1.0248293E-4	151.93137	40.0	TRUE	G	6.0133265E-5	47.0	6.5330685E-5	0.9990984	25.738665	0.2247327	0.9708314	0.0
SPIKE	S82:G>T	2	175639	1.1386993E-5	2.6888256	40.0	TRUE	G	1.16780706E-4	8.0	1.9086645E-5	0.9982498	88.63534	0.23141603	0.98176885	1.0
SPIKE	S82:G>C	0	175639	0.0	9999.0	0.0	TRUE	G	1.7834367E-5	14.0	1.6082344E-5	0.9997325	93.490395	0.2237472	0.98654354	0.0
SPIKE	S83:C>A	10	175639	5.6934965E-5	122.08768	40.0	TRUE	C	1.51382255E-5	7.0	8.156823E-5	0.99977297	12.546471	0.21193846	0.975039	1.0
SPIKE	S83:C>T	3	175639	1.7080489E-5	21.382019	40.0	TRUE	C	2.43661E-5	20.0	3.1261607E-5	0.99963456	135.01166	0.21398856	0.97503126	0.0
SPIKE	S83:C>G	0	175639	0.0	9999.0	0.0	TRUE	C	1.8365885E-5	15.0	1.6826092E-5	0.99972457	98.49698	0.21505468	0.9871411	0.0
SPIKE	S84:G>A	3	175639	1.7080489E-5	18.652033	40.0	TRUE	G	3.070635E-5	24.0	6.5330685E-5	0.9995395	25.738665	0.2247327	0.9708314	0.0
SPIKE	S84:G>T	2	175639	1.1386993E-5	2.6888256	40.0	TRUE	G	1.16780706E-4	2.0	1.9086645E-5	0.9982498	88.63534	0.23141603	0.98176885	1.0
SPIKE	S84:G>C	0	175639	0.0	9999.0	0.0	TRUE	G	1.1909586E-4	3.0	1.6082344E-5	0.99821514	93.490395	0.2237472	0.98654354	1.0
SPIKE	S85:A>G	1	175639	5.6934964E-6	2.586586	40.0	TRUE	A	6.5939785E-5	5.0	5.7193036E-5	0.9990114	50.723927	0.2283392	0.97951454	1.0
SPIKE	S85:A>T	2	175639	1.1386993E-5	12.700126	40.0	TRUE	A	2.567791E-5	18.0	4.2539377E-5	0.9996149	23.636936	0.25056857	0.9823215	0.0
SPIKE	S85:A>C	0	175639	0.0	9999.0	0.0	TRUE	A	1.241181E-5	0.0	7.407589E-5	0.99981385	8.8182	0.24723405	0.96252304	1.0
SPIKE	S86:T>G	1	175639	5.6934964E-6	0.2843224	40.0	TRUE	T	1.937462E-4	2.0	9.7141265E-6	0.997098	160.89435	0.21150352	0.9818983	1.0
SPIKE	D86-87:T>	1	175639	5.6934964E-6	9999.0	39.93702	TRUE		NaN	NaN	NaN	NaN	NaN	NaN	NaN	NaN
SPIKE	S86:T>A	0	175639	0.0	9999.0	0.0	TRUE	T	3.1487212E-5	1.0	5.9425158E-5	0.9995278	26.555319	0.20827131	0.98722124	1.0
SPIKE	S86:T>C	0	175639	0.0	9999.0	0.0	TRUE	T	5.413201E-5	1.0	3.2083895E-5	0.99918836	39.035732	0.24357162	0.96992123	1.0
SPIKE	S87:T>G	1	175639	5.6934964E-6	0.2843224	40.0	TRUE	T	1.937462E-4	4.0	9.7141265E-6	0.997098	160.89435	0.21150352	0.9818983	1.0
SPIKE	S87:T>A	0	175639	0.0	9999.0	0.0	TRUE	T	3.1487212E-5	3.0	5.9425158E-5	0.9995278	26.555319	0.20827131	0.98722124	1.0
SPIKE	S87:T>C	0	175639	0.0	9999.0	0.0	TRUE	T	5.413201E-5	2.0	3.2083895E-5	0.99918836	39.035732	0.24357162	0.96992123	1.0
SPIKE	S88:T>A	1	175639	5.6934964E-6	5.283603	31.0	TRUE	T	3.1487212E-5	0.0	5.9425158E-5	0.9995278	26.555319	0.20827131	0.98722124	1.0
SPIKE	S88:T>C	1	175639	5.6934964E-6	3.2482133	40.0	TRUE	T	5.413201E-5	8.0	3.2083895E-5	0.99918836	39.035732	0.24357162	0.96992123	1.0
SPIKE	S88:T>G	0	175639	0.0	9999.0	0.0	TRUE	T	1.937462E-4	0.0	9.7141265E-6	0.997098	160.89435	0.21150352	0.9818983	1.0
SPIKE	D89-104:ATCGTCGTCATCGTG>	1	175639	5.6934964E-6	9999.0	39.9368	TRUE		NaN	NaN	NaN	NaN	NaN	NaN	NaN	NaN
SPIKE	S89:A>G	0	175639	0.0	9999.0	0.0	TRUE	A	6.5939785E-5	4.0	5.7193036E-5	0.9990114	50.723927	0.2283392	0.97951454	1.0
SPIKE	S89:A>C	0	175639	0.0	9999.0	0.0	TRUE	A	1.241181E-5	0.0	7.407589E-5	0.99981385	8.8182	0.24723405	0.96252304	1.0
SPIKE	S89:A>T	0	175639	0.0	9999.0	0.0	TRUE	A	3.3719283E-5	1.0	4.2539377E-5	0.9994943	23.636936	0.25056857	0.9823215	1.0
SPIKE	S90:T>A	1	175639	5.6934964E-6	5.283603	40.0	TRUE	T	3.1487212E-5	2.0	5.9425158E-5	0.9995278	26.555319	0.20827131	0.98722124	1.0
SPIKE	S90:T>G	0	175639	0.0	9999.0	0.0	TRUE	T	1.937462E-4	0.0	9.7141265E-6	0.997098	160.89435	0.21150352	0.9818983	1.0
SPIKE	S90:T>C	0	175639	0.0	9999.0	0.0	TRUE	T	5.413201E-5	1.0	3.2083895E-5	0.99918836	39.035732	0.24357162	0.96992123	1.0
SPIKE	S91:C>A	9	175639	5.1241466E-5	106.82232	40.0	TRUE	C	1.51382255E-5	6.0	8.156823E-5	0.99977297	12.546471	0.21193846	0.975039	1.0
SPIKE	S91:C>T	2	175639	1.1386993E-5	8.455	40.0	TRUE	C	4.5077286E-5	37.0	3.1261607E-5	0.9993241	135.01166	0.21398856	0.97503126	0.0
SPIKE	S91:C>G	0	175639	0.0	9999.0	0.0	TRUE	C	1.2059895E-4	0.0	1.6826092E-5	0.99819267	98.49698	0.21505468	0.9871411	1.0
SPIKE	S92:G>A	4	175639	2.2773986E-5	38.32903	40.0	TRUE	G	1.5353175E-5	12.0	6.5330685E-5	0.99976975	25.738665	0.2247327	0.9708314	0.0
SPIKE	S92:G>T	2	175639	1.1386993E-5	2.6888256	40.0	TRUE	G	1.16780706E-4	7.0	1.9086645E-5	0.9982498	88.63534	0.23141603	0.98176885	1.0
SPIKE	S92:G>C	0	175639	0.0	9999.0	0.0	TRUE	G	1.1909586E-4	0.0	1.6082344E-5	0.99821514	93.490395	0.2237472	0.98654354	1.0
SPIKE	S93:T>A	0	175639	0.0	9999.0	0.0	TRUE	T	3.1487212E-5	2.0	5.9425158E-5	0.9995278	26.555319	0.20827131	0.98722124	1.0
SPIKE	S93:T>G	0	175639	0.0	9999.0	0.0	TRUE	T	1.937462E-4	0.0	9.7141265E-6	0.997098	160.89435	0.21150352	0.9818983	1.0
SPIKE	S93:T>C	0	175639	0.0	9999.0	0.0	TRUE	T	5.413201E-5	4.0	3.2083895E-5	0.99918836	39.035732	0.24357162	0.96992123	1.0
SPIKE	S94:C>A	17	175639	9.678944E-5	238.92906	40.0	TRUE	C	1.51382255E-5	5.0	8.156823E-5	0.99977297	12.546471	0.21193846	0.975039	1.0
SPIKE	S94:C>T	1	175639	5.6934964E-6	0.46612284	40.0	TRUE	C	1.6448538E-4	2.0	3.1261607E-5	0.99753577	135.01166	0.21398856	0.97503126	1.0
SPIKE	S94:C>G	0	175639	0.0	9999.0	0.0	TRUE	C	1.2059895E-4	0.0	1.6826092E-5	0.99819267	98.49698	0.21505468	0.9871411	1.0
SPIKE	S95:G>A	2	175639	1.1386993E-5	14.016088	40.0	TRUE	G	2.175033E-5	17.0	6.5330685E-5	0.9996738	25.738665	0.2247327	0.9708314	0.0
SPIKE	S95:G>C	0	175639	0.0	9999.0	0.0	TRUE	G	1.1909586E-4	0.0	1.6082344E-5	0.99821514	93.490395	0.2237472	0.98654354	1.0
SPIKE	S95:G>T	0	175639	0.0	9999.0	0.0	TRUE	G	1.16780706E-4	3.0	1.9086645E-5	0.9982498	88.63534	0.23141603	0.98176885	1.0
SPIKE	S96:T>C	1	175639	5.6934964E-6	3.2482133	40.0	TRUE	T	5.413201E-5	7.0	3.2083895E-5	0.99918836	39.035732	0.24357162	0.96992123	1.0
SPIKE	S96:T>A	0	175639	0.0	9999.0	0.0	TRUE	T	3.1487212E-5	0.0	5.9425158E-5	0.9995278	26.555319	0.20827131	0.98722124	1.0
SPIKE	S96:T>G	0	175639	0.0	9999.0	0.0	TRUE	T	1.937462E-4	0.0	9.7141265E-6	0.997098	160.89435	0.21150352	0.9818983	1.0
SPIKE	S97:C>T	2	175639	1.1386993E-5	1.3498757	40.0	TRUE	C	1.6448538E-4	6.0	3.1261607E-5	0.99753577	135.01166	0.21398856	0.97503126	1.0
SPIKE	S97:C>A	9	175639	5.1241466E-5	106.82232	40.0	TRUE	C	1.51382255E-5	4.0	8.156823E-5	0.99977297	12.546471	0.21193846	0.975039	1.0
SPIKE	S97:C>G	0	175639	0.0	9999.0	0.0	TRUE	C	1.2059895E-4	0.0	1.6826092E-5	0.99819267	98.49698	0.21505468	0.9871411	1.0
SPIKE	S98:A>G	1	175639	5.6934964E-6	2.586586	40.0	TRUE	A	6.5939785E-5	6.0	5.7193036E-5	0.9990114	50.723927	0.2283392	0.97951454	1.0
SPIKE	S98:A>C	0	175639	0.0	9999.0	0.0	TRUE	A	1.241181E-5	0.0	7.407589E-5	0.99981385	8.8182	0.24723405	0.96252304	1.0
SPIKE	S98:A>T	0	175639	0.0	9999.0	0.0	TRUE	A	3.3719283E-5	0.0	4.2539377E-5	0.9994943	23.636936	0.25056857	0.9823215	1.0
SPIKE	S99:T>C	1	175639	5.6934964E-6	3.2482133	40.0	TRUE	T	5.413201E-5	7.0	3.2083895E-5	0.99918836	39.035732	0.24357162	0.96992123	1.0
SPIKE	S99:T>A	0	175639	0.0	9999.0	0.0	TRUE	T	3.1487212E-5	2.0	5.9425158E-5	0.9995278	26.555319	0.20827131	0.98722124	1.0
SPIKE	S99:T>G	0	175639	0.0	9999.0	0.0	TRUE	T	1.937462E-4	0.0	9.7141265E-6	0.997098	160.89435	0.21150352	0.9818983	1.0
SPIKE	S100:C>T	1	175639	5.6934964E-6	6.319425	40.0	TRUE	C	2.43661E-5	20.0	3.1261607E-5	0.99963456	135.01166	0.21398856	0.97503126	0.0
SPIKE	S100:C>A	5	175639	2.8467482E-5	50.87877	40.0	TRUE	C	1.51382255E-5	2.0	8.156823E-5	0.99977297	12.546471	0.21193846	0.975039	1.0
SPIKE	S100:C>G	0	175639	0.0	9999.0	0.0	TRUE	C	1.2059895E-4	2.0	1.6826092E-5	0.99819267	98.49698	0.21505468	0.9871411	1.0
SPIKE	S101:G>T	1	175639	5.6934964E-6	1.0475143	40.0	TRUE	G	1.16780706E-4	2.0	1.9086645E-5	0.9982498	88.63534	0.23141603	0.98176885	1.0
SPIKE	S101:G>A	1	175639	5.6934964E-6	8.248337	40.0	TRUE	G	1.5353175E-5	12.0	6.5330685E-5	0.99976975	25.738665	0.2247327	0.9708314	0.0
SPIKE	S101:G>C	0	175639	0.0	9999.0	0.0	TRUE	G	1.1909586E-4	0.0	1.6082344E-5	0.99821514	93.490395	0.2237472	0.98654354	1.0
SPIKE	S102:T>A	0	175639	0.0	9999.0	0.0	TRUE	T	3.1487212E-5	0.0	5.9425158E-5	0.9995278	26.555319	0.20827131	0.98722124	1.0
SPIKE	S102:T>G	0	175639	0.0	9999.0	0.0	TRUE	T	1.937462E-4	0.0	9.7141265E-6	0.997098	160.89435	0.21150352	0.9818983	1.0
SPIKE	S102:T>C	0	175639	0.0	9999.0	0.0	TRUE	T	5.413201E-5	1.0	3.2083895E-5	0.99918836	39.035732	0.24357162	0.96992123	1.0
SPIKE	S103:G>A	2	175639	1.1386993E-5	10.775908	37.5	TRUE	G	3.293085E-5	7.0	6.5330685E-5	0.9995062	25.738665	0.2247327	0.9708314	1.0
SPIKE	S103:G>C	0	175639	0.0	9999.0	0.0	TRUE	G	1.1909586E-4	0.0	1.6082344E-5	0.99821514	93.490395	0.2237472	0.98654354	1.0
SPIKE	S103:G>T	0	175639	0.0	9999.0	0.0	TRUE	G	1.16780706E-4	2.0	1.9086645E-5	0.9982498	88.63534	0.23141603	0.98176885	1.0
SPIKE	S104:G>A	3	175639	1.7080489E-5	24.26264	37.666668	TRUE	G	1.9191468E-5	15.0	6.5330685E-5	0.99971217	25.738665	0.2247327	0.9708314	0.0
SPIKE	S104:G>C	0	175639	0.0	9999.0	0.0	TRUE	G	1.1909586E-4	0.0	1.6082344E-5	0.99821514	93.490395	0.2237472	0.98654354	1.0
SPIKE	S104:G>T	0	175639	0.0	9999.0	0.0	TRUE	G	1.16780706E-4	5.0	1.9086645E-5	0.9982498	88.63534	0.23141603	0.98176885	1.0
SPIKE	S105:C>T	5	175639	2.8467482E-5	16.705086	37.6	TRUE	C	8.893626E-5	73.0	3.1261607E-5	0.9986668	135.01166	0.21398856	0.97503126	0.0
SPIKE	S105:C>A	12	175639	6.8321955E-5	154.01247	40.0	TRUE	C	1.51382255E-5	7.0	8.156823E-5	0.99977297	12.546471	0.21193846	0.975039	1.0
SPIKE	S105:C>G	0	175639	0.0	9999.0	0.0	TRUE	C	1.2059895E-4	1.0	1.6826092E-5	0.99819267	98.49698	0.21505468	0.9871411	1.0
SPIKE	S106:G>T	1	175639	5.6934964E-6	1.0475143	40.0	TRUE	G	1.16780706E-4	7.0	1.9086645E-5	0.9982498	88.63534	0.23141603	0.98176885	1.0
SPIKE	S106:G>A	0	175639	0.0	9999.0	0.0	TRUE	G	1.2794311E-5	10.0	6.5330685E-5	0.99980813	25.738665	0.2247327	0.9708314	0.0
SPIKE	S106:G>C	0	175639	0.0	9999.0	0.0	TRUE	G	1.1909586E-4	0.0	1.6082344E-5	0.99821514	93.490395	0.2237472	0.98654354	1.0
SPIKE	S107:G>A	7	175639	3.9854473E-5	18.42551	36.142857	TRUE	G	1.3817857E-4	108.0	6.5330685E-5	0.99792945	25.738665	0.2247327	0.9708314	0.0
SPIKE	S107:G>C	0	175639	0.0	9999.0	0.0	TRUE	G	1.1909586E-4	0.0	1.6082344E-5	0.99821514	93.490395	0.2237472	0.98654354	1.0
SPIKE	S107:G>T	0	175639	0.0	9999.0	0.0	TRUE	G	1.16780706E-4	2.0	1.9086645E-5	0.9982498	88.63534	0.23141603	0.98176885	1.0
SPIKE	S108:C>T	2	175639	1.1386993E-5	10.508698	40.0	TRUE	C	3.411254E-5	28.0	3.1261607E-5	0.9994884	135.01166	0.21398856	0.97503126	0.0
SPIKE	S108:C>A	11	175639	6.262846E-5	137.77196	39.18182	TRUE	C	1.51382255E-5	7.0	8.156823E-5	0.99977297	12.546471	0.21193846	0.975039	1.0
SPIKE	S108:C>G	0	175639	0.0	9999.0	0.0	TRUE	C	1.2059895E-4	1.0	1.6826092E-5	0.99819267	98.49698	0.21505468	0.9871411	1.0
SPIKE	S109:A>G	0	175639	0.0	9999.0	0.0	TRUE	A	6.5939785E-5	3.0	5.7193036E-5	0.9990114	50.723927	0.2283392	0.97951454	1.0
SPIKE	S109:A>C	0	175639	0.0	9999.0	0.0	TRUE	A	1.241181E-5	0.0	7.407589E-5	0.99981385	8.8182	0.24723405	0.96252304	1.0
SPIKE	S109:A>T	0	175639	0.0	9999.0	0.0	TRUE	A	3.3719283E-5	0.0	4.2539377E-5	0.9994943	23.636936	0.25056857	0.9823215	1.0
SPIKE	S110:G>T	1	175639	5.6934964E-6	1.0475143	40.0	TRUE	G	1.16780706E-4	4.0	1.9086645E-5	0.9982498	88.63534	0.23141603	0.98176885	1.0
SPIKE	S110:G>A	0	175639	0.0	9999.0	0.0	TRUE	G	2.3029761E-5	18.0	6.5330685E-5	0.9996546	25.738665	0.2247327	0.9708314	0.0
SPIKE	S110:G>C	0	175639	0.0	9999.0	0.0	TRUE	G	1.1909586E-4	1.0	1.6082344E-5	0.99821514	93.490395	0.2237472	0.98654354	1.0
SPIKE	S111:C>T	4	175639	2.2773986E-5	12.049272	37.75	TRUE	C	8.6499655E-5	71.0	3.1261607E-5	0.99870336	135.01166	0.21398856	0.97503126	0.0
SPIKE	S111:C>A	5	175639	2.8467482E-5	50.87877	40.0	TRUE	C	1.51382255E-5	8.0	8.156823E-5	0.99977297	12.546471	0.21193846	0.975039	1.0
SPIKE	S111:C>G	0	175639	0.0	9999.0	0.0	TRUE	C	1.2059895E-4	3.0	1.6826092E-5	0.99819267	98.49698	0.21505468	0.9871411	1.0
SPIKE	S112:G>C	1	175638	5.6935287E-6	1.0067639	40.0	TRUE	G	1.1909586E-4	0.0	1.6082344E-5	0.99821514	93.48987	0.2237472	0.98654354	1.0
SPIKE	S112:G>A	4	175638	2.2774115E-5	19.668312	40.0	TRUE	G	4.98981E-5	39.0	6.5330685E-5	0.9992518	25.738518	0.2247327	0.9708314	0.0
SPIKE	S112:G>T	0	175638	0.0	9999.0	0.0	TRUE	G	1.16780706E-4	3.0	1.9086645E-5	0.9982498	88.634834	0.23141603	0.98176885	1.0
SPIKE	S113:T>A	0	175638	0.0	9999.0	0.0	TRUE	T	3.1487212E-5	0.0	5.9425158E-5	0.9995278	26.555168	0.20827131	0.98722124	1.0
SPIKE	S113:T>G	0	175638	0.0	9999.0	0.0	TRUE	T	1.937462E-4	0.0	9.7141265E-6	0.997098	160.89343	0.21150352	0.9818983	1.0
SPIKE	S113:T>C	0	175638	0.0	9999.0	0.0	TRUE	T	5.413201E-5	2.0	3.2083895E-5	0.99918836	39.03551	0.24357162	0.96992123	1.0
SPIKE	S114:G>T	1	175638	5.6935287E-6	1.0475262	40.0	TRUE	G	1.16780706E-4	4.0	1.9086645E-5	0.9982498	88.634834	0.23141603	0.98176885	1.0
SPIKE	S114:G>A	1	175638	5.6935287E-6	5.10623	40.0	TRUE	G	3.293085E-5	0.0	6.5330685E-5	0.9995062	25.738518	0.2247327	0.9708314	1.0
SPIKE	S114:G>C	0	175638	0.0	9999.0	0.0	TRUE	G	1.1909586E-4	0.0	1.6082344E-5	0.99821514	93.48987	0.2237472	0.98654354	1.0
SPIKE	S115:A>G	0	175638	0.0	9999.0	0.0	TRUE	A	1.9499721E-5	15.0	5.7193036E-5	0.9997075	50.723637	0.2283392	0.97951454	0.0
SPIKE	S115:A>C	0	175638	0.0	9999.0	0.0	TRUE	A	1.241181E-5	0.0	7.407589E-5	0.99981385	8.8181505	0.24723405	0.96252304	1.0
SPIKE	S115:A>T	0	175638	0.0	9999.0	0.0	TRUE	A	3.3719283E-5	1.0	4.2539377E-5	0.9994943	23.636803	0.25056857	0.9823215	1.0
SPIKE	S116:C>A	3	175638	1.7080587E-5	27.174826	38.666668	TRUE	C	1.51382255E-5	3.0	8.156823E-5	0.99977297	12.546399	0.21193846	0.975039	1.0
SPIKE	S116:C>G	0	175638	0.0	9999.0	0.0	TRUE	C	1.2059895E-4	0.0	1.6826092E-5	0.99819267	98.496414	0.21505468	0.9871411	1.0
SPIKE	S116:C>T	0	175638	0.0	9999.0	0.0	TRUE	C	1.6448538E-4	5.0	3.1261607E-5	0.99753577	135.0109	0.21398856	0.97503126	1.0
SPIKE	S117:C>A	8	175638	4.554823E-5	90.81238	40.0	TRUE	C	1.5685531E-5	13.0	8.156823E-5	0.99976474	12.546399	0.21193846	0.975039	0.0
SPIKE	S117:C>G	0	175638	0.0	9999.0	0.0	TRUE	C	1.2059895E-4	1.0	1.6826092E-5	0.99819267	98.496414	0.21505468	0.9871411	1.0
SPIKE	S117:C>T	0	175638	0.0	9999.0	0.0	TRUE	C	1.6448538E-4	2.0	3.1261607E-5	0.99753577	135.0109	0.21398856	0.97503126	1.0
SPIKE	S118:T>C	2	175638	1.1387057E-5	12.92293	37.5	TRUE	T	2.4961277E-5	18.0	3.2083895E-5	0.9996256	39.03551	0.24357162	0.96992123	0.0
SPIKE	S118:T>A	0	175638	0.0	9999.0	0.0	TRUE	T	3.1487212E-5	4.0	5.9425158E-5	0.9995278	26.555168	0.20827131	0.98722124	1.0
SPIKE	S118:T>G	0	175638	0.0	9999.0	0.0	TRUE	T	1.937462E-4	3.0	9.7141265E-6	0.997098	160.89343	0.21150352	0.9818983	1.0
SPIKE	S119:A>G	0	175638	0.0	9999.0	0.0	TRUE	A	6.5939785E-5	5.0	5.7193036E-5	0.9990114	50.723637	0.2283392	0.97951454	1.0
SPIKE	S119:A>C	0	175638	0.0	9999.0	0.0	TRUE	A	1.241181E-5	0.0	7.407589E-5	0.99981385	8.8181505	0.24723405	0.96252304	1.0
SPIKE	S119:A>T	0	175638	0.0	9999.0	0.0	TRUE	A	3.3719283E-5	1.0	4.2539377E-5	0.9994943	23.636803	0.25056857	0.9823215	1.0
SPIKE	S120:T>A	0	175638	0.0	9999.0	0.0	TRUE	T	3.1487212E-5	0.0	5.9425158E-5	0.9995278	26.555168	0.20827131	0.98722124	1.0
SPIKE	S120:T>G	0	175638	0.0	9999.0	0.0	TRUE	T	1.937462E-4	0.0	9.7141265E-6	0.997098	160.89343	0.21150352	0.9818983	1.0
SPIKE	S120:T>C	0	175638	0.0	9999.0	0.0	TRUE	T	5.413201E-5	3.0	3.2083895E-5	0.99918836	39.03551	0.24357162	0.96992123	1.0
SPIKE	S121:G>T	1	175638	5.6935287E-6	1.0475262	40.0	TRUE	G	1.16780706E-4	1.0	1.9086645E-5	0.9982498	88.634834	0.23141603	0.98176885	1.0
SPIKE	S121:G>A	1	175638	5.6935287E-6	5.10623	40.0	TRUE	G	3.293085E-5	3.0	6.5330685E-5	0.9995062	25.738518	0.2247327	0.9708314	1.0
SPIKE	S121:G>C	0	175638	0.0	9999.0	0.0	TRUE	G	1.1909586E-4	0.0	1.6082344E-5	0.99821514	93.48987	0.2237472	0.98654354	1.0
SPIKE	S122:T>A	0	175638	0.0	9999.0	0.0	TRUE	T	3.1487212E-5	1.0	5.9425158E-5	0.9995278	26.555168	0.20827131	0.98722124	1.0
SPIKE	S122:T>G	0	175638	0.0	9999.0	0.0	TRUE	T	1.937462E-4	0.0	9.7141265E-6	0.997098	160.89343	0.21150352	0.9818983	1.0
SPIKE	S122:T>C	0	175638	0.0	9999.0	0.0	TRUE	T	5.413201E-5	3.0	3.2083895E-5	0.99918836	39.03551	0.24357162	0.96992123	1.0
SPIKE	S123:G>A	2	175638	1.1387057E-5	10.775951	40.0	TRUE	G	3.293085E-5	5.0	6.5330685E-5	0.9995062	25.738518	0.2247327	0.9708314	1.0
SPIKE	S123:G>C	0	175638	0.0	9999.0	0.0	TRUE	G	1.1909586E-4	0.0	1.6082344E-5	0.99821514	93.48987	0.2237472	0.98654354	1.0
SPIKE	S123:G>T	0	175638	0.0	9999.0	0.0	TRUE	G	1.16780706E-4	2.0	1.9086645E-5	0.9982498	88.634834	0.23141603	0.98176885	1.0
SPIKE	S124:T>A	0	175638	0.0	9999.0	0.0	TRUE	T	3.1487212E-5	1.0	5.9425158E-5	0.9995278	26.555168	0.20827131	0.98722124	1.0
SPIKE	S124:T>G	0	175638	0.0	9999.0	0.0	TRUE	T	1.937462E-4	1.0	9.7141265E-6	0.997098	160.89343	0.21150352	0.9818983	1.0
SPIKE	S124:T>C	0	175638	0.0	9999.0	0.0	TRUE	T	5.413201E-5	6.0	3.2083895E-5	0.99918836	39.03551	0.24357162	0.96992123	1.0
SPIKE	S125:G>A	0	175638	0.0	9999.0	0.0	TRUE	G	3.293085E-5	5.0	6.5330685E-5	0.9995062	25.738518	0.2247327	0.9708314	1.0
SPIKE	S125:G>C	0	175638	0.0	9999.0	0.0	TRUE	G	1.1909586E-4	1.0	1.6082344E-5	0.99821514	93.48987	0.2237472	0.98654354	1.0
SPIKE	S125:G>T	0	175638	0.0	9999.0	0.0	TRUE	G	1.16780706E-4	1.0	1.9086645E-5	0.9982498	88.634834	0.23141603	0.98176885	1.0
SPIKE	S126:C>T	25	175638	1.4233822E-4	89.8063	38.76	TRUE	C	2.85085E-4	234.0	3.1261607E-5	0.99573284	135.0109	0.21398856	0.97503126	0.0
SPIKE	S126:C>A	8	175638	4.554823E-5	99.6859	39.25	TRUE	C	1.2065793E-5	10.0	8.156823E-5	0.99981904	12.546399	0.21193846	0.975039	0.0
SPIKE	S126:C>G	0	175638	0.0	9999.0	0.0	TRUE	C	1.2059895E-4	4.0	1.6826092E-5	0.99819267	98.496414	0.21505468	0.9871411	1.0
SPIKE	S127:G>T	1	175638	5.6935287E-6	1.0475262	40.0	TRUE	G	1.16780706E-4	3.0	1.9086645E-5	0.9982498	88.634834	0.23141603	0.98176885	1.0
SPIKE	S127:G>A	3	175638	1.7080587E-5	24.26264	38.0	TRUE	G	1.9191577E-5	15.0	6.5330685E-5	0.99971217	25.738518	0.2247327	0.9708314	0.0
SPIKE	S127:G>C	0	175638	0.0	9999.0	0.0	TRUE	G	1.1909586E-4	0.0	1.6082344E-5	0.99821514	93.48987	0.2237472	0.98654354	1.0
SPIKE	S128:G>A	1	175638	5.6935287E-6	4.6406875	40.0	TRUE	G	3.7103713E-5	29.0	6.5330685E-5	0.9994436	25.738518	0.2247327	0.9708314	0.0
SPIKE	S128:G>C	0	175638	0.0	9999.0	0.0	TRUE	G	1.1909586E-4	2.0	1.6082344E-5	0.99821514	93.48987	0.2237472	0.98654354	1.0
SPIKE	S128:G>T	0	175638	0.0	9999.0	0.0	TRUE	G	1.16780706E-4	3.0	1.9086645E-5	0.9982498	88.634834	0.23141603	0.98176885	1.0
SPIKE	S129:C>A	10	175638	5.693529E-5	122.0879	38.7	TRUE	C	1.51382255E-5	6.0	8.156823E-5	0.99977297	12.546399	0.21193846	0.975039	1.0
SPIKE	S129:C>T	5	175638	2.8467644E-5	37.39762	38.0	TRUE	C	2.9239487E-5	24.0	3.1261607E-5	0.9995615	135.0109	0.21398856	0.97503126	0.0
SPIKE	S129:C>G	0	175638	0.0	9999.0	0.0	TRUE	C	1.2059895E-4	3.0	1.6826092E-5	0.99819267	98.496414	0.21505468	0.9871411	1.0
SPIKE	S130:G>A	3	175638	1.7080587E-5	17.84067	40.0	TRUE	G	3.293085E-5	5.0	6.5330685E-5	0.9995062	25.738518	0.2247327	0.9708314	1.0
SPIKE	S130:G>C	0	175638	0.0	9999.0	0.0	TRUE	G	1.1909586E-4	1.0	1.6082344E-5	0.99821514	93.48987	0.2237472	0.98654354	1.0
SPIKE	S130:G>T	0	175638	0.0	9999.0	0.0	TRUE	G	1.16780706E-4	1.0	1.9086645E-5	0.9982498	88.634834	0.23141603	0.98176885	1.0
SPIKE	S131:G>A	2	175638	1.1387057E-5	4.8282113	40.0	TRUE	G	7.804575E-5	61.0	6.5330685E-5	0.99883	25.738518	0.2247327	0.9708314	0.0
SPIKE	S131:G>T	1	175638	5.6935287E-6	1.0475262	34.0	TRUE	G	1.16780706E-4	7.0	1.9086645E-5	0.9982498	88.634834	0.23141603	0.98176885	1.0
SPIKE	S131:G>C	0	175638	0.0	9999.0	0.0	TRUE	G	1.1909586E-4	3.0	1.6082344E-5	0.99821514	93.48987	0.2237472	0.98654354	1.0
SPIKE	S132:C>A	4	175638	2.2774115E-5	38.562855	39.0	TRUE	C	1.51382255E-5	4.0	8.156823E-5	0.99977297	12.546399	0.21193846	0.975039	1.0
SPIKE	S132:C>T	2	175638	1.1387057E-5	14.40828	37.5	TRUE	C	2.0711303E-5	17.0	3.1261607E-5	0.9996894	135.0109	0.21398856	0.97503126	0.0
SPIKE	S132:C>G	0	175638	0.0	9999.0	0.0	TRUE	C	1.2059895E-4	1.0	1.6826092E-5	0.99819267	98.496414	0.21505468	0.9871411	1.0
SPIKE	S133:A>G	0	175638	0.0	9999.0	0.0	TRUE	A	6.5939785E-5	3.0	5.7193036E-5	0.9990114	50.723637	0.2283392	0.97951454	1.0
SPIKE	S133:A>C	0	175638	0.0	9999.0	0.0	TRUE	A	1.241181E-5	0.0	7.407589E-5	0.99981385	8.8181505	0.24723405	0.96252304	1.0
SPIKE	S133:A>T	0	175638	0.0	9999.0	0.0	TRUE	A	3.3719283E-5	0.0	4.2539377E-5	0.9994943	23.636803	0.25056857	0.9823215	1.0
SPIKE	S134:G>A	0	175638	0.0	9999.0	0.0	TRUE	G	1.5353262E-5	12.0	6.5330685E-5	0.99976975	25.738518	0.2247327	0.9708314	0.0
SPIKE	S134:G>C	0	175638	0.0	9999.0	0.0	TRUE	G	1.1909586E-4	1.0	1.6082344E-5	0.99821514	93.48987	0.2237472	0.98654354	1.0
SPIKE	S134:G>T	0	175638	0.0	9999.0	0.0	TRUE	G	1.16780706E-4	6.0	1.9086645E-5	0.9982498	88.634834	0.23141603	0.98176885	1.0
SPIKE	S135:C>T	6	175638	3.4161174E-5	6.808538	37.5	TRUE	C	2.1929615E-4	180.0	3.1261607E-5	0.99671596	135.0109	0.21398856	0.97503126	0.0
SPIKE	S135:C>A	0	175638	0.0	9999.0	0.0	TRUE	C	5.188291E-5	43.0	8.156823E-5	0.99922204	12.546399	0.21193846	0.975039	0.0
SPIKE	S135:C>G	0	175638	0.0	9999.0	0.0	TRUE	C	1.2059895E-4	1.0	1.6826092E-5	0.99819267	98.496414	0.21505468	0.9871411	1.0
SPIKE	S136:C>T	4	175638	2.2774115E-5	0.7013878	40.0	TRUE	C	3.3990902E-4	279.0	3.1261607E-5	0.99491435	135.0109	0.21398856	0.97503126	0.0
SPIKE	S136:C>A	0	175638	0.0	9999.0	0.0	TRUE	C	4.3436856E-5	36.0	8.156823E-5	0.99934864	12.546399	0.21193846	0.975039	0.0
SPIKE	S136:C>G	0	175638	0.0	9999.0	0.0	TRUE	C	1.2059895E-4	1.0	1.6826092E-5	0.99819267	98.496414	0.21505468	0.9871411	1.0
SPIKE	I137:>T	1	175638	5.6935287E-6	9999.0	39.571125	TRUE		NaN	NaN	NaN	NaN	NaN	NaN	NaN	NaN
SPIKE	S137:T>C	2	175638	1.1387057E-5	4.752851	40.0	TRUE	T	7.904404E-5	57.0	3.2083895E-5	0.99881506	39.03551	0.24357162	0.96992123	0.0
SPIKE	D137-138:T>	1	175638	5.6935287E-6	9999.0	39.571125	TRUE		NaN	NaN	NaN	NaN	NaN	NaN	NaN	NaN
SPIKE	S137:T>A	0	175638	0.0	9999.0	0.0	TRUE	T	3.1487212E-5	7.0	5.9425158E-5	0.9995278	26.555168	0.20827131	0.98722124	1.0
SPIKE	S137:T>G	0	175638	0.0	9999.0	0.0	TRUE	T	3.8534068E-5	32.0	9.7141265E-6	0.99942213	160.89343	0.21150352	0.9818983	0.0
SPIKE	I138:>G	5	175638	2.8467644E-5	9999.0	39.57441	TRUE		NaN	NaN	NaN	NaN	NaN	NaN	NaN	NaN
SPIKE	S138:G>C	1	175638	5.6935287E-6	1.0067639	34.0	TRUE	G	1.1909586E-4	6.0	1.6082344E-5	0.99821514	93.48987	0.2237472	0.98654354	1.0
SPIKE	D138-139:G>	3	175638	1.7080587E-5	9999.0	39.57441	TRUE		NaN	NaN	NaN	NaN	NaN	NaN	NaN	NaN
SPIKE	S138:G>A	0	175638	0.0	9999.0	0.0	TRUE	G	2.9427085E-5	23.0	6.5330685E-5	0.9995587	25.738518	0.2247327	0.9708314	0.0
SPIKE	S138:G>T	0	175638	0.0	9999.0	0.0	TRUE	G	2.5033425E-5	19.0	1.9086645E-5	0.99962455	88.634834	0.23141603	0.98176885	0.0
SPIKE	D139-140:A>	14	175638	7.97094E-5	9999.0	39.560272	TRUE		NaN	NaN	NaN	NaN	NaN	NaN	NaN	NaN
SPIKE	I139:>A	2	175638	1.1387057E-5	9999.0	39.560272	TRUE		NaN	NaN	NaN	NaN	NaN	NaN	NaN	NaN
SPIKE	S139:A>G	0	175638	0.0	9999.0	0.0	TRUE	A	7.539892E-5	58.0	5.7193036E-5	0.99886966	50.723637	0.2283392	0.97951454	0.0
SPIKE	S139:A>C	0	175638	0.0	9999.0	0.0	TRUE	A	1.241181E-5	2.0	7.407589E-5	0.99981385	8.8181505	0.24723405	0.96252304	1.0
SPIKE	S139:A>T	0	175638	0.0	9999.0	0.0	TRUE	A	3.352413E-4	235.0	4.2539377E-5	0.99498403	23.636803	0.25056857	0.9823215	0.0
SPIKE	D140-143:TTA>	1	175634	5.6936583E-6	9999.0	39.562054	TRUE		NaN	NaN	NaN	NaN	NaN	NaN	NaN	NaN
SPIKE	I140:>T	10	175634	5.6936584E-5	9999.0	39.562054	TRUE		NaN	NaN	NaN	NaN	NaN	NaN	NaN	NaN
SPIKE	D140-141:T>	37	175634	2.1066536E-4	9999.0	39.562054	TRUE		NaN	NaN	NaN	NaN	NaN	NaN	NaN	NaN
SPIKE	D140-142:TT>	2	175634	1.1387317E-5	9999.0	39.562054	TRUE		NaN	NaN	NaN	NaN	NaN	NaN	NaN	NaN
SPIKE	S140:T>A	0	175634	0.0	9999.0	0.0	TRUE	T	1.482194E-4	125.0	5.9425158E-5	0.9977792	26.554564	0.20827131	0.98722124	0.0
SPIKE	S140:T>G	0	175634	0.0	9999.0	0.0	TRUE	T	5.5393986E-5	46.0	9.7141265E-6	0.9991694	160.88976	0.21150352	0.9818983	0.0
SPIKE	S140:T>C	0	175634	0.0	9999.0	0.0	TRUE	T	5.413201E-5	6.0	3.2083895E-5	0.99918836	39.034622	0.24357162	0.96992123	1.0
SPIKE	S141:T>G	1	175627	5.693885E-6	0.5901351	40.0	TRUE	T	1.5053313E-4	125.0	9.7141265E-6	0.99774456	160.88335	0.21150352	0.9818983	0.0
SPIKE	S141:T>A	0	175627	0.0	9999.0	0.0	TRUE	T	7.9685927E-4	672.0	5.9425158E-5	0.9881183	26.553505	0.20827131	0.98722124	0.0
SPIKE	S141:T>C	0	175627	0.0	9999.0	0.0	TRUE	T	4.992568E-5	36.0	3.2083895E-5	0.99925137	39.033066	0.24357162	0.96992123	0.0
SPIKE	D142-143:A>	18	175622	1.0249286E-4	9999.0	39.47939	TRUE		NaN	NaN	NaN	NaN	NaN	NaN	NaN	NaN
SPIKE	I142:>A	7	175622	3.9858332E-5	9999.0	39.47939	TRUE		NaN	NaN	NaN	NaN	NaN	NaN	NaN	NaN
SPIKE	S142:A>G	0	175622	0.0	9999.0	0.0	TRUE	A	0.0011973919	921.0	5.7193036E-5	0.98219943	50.719017	0.2283392	0.97951454	0.0
SPIKE	S142:A>C	0	175622	0.0	9999.0	0.0	TRUE	A	1.9847979E-4	141.0	7.407589E-5	0.9970272	8.817347	0.24723405	0.96252304	0.0
SPIKE	S142:A>T	0	175622	0.0	9999.0	0.0	TRUE	A	3.4525865E-4	242.0	4.2539377E-5	0.9948345	23.63465	0.25056857	0.9823215	0.0
SPIKE	D143-145:GC>	3	175617	1.7082628E-5	9999.0	39.457256	TRUE		NaN	NaN	NaN	NaN	NaN	NaN	NaN	NaN
SPIKE	D143-144:G>	11	175617	6.26363E-5	9999.0	39.457256	TRUE		NaN	NaN	NaN	NaN	NaN	NaN	NaN	NaN
SPIKE	S143:G>A	0	175617	0.0	9999.0	0.0	TRUE	G	3.429305E-4	268.0	6.5330685E-5	0.99486923	25.735441	0.2247327	0.9708314	0.0
SPIKE	S143:G>C	0	175617	0.0	9999.0	0.0	TRUE	G	0.0015989238	1255.0	1.6082344E-5	0.9763015	93.47868	0.2237472	0.98654354	0.0
SPIKE	S143:G>T	0	175617	0.0	9999.0	0.0	TRUE	G	1.9765594E-5	15.0	1.9086645E-5	0.9997036	88.62424	0.23141603	0.98176885	0.0
SPIKE	S144:C>A	1	175613	5.694339E-6	3.3162317	32.0	TRUE	C	5.3097046E-5	44.0	8.156823E-5	0.99920386	12.544614	0.21193846	0.975039	0.0
SPIKE	D144-145:C>	34	175613	1.9360753E-4	9999.0	39.51985	TRUE		NaN	NaN	NaN	NaN	NaN	NaN	NaN	NaN
SPIKE	I144:>C	23	175613	1.309698E-4	9999.0	39.51985	TRUE		NaN	NaN	NaN	NaN	NaN	NaN	NaN	NaN
SPIKE	S144:C>G	0	175613	0.0	9999.0	0.0	TRUE	C	4.286008E-4	350.0	1.6826092E-5	0.9935916	98.4824	0.21505468	0.9871411	0.0
SPIKE	S144:C>T	0	175613	0.0	9999.0	0.0	TRUE	C	2.8147013E-4	231.0	3.1261607E-5	0.99578685	134.99167	0.21398856	0.97503126	0.0
SPIKE	S145:C>T	2	175601	1.1389457E-5	0.1312661	35.0	TRUE	C	3.2292068E-4	265.0	3.1261607E-5	0.9951679	134.98245	0.21398856	0.97503126	0.0
SPIKE	S145:C>A	0	175601	0.0	9999.0	0.0	TRUE	C	5.068701E-5	42.0	8.156823E-5	0.99924	12.5437565	0.21193846	0.975039	0.0
SPIKE	S145:C>G	0	175601	0.0	9999.0	0.0	TRUE	C	2.3758352E-4	194.0	1.6826092E-5	0.9964426	98.47567	0.21505468	0.9871411	0.0
SPIKE	S146:C>A	1	175552	5.696318E-6	3.7478564	40.0	TRUE	C	4.7079644E-5	39.0	8.156823E-5	0.99929404	12.540256	0.21193846	0.975039	0.0
SPIKE	S146:C>T	1	175552	5.696318E-6	0.0033517918	40.0	TRUE	C	4.4855842E-4	368.0	3.1261607E-5	0.9932942	134.94478	0.21398856	0.97503126	0.0
SPIKE	S146:C>G	0	175552	0.0	9999.0	0.0	TRUE	C	0.0018987487	1550.0	1.6826092E-5	0.97192055	98.44819	0.21505468	0.9871411	0.0
SPIKE	S147:G>A	0	175540	0.0	9999.0	0.0	TRUE	G	2.4322902E-5	19.0	6.5330685E-5	0.9996352	25.724157	0.2247327	0.9708314	0.0
SPIKE	S147:G>C	0	175540	0.0	9999.0	0.0	TRUE	G	7.583881E-4	595.0	1.6082344E-5	0.98868865	93.4377	0.2237472	0.98654354	0.0
SPIKE	S147:G>T	0	175540	0.0	9999.0	0.0	TRUE	G	0.0021778056	1652.0	1.9086645E-5	0.9678607	88.58538	0.23141603	0.98176885	0.0
SPIKE	S148:T>G	1	175501	5.6979734E-6	-0.0	40.0	TRUE	T	0.0029393113	2439.0	9.7141265E-6	0.9568682	160.76793	0.21150352	0.9818983	0.0
SPIKE	S148:T>A	0	175501	0.0	9999.0	0.0	TRUE	T	3.1487212E-5	0.0	5.9425158E-5	0.9995278	26.534454	0.20827131	0.98722124	1.0
SPIKE	S148:T>C	0	175501	0.0	9999.0	0.0	TRUE	T	3.5389414E-4	255.0	3.2083895E-5	0.9947057	39.005062	0.24357162	0.96992123	0.0
SPIKE	S149:G>A	0	175483	0.0	9999.0	0.0	TRUE	G	3.293085E-5	5.0	6.5330685E-5	0.9995062	25.715803	0.2247327	0.9708314	1.0
SPIKE	S149:G>C	0	175483	0.0	9999.0	0.0	TRUE	G	0.0023881046	1873.0	1.6082344E-5	0.96481246	93.407364	0.2237472	0.98654354	0.0
SPIKE	S149:G>T	0	175483	0.0	9999.0	0.0	TRUE	G	0.0011723354	889.0	1.9086645E-5	0.9825687	88.55661	0.23141603	0.98176885	0.0
SPIKE	S150:C>A	0	175451	0.0	9999.0	0.0	TRUE	C	3.2612363E-5	27.0	8.156823E-5	0.99951094	12.533041	0.21193846	0.975039	0.0
SPIKE	S150:C>G	0	175451	0.0	9999.0	0.0	TRUE	C	0.0013115037	1070.0	1.6826092E-5	0.9805197	98.39155	0.21505468	0.9871411	0.0
SPIKE	S150:C>T	0	175451	0.0	9999.0	0.0	TRUE	C	0.0026038683	2135.0	3.1261607E-5	0.9616949	134.86714	0.21398856	0.97503126	0.0
SPIKE	S151:T>A	0	175414	0.0	9999.0	0.0	TRUE	T	3.1487212E-5	1.0	5.9425158E-5	0.9995278	26.521301	0.20827131	0.98722124	1.0
SPIKE	S151:T>G	0	175414	0.0	9999.0	0.0	TRUE	T	0.0029600607	2455.0	9.7141265E-6	0.9565704	160.68823	0.21150352	0.9818983	0.0
SPIKE	S151:T>C	0	175414	0.0	9999.0	0.0	TRUE	T	0.001064986	767.0	3.2083895E-5	0.98415214	38.985725	0.24357162	0.96992123	0.0
SPIKE	S152:G>A	0	175389	0.0	9999.0	0.0	TRUE	G	1.6656313E-5	13.0	6.5330685E-5	0.9997502	25.702028	0.2247327	0.9708314	0.0
SPIKE	S152:G>C	0	175389	0.0	9999.0	0.0	TRUE	G	2.6789681E-5	21.0	1.6082344E-5	0.99959826	93.35732	0.2237472	0.98654354	0.0
SPIKE	S152:G>T	0	175389	0.0	9999.0	0.0	TRUE	G	0.0011478947	870.0	1.9086645E-5	0.982929	88.50918	0.23141603	0.98176885	0.0
SPIKE	S153:G>A	0	175318	0.0	9999.0	0.0	TRUE	G	3.293085E-5	8.0	6.5330685E-5	0.9995062	25.691624	0.2247327	0.9708314	1.0
SPIKE	S153:G>C	0	175318	0.0	9999.0	0.0	TRUE	G	1.2762158E-5	10.0	1.6082344E-5	0.9998086	93.319534	0.2237472	0.98654354	0.0
SPIKE	S153:G>T	0	175318	0.0	9999.0	0.0	TRUE	G	1.847935E-5	14.0	1.9086645E-5	0.99972284	88.47335	0.23141603	0.98176885	0.0
