#pipeline_block
reference	mutation	count	coverage	freq	score	cqs	has.reference	ancestral.allele	error.rate	minor.count.local	minor.fdr	minor.recall	minor.count.global	read.fraction.in.minors	q.filtered.read.fraction	global.est
SPIKE	S0:T>A	0	86764	0.0	9999.0	0.0	TRUE	T	1.4183542E-4	647.0	0.0015926741	0.97589946	903.42084	0.019050756	0.98409516	0.0
SPIKE	S0:T>G	0	86764	0.0	9999.0	0.0	TRUE	T	7.499417E-5	346.0	5.0431833E-4	0.98718387	2500.9644	0.018815251	0.9511172	0.0
SPIKE	S0:T>C	0	86764	0.0	9999.0	0.0	TRUE	T	4.3399175E-4	1837.0	0.0017371742	0.92807144	1329.0518	0.020533688	0.9601267	0.0
SPIKE	S1:A>G	0	86841	0.0	9999.0	0.0	TRUE	A	2.0893305E-4	992.0	0.0011944426	0.9647016	2322.8506	0.018312149	0.9663853	0.0
SPIKE	S1:A>C	0	86841	0.0	9999.0	0.0	TRUE	A	7.7404375E-6	34.0	0.0010547516	0.9986695	946.4345	0.01979109	0.889732	0.0
SPIKE	S1:A>T	0	86841	0.0	9999.0	0.0	TRUE	A	3.917664E-4	1801.0	0.0015433384	0.9348363	983.62787	0.018919474	0.97077304	0.0
SPIKE	S2:G>A	0	87144	0.0	9999.0	0.0	TRUE	G	4.970747E-4	2408.0	0.0014420071	0.9180561	1699.1797	0.018014796	0.9705648	0.0
SPIKE	S2:G>C	0	87144	0.0	9999.0	0.0	TRUE	G	1.3231853E-4	649.0	8.82764E-4	0.97749823	2509.3088	0.017782671	0.96767724	0.0
SPIKE	S2:G>T	0	87144	0.0	9999.0	0.0	TRUE	G	2.1646792E-5	105.0	0.0010105312	0.99628365	1135.3625	0.017983774	0.96447366	0.0
SPIKE	S3:C>A	0	87322	0.0	9999.0	0.0	TRUE	C	1.656417E-5	74.0	0.0016674321	0.997155	753.4435	0.019578815	0.9717836	0.0
SPIKE	S3:C>G	0	87322	0.0	9999.0	0.0	TRUE	C	3.7816406E-4	1836.0	9.456701E-4	0.937026	2292.4702	0.018002886	0.9741895	0.0
SPIKE	S3:C>T	0	87322	0.0	9999.0	0.0	TRUE	C	3.4758358E-4	1560.0	0.0013253835	0.9419676	1837.0521	0.019482035	0.97571945	0.0
SPIKE	S4:G>A	34	87485	3.8863806E-4	216.16264	39.058823	TRUE	G	3.604549E-4	1753.0	0.0014420071	0.93988454	1705.8287	0.018014796	0.9705648	0.0
SPIKE	S4:G>C	27	87485	3.0862432E-4	105.44702	39.185184	TRUE	G	5.60111E-4	2758.0	8.82764E-4	0.90815604	2519.128	0.017782671	0.96767724	0.0
SPIKE	S4:G>T	2	87485	2.2861062E-5	22.977612	40.0	TRUE	G	1.4785657E-5	72.0	0.0010105312	0.9974601	1139.8053	0.017983774	0.96447366	0.0
SPIKE	S5:T>A	8	87529	9.139828E-5	88.31566	39.75	TRUE	T	3.3899447E-5	156.0	0.0015926741	0.9941863	911.38635	0.019050756	0.98409516	0.0
SPIKE	S5:T>G	1	87529	1.1424785E-5	0.4369271	32.0	TRUE	T	3.37747E-4	1572.0	5.0431833E-4	0.9435627	2523.0154	0.018815251	0.9511172	0.0
SPIKE	S5:T>C	11	87529	1.2567264E-4	17.948334	38.636364	TRUE	T	5.4822816E-4	2341.0	0.0017371742	0.91001403	1340.77	0.020533688	0.9601267	0.0
SPIKE	I6:>G	1	87563	1.14203485E-5	9999.0	39.557014	TRUE		NaN	NaN	NaN	NaN	NaN	NaN	NaN	NaN
SPIKE	S6:G>A	22	87563	2.5124766E-4	195.71333	39.545456	TRUE	G	1.2963174E-4	631.0	0.0014420071	0.9779501	1707.3496	0.018014796	0.9705648	0.0
SPIKE	S6:G>C	6	87563	6.8522095E-5	22.716106	36.666668	TRUE	G	1.7551285E-4	865.0	8.82764E-4	0.9702629	2521.374	0.017782671	0.96767724	0.0
SPIKE	S6:G>T	10	87563	1.1420349E-4	34.17833	36.9	TRUE	G	2.8149795E-4	1372.0	0.0010105312	0.9527358	1140.8215	0.017983774	0.96447366	0.0
SPIKE	S7:A>G	16	87610	1.8262755E-4	37.470463	39.75	TRUE	A	5.7369797E-4	2748.0	0.0011944426	0.90603614	2343.4202	0.018312149	0.9663853	0.0
SPIKE	S7:A>C	8	87610	9.131378E-5	139.02611	39.5	TRUE	A	7.6724955E-6	34.0	0.0010547516	0.9986812	954.8154	0.01979109	0.889732	0.0
SPIKE	S7:A>T	121	87610	0.0013811209	1875.751	39.38843	TRUE	A	1.3303617E-4	617.0	0.0015433384	0.9773776	992.33813	0.018919474	0.97077304	0.0
SPIKE	D7-8:A>	84	87610	9.5879467E-4	9999.0	39.569218	TRUE		NaN	NaN	NaN	NaN	NaN	NaN	NaN	NaN
SPIKE	I7:>A	2	87610	2.2828444E-5	9999.0	39.569218	TRUE		NaN	NaN	NaN	NaN	NaN	NaN	NaN	NaN
SPIKE	S8:A>G	18	87622	2.0542786E-4	115.39482	38.833332	TRUE	A	2.0080854E-4	962.0	0.0011944426	0.9660506	2343.7412	0.018312149	0.9663853	0.0
SPIKE	S8:A>C	24	87622	2.739038E-4	546.61273	39.166668	TRUE	A	5.4151374E-6	24.0	0.0010547516	0.99906904	954.9462	0.01979109	0.889732	0.0
SPIKE	S8:A>T	125	87622	0.0014265823	2718.172	39.472	TRUE	A	3.233824E-5	150.0	0.0015433384	0.99445325	992.47406	0.018919474	0.97077304	0.0
SPIKE	S9:G>A	33	87628	3.7659195E-4	188.93459	39.575756	TRUE	G	4.1283053E-4	2011.0	0.0014420071	0.9314555	1708.617	0.018014796	0.9705648	0.0
SPIKE	S9:G>C	4	87628	4.564751E-5	18.6999	37.25	TRUE	G	1.0685163E-4	527.0	8.82764E-4	0.98178935	2523.2456	0.017782671	0.96767724	0.0
SPIKE	S9:G>T	8	87628	9.129502E-5	133.44324	39.25	TRUE	G	9.020934E-6	44.0	0.0010105312	0.9984496	1141.6685	0.017983774	0.96447366	0.0
SPIKE	D9-10:G>	26	87628	2.967088E-4	9999.0	39.613056	TRUE		NaN	NaN	NaN	NaN	NaN	NaN	NaN	NaN
SPIKE	D9-11:GA>	8	87628	9.129502E-5	9999.0	39.613056	TRUE		NaN	NaN	NaN	NaN	NaN	NaN	NaN	NaN
SPIKE	S10:A>G	5	87629	5.7058736E-5	1.8479329	38.6	TRUE	A	6.2178884E-4	2979.0	0.0011944426	0.8985727	2343.9282	0.018312149	0.9663853	0.0
SPIKE	S10:A>C	7	87629	7.988223E-5	106.57389	38.714287	TRUE	A	1.15062485E-5	51.0	0.0010547516	0.99802285	955.0225	0.01979109	0.889732	0.0
SPIKE	S10:A>T	102	87629	0.0011639983	1781.9832	39.441177	TRUE	A	7.1354014E-5	331.0	0.0015433384	0.9878021	992.55334	0.018919474	0.97077304	0.0
SPIKE	D10-11:A>	30	87629	3.423524E-4	9999.0	39.56907	TRUE		NaN	NaN	NaN	NaN	NaN	NaN	NaN	NaN
SPIKE	D10-12:AC>	6	87629	6.847049E-5	9999.0	39.56907	TRUE		NaN	NaN	NaN	NaN	NaN	NaN	NaN	NaN
SPIKE	S11:C>A	1	87631	1.1411486E-5	0.5448594	40.0	TRUE	C	3.1115595E-4	1395.0	0.0016674321	0.9478881	756.1097	0.019578815	0.9717836	0.0
SPIKE	S11:C>G	4	87631	4.5645946E-5	13.44291	39.25	TRUE	C	1.5578128E-4	759.0	9.456701E-4	0.9735614	2300.5823	0.018002886	0.9741895	0.0
SPIKE	S11:C>T	68	87631	7.759811E-4	522.03406	39.5	TRUE	C	4.915619E-4	2214.0	0.0013253835	0.91892695	1843.5529	0.019482035	0.97571945	0.0
SPIKE	D11-12:C>	38	87631	4.336365E-4	9999.0	39.416245	TRUE		NaN	NaN	NaN	NaN	NaN	NaN	NaN	NaN
SPIKE	D11-13:CG>	1	87631	1.1411486E-5	9999.0	39.416245	TRUE		NaN	NaN	NaN	NaN	NaN	NaN	NaN	NaN
SPIKE	I12:>G	1	87632	1.1411356E-5	9999.0	39.363724	TRUE		NaN	NaN	NaN	NaN	NaN	NaN	NaN	NaN
SPIKE	S12:G>A	35	87632	3.9939748E-4	187.36087	39.142857	TRUE	G	4.8034775E-4	2340.0	0.0014420071	0.92070115	1708.695	0.018014796	0.9705648	0.0
SPIKE	S12:G>C	9	87632	1.0270221E-4	13.716672	39.77778	TRUE	G	4.914545E-4	2424.0	8.82764E-4	0.91894394	2523.3608	0.017782671	0.96767724	0.0
SPIKE	S12:G>T	18	87632	2.0540442E-4	339.15927	38.61111	TRUE	G	1.0455606E-5	51.0	0.0010105312	0.9982033	1141.7205	0.017983774	0.96447366	0.0
SPIKE	D12-13:G>	42	87632	4.79277E-4	9999.0	39.363724	TRUE		NaN	NaN	NaN	NaN	NaN	NaN	NaN	NaN
SPIKE	D12-14:GA>	4	87632	4.5645425E-5	9999.0	39.363724	TRUE		NaN	NaN	NaN	NaN	NaN	NaN	NaN	NaN
SPIKE	S13:A>G	5	87632	5.7056783E-5	3.0220635	38.8	TRUE	A	5.2283576E-4	2505.0	0.0011944426	0.91399723	2344.0085	0.018312149	0.9663853	0.0
SPIKE	S13:A>C	16	87632	1.825817E-4	263.24957	38.9375	TRUE	A	1.6469165E-5	73.0	0.0010547516	0.9971713	955.05524	0.01979109	0.889732	0.0
SPIKE	S13:A>T	102	87632	0.0011639583	1627.9493	39.343136	TRUE	A	1.0131492E-4	470.0	0.0015433384	0.9827248	992.58734	0.018919474	0.97077304	0.0
SPIKE	D13-14:A>	23	87632	2.624612E-4	9999.0	39.565445	TRUE		NaN	NaN	NaN	NaN	NaN	NaN	NaN	NaN
SPIKE	I13:>A	2	87632	2.2822713E-5	9999.0	39.565445	TRUE		NaN	NaN	NaN	NaN	NaN	NaN	NaN	NaN
SPIKE	I14:>C	1	87632	1.1411356E-5	9999.0	39.48391	TRUE		NaN	NaN	NaN	NaN	NaN	NaN	NaN	NaN
SPIKE	S14:C>G	3	87632	3.4234068E-5	5.6575713	39.666668	TRUE	C	2.2002058E-4	1072.0	9.456701E-4	0.96286356	2300.6086	0.018002886	0.9741895	0.0
SPIKE	S14:C>T	26	87632	2.9669527E-4	191.27544	38.5	TRUE	C	2.1957955E-4	989.0	0.0013253835	0.96293664	1843.5739	0.019482035	0.97571945	0.0
SPIKE	D14-15:C>	26	87632	2.9669527E-4	9999.0	39.48391	TRUE		NaN	NaN	NaN	NaN	NaN	NaN	NaN	NaN
SPIKE	D14-16:CA>	4	87632	4.5645425E-5	9999.0	39.48391	TRUE		NaN	NaN	NaN	NaN	NaN	NaN	NaN	NaN
SPIKE	S14:C>A	0	87632	0.0	9999.0	0.0	TRUE	C	3.0736058E-4	1378.0	0.0016674321	0.9485071	756.1183	0.019578815	0.9717836	0.0
SPIKE	S15:A>G	11	87632	1.2552492E-4	34.356926	38.272728	TRUE	A	3.3081623E-4	1585.0	0.0011944426	0.94468814	2344.0085	0.018312149	0.9663853	0.0
SPIKE	S15:A>C	11	87632	1.2552492E-4	35.46813	39.545456	TRUE	A	3.208103E-4	1422.0	0.0010547516	0.9463154	955.05524	0.01979109	0.889732	0.0
SPIKE	S15:A>T	69	87632	7.873836E-4	1167.9218	39.594204	TRUE	A	5.5615423E-5	258.0	0.0015433384	0.99047977	992.58734	0.018919474	0.97077304	0.0
SPIKE	D15-16:A>	40	87632	4.5645426E-4	9999.0	39.45844	TRUE		NaN	NaN	NaN	NaN	NaN	NaN	NaN	NaN
SPIKE	I15:>A	1	87632	1.1411356E-5	9999.0	39.45844	TRUE		NaN	NaN	NaN	NaN	NaN	NaN	NaN	NaN
SPIKE	S16:G>A	21	87632	2.396385E-4	85.558426	39.52381	TRUE	G	4.2738635E-4	2082.0	0.0014420071	0.92912644	1708.695	0.018014796	0.9705648	0.0
SPIKE	S16:G>T	29	87632	3.3092935E-4	549.10443	39.24138	TRUE	G	1.5580903E-5	76.0	0.0010105312	0.9973237	1141.7205	0.017983774	0.96447366	0.0
SPIKE	S16:G>C	11	87632	1.2552492E-4	19.653769	37.81818	TRUE	G	5.163922E-4	2547.0	8.82764E-4	0.91501075	2523.3608	0.017782671	0.96767724	0.0
SPIKE	D16-17:G>	32	87632	3.651634E-4	9999.0	39.449883	TRUE		NaN	NaN	NaN	NaN	NaN	NaN	NaN	NaN
SPIKE	D16-18:GA>	10	87632	1.14113565E-4	9999.0	39.449883	TRUE		NaN	NaN	NaN	NaN	NaN	NaN	NaN	NaN
SPIKE	S17:A>G	14	87632	1.5975899E-4	31.982437	38.214287	TRUE	A	5.2408804E-4	2511.0	0.0011944426	0.91380036	2344.0085	0.018312149	0.9663853	0.0
SPIKE	S17:A>T	121	87632	0.0013807742	2155.0527	39.140495	TRUE	A	7.7818484E-5	361.0	0.0015433384	0.9867044	992.58734	0.018919474	0.97077304	0.0
SPIKE	S17:A>C	19	87632	2.1681578E-4	400.333	38.894737	TRUE	A	6.5425447E-6	29.0	0.0010547516	0.9988753	955.05524	0.01979109	0.889732	0.0
SPIKE	D17-18:A>	58	87632	6.618587E-4	9999.0	39.589558	TRUE		NaN	NaN	NaN	NaN	NaN	NaN	NaN	NaN
SPIKE	I17:>A	2	87632	2.2822713E-5	9999.0	39.589558	TRUE		NaN	NaN	NaN	NaN	NaN	NaN	NaN	NaN
SPIKE	S18:A>G	6	87632	6.8468136E-5	16.593714	39.5	TRUE	A	2.3918954E-4	1146.0	0.0011944426	0.9596942	2344.0085	0.018312149	0.9663853	0.0
SPIKE	S18:A>T	17	87632	1.9399307E-4	245.26141	39.882355	TRUE	A	2.7807711E-5	129.0	0.0015433384	0.99522847	992.58734	0.018919474	0.97077304	0.0
SPIKE	S18:A>C	29	87632	3.3092935E-4	627.39703	39.310345	TRUE	A	8.347384E-6	37.0	0.0010547516	0.99856526	955.05524	0.01979109	0.889732	0.0
SPIKE	S19:C>G	2	87632	2.2822713E-5	10.115316	40.0	TRUE	C	7.204032E-5	351.0	9.456701E-4	0.9876855	2300.6086	0.018002886	0.9741895	0.0
SPIKE	S19:C>A	1	87632	1.1411356E-5	0.43158475	40.0	TRUE	C	3.3881038E-4	1519.0	0.0016674321	0.94339013	756.1183	0.019578815	0.9717836	0.0
SPIKE	S19:C>T	17	87632	1.9399307E-4	142.56686	39.17647	TRUE	C	1.1678346E-4	526.0	0.0013253835	0.9801136	1843.5739	0.019482035	0.97571945	0.0
SPIKE	D19-20:C>	14	87632	1.5975899E-4	9999.0	39.507133	TRUE		NaN	NaN	NaN	NaN	NaN	NaN	NaN	NaN
SPIKE	S20:C>G	26	87632	2.9669527E-4	389.12863	39.153847	TRUE	C	3.550705E-5	173.0	9.456701E-4	0.9939114	2300.6086	0.018002886	0.9741895	0.0
SPIKE	S20:C>A	6	87632	6.8468136E-5	45.045483	39.333332	TRUE	C	6.535315E-5	293.0	0.0016674321	0.9888222	756.1183	0.019578815	0.9717836	0.0
SPIKE	S20:C>T	21	87632	2.396385E-4	163.83945	39.333332	TRUE	C	1.62964E-4	734.0	0.0013253835	0.97235936	1843.5739	0.019482035	0.97571945	0.0
SPIKE	S21:A>G	11	87632	1.2552492E-4	24.304302	37.363636	TRUE	A	4.441495E-4	2128.0	0.0011944426	0.9264514	2344.0085	0.018312149	0.9663853	0.0
SPIKE	S21:A>T	3	87632	3.4234068E-5	24.92593	38.666668	TRUE	A	3.6430258E-5	169.0	0.0015433384	0.9937536	992.58734	0.018919474	0.97077304	0.0
SPIKE	S21:A>C	42	87632	4.79277E-4	313.32843	39.690475	TRUE	A	3.302857E-4	1464.0	0.0010547516	0.9447744	955.05524	0.01979109	0.889732	0.0
SPIKE	S22:A>C	18	87632	2.0540442E-4	344.98273	39.61111	TRUE	A	9.701014E-6	43.0	0.0010547516	0.9983328	955.05524	0.01979109	0.889732	0.0
SPIKE	S22:A>G	0	87632	0.0	9999.0	0.0	TRUE	A	4.892341E-4	1.0	0.0011944426	0.91929495	2344.0085	0.018312149	0.9663853	1.0
SPIKE	S22:A>T	0	87632	0.0	9999.0	0.0	TRUE	A	2.1396576E-4	2.0	0.0015433384	0.96386683	992.58734	0.018919474	0.97077304	1.0
SPIKE	S23:A>T	18	87632	2.0540442E-4	404.34525	39.555557	TRUE	C	4.526837E-6	21.0	0.0015433384	0.9992217	992.58734	0.018919474	0.97077304	0.0
SPIKE	S23:A>C	87575	87632	0.99934953	Infinity	39.811134	TRUE	C	2.1546522E-4	1.0	0.0010547516	0.9636183	955.05524	0.01979109	0.889732	1.0
SPIKE	S23:A>G	0	87632	0.0	9999.0	0.0	TRUE	C	4.892341E-4	3.0	0.0011944426	0.91929495	2344.0085	0.018312149	0.9663853	1.0
SPIKE	S24:A>G	18	87632	2.0540442E-4	406.86234	39.555557	TRUE	T	4.383054E-6	21.0	0.0011944426	0.9992464	2344.0085	0.018312149	0.9663853	0.0
SPIKE	S24:A>T	87575	87632	0.99934953	Infinity	39.811066	TRUE	T	2.1396576E-4	1.0	0.0015433384	0.96386683	992.58734	0.018919474	0.97077304	1.0
SPIKE	D24-26:AA>	1	87632	1.1411356E-5	9999.0	39.80328	TRUE		NaN	NaN	NaN	NaN	NaN	NaN	NaN	NaN
SPIKE	S24:A>C	0	87632	0.0	9999.0	0.0	TRUE	T	2.9667057E-4	1315.0	0.0010547516	0.9502527	955.05524	0.01979109	0.889732	0.0
SPIKE	S25:A>G	87575	87632	0.99934953	Infinity	39.811066	TRUE	G	4.892341E-4	0.0	0.0011944426	0.91929495	2344.0085	0.018312149	0.9663853	1.0
SPIKE	D25-26:A>	18	87632	2.0540442E-4	9999.0	39.795155	TRUE		NaN	NaN	NaN	NaN	NaN	NaN	NaN	NaN
SPIKE	S25:A>C	0	87632	0.0	9999.0	0.0	TRUE	G	4.737705E-6	21.0	0.0010547516	0.99918544	955.05524	0.01979109	0.889732	0.0
SPIKE	S25:A>T	0	87632	0.0	9999.0	0.0	TRUE	G	2.8626854E-4	1328.0	0.0015433384	0.95195436	992.58734	0.018919474	0.97077304	0.0
SPIKE	S26:T>C	6	87633	6.846736E-5	7.32518	39.5	TRUE	T	4.226709E-4	1807.0	0.0017371742	0.9298803	1342.3632	0.020533688	0.9601267	0.0
SPIKE	S26:T>A	0	87633	0.0	9999.0	0.0	TRUE	T	6.38116E-5	294.0	0.0015926741	0.9890844	912.46924	0.019050756	0.98409516	0.0
SPIKE	S26:T>G	0	87633	0.0	9999.0	0.0	TRUE	T	3.4099433E-4	1589.0	5.0431833E-4	0.9430358	2526.0132	0.018815251	0.9511172	0.0
SPIKE	S27:G>A	6	87634	6.846658E-5	25.167727	39.666668	TRUE	G	1.5600682E-4	760.0	0.0014420071	0.9735236	1708.734	0.018014796	0.9705648	0.0
SPIKE	S27:G>T	1	87634	1.1411096E-5	0.8592654	40.0	TRUE	G	2.5728403E-4	1255.0	0.0010105312	0.956712	1141.7466	0.017983774	0.96447366	0.0
SPIKE	S27:G>C	1	87634	1.1411096E-5	8.412827	39.0	TRUE	G	2.9600133E-5	146.0	8.82764E-4	0.99492174	2523.4185	0.017782671	0.96767724	0.0
SPIKE	D27-28:G>	7	87634	7.9877675E-5	9999.0	39.64469	TRUE		NaN	NaN	NaN	NaN	NaN	NaN	NaN	NaN
SPIKE	S28:G>A	6	87634	6.846658E-5	32.72164	38.0	TRUE	G	1.1064168E-4	539.0	0.0014420071	0.98114955	1708.734	0.018014796	0.9705648	0.0
SPIKE	S28:G>T	4	87634	4.5644385E-5	19.845488	39.5	TRUE	G	9.881347E-5	482.0	0.0010105312	0.9831477	1141.7466	0.017983774	0.96447366	0.0
SPIKE	S28:G>C	1	87634	1.1411096E-5	0.99520475	40.0	TRUE	G	2.4004492E-4	1184.0	8.82764E-4	0.959553	2523.4185	0.017782671	0.96767724	0.0
SPIKE	S29:G>A	6	87634	6.846658E-5	39.379642	39.166668	TRUE	G	8.292994E-5	404.0	0.0014420071	0.9858373	1708.734	0.018014796	0.9705648	0.0
SPIKE	S29:G>T	4	87634	4.5644385E-5	24.29993	38.25	TRUE	G	7.3597585E-5	359.0	0.0010105312	0.987421	1141.7466	0.017983774	0.96447366	0.0
SPIKE	S29:G>C	1	87634	1.1411096E-5	4.4845862	40.0	TRUE	G	7.744692E-5	382.0	8.82764E-4	0.9867675	2523.4185	0.017782671	0.96767724	0.0
SPIKE	S30:A>G	10	87634	1.1411096E-4	34.953506	39.3	TRUE	A	2.7487383E-4	1317.0	0.0011944426	0.9538219	2344.062	0.018312149	0.9663853	0.0
SPIKE	S30:A>T	5	87634	5.705548E-5	31.42125	37.2	TRUE	A	7.932562E-5	368.0	0.0015433384	0.98644865	992.61	0.018919474	0.97077304	0.0
SPIKE	S30:A>C	1	87634	1.1411096E-5	15.738557	40.0	TRUE	A	5.414396E-6	24.0	0.0010547516	0.99906915	955.077	0.01979109	0.889732	0.0
SPIKE	S31:T>A	2	87634	2.2822192E-5	8.669666	39.5	TRUE	T	8.768569E-5	404.0	0.0015926741	0.98503125	912.4796	0.019050756	0.98409516	0.0
SPIKE	S31:T>C	1	87634	1.1411096E-5	1.2621331	40.0	TRUE	T	2.1238561E-4	908.0	0.0017371742	0.96412885	1342.3784	0.020533688	0.9601267	0.0
SPIKE	S31:T>G	0	87634	0.0	9999.0	0.0	TRUE	T	3.0043211E-6	14.0	5.0431833E-4	0.9994834	2526.042	0.018815251	0.9511172	0.0
SPIKE	S32:C>T	7	87634	7.9877675E-5	36.48342	39.57143	TRUE	C	1.3098987E-4	590.0	0.0013253835	0.97772163	1843.616	0.019482035	0.97571945	0.0
SPIKE	S32:C>A	1	87634	1.1411096E-5	5.0260386	39.0	TRUE	C	6.735905E-5	302.0	0.0016674321	0.9884811	756.13556	0.019578815	0.9717836	0.0
SPIKE	S32:C>G	2	87634	2.2822192E-5	11.435933	39.5	TRUE	C	6.0545328E-5	295.0	9.456701E-4	0.98964024	2300.6611	0.018002886	0.9741895	0.0
SPIKE	D32-33:C>	1	87634	1.1411096E-5	9999.0	39.737144	TRUE		NaN	NaN	NaN	NaN	NaN	NaN	NaN	NaN
SPIKE	S33:C>T	14	87634	1.5975535E-4	82.89408	39.642857	TRUE	C	1.844959E-4	831.0	0.0013253835	0.9687649	1843.616	0.019482035	0.97571945	0.0
SPIKE	S33:C>A	10	87634	1.1411096E-4	181.5655	39.1	TRUE	C	7.583469E-6	34.0	0.0016674321	0.9986965	756.13556	0.019578815	0.9717836	0.0
SPIKE	S33:C>G	12	87634	1.3693316E-4	82.30765	39.583332	TRUE	C	1.2806876E-4	624.0	9.456701E-4	0.978213	2300.6611	0.018002886	0.9741895	0.0
SPIKE	S34:A>T	2	87634	2.2822192E-5	12.59397	40.0	TRUE	A	5.2165215E-5	242.0	0.0015433384	0.9910677	992.61	0.018919474	0.97077304	0.0
SPIKE	S34:A>G	18	87634	2.0539973E-4	74.696304	39.27778	TRUE	A	3.6649845E-4	1756.0	0.0011944426	0.93890804	2344.062	0.018312149	0.9663853	0.0
SPIKE	S34:A>C	0	87634	0.0	9999.0	0.0	TRUE	A	2.0755186E-5	92.0	0.0010547516	0.9964365	955.077	0.01979109	0.889732	0.0
SPIKE	S35:T>C	3	87634	3.423329E-5	6.4549456	39.666668	TRUE	T	1.9975475E-4	854.0	0.0017371742	0.9662257	1342.3784	0.020533688	0.9601267	0.0
SPIKE	S35:T>A	5	87634	5.705548E-5	37.176865	39.4	TRUE	T	5.9252954E-5	273.0	0.0015926741	0.98986024	912.4796	0.019050756	0.98409516	0.0
SPIKE	D35-36:T>	7	87634	7.9877675E-5	9999.0	39.7248	TRUE		NaN	NaN	NaN	NaN	NaN	NaN	NaN	NaN
SPIKE	S35:T>G	0	87634	0.0	9999.0	0.0	TRUE	T	7.9399915E-6	37.0	5.0431833E-4	0.99863523	2526.042	0.018815251	0.9511172	0.0
SPIKE	S36:T>C	7	87634	7.9877675E-5	19.851734	38.285713	TRUE	T	2.594005E-4	1109.0	0.0017371742	0.9563638	1342.3784	0.020533688	0.9601267	0.0
SPIKE	S36:T>A	5	87634	5.705548E-5	42.0003	36.2	TRUE	T	4.6664412E-5	215.0	0.0015926741	0.9920058	912.4796	0.019050756	0.98409516	0.0
SPIKE	S36:T>G	0	87634	0.0	9999.0	0.0	TRUE	T	6.437831E-6	30.0	5.0431833E-4	0.9988933	2526.042	0.018815251	0.9511172	0.0
SPIKE	S37:A>C	3	87634	3.423329E-5	24.736568	40.0	TRUE	A	3.699837E-5	164.0	0.0010547516	0.99365646	955.077	0.01979109	0.889732	0.0
SPIKE	S37:A>T	1	87634	1.1411096E-5	8.580539	39.0	TRUE	A	2.8453755E-5	132.0	0.0015433384	0.9951179	992.61	0.018919474	0.97077304	0.0
SPIKE	S37:A>G	11	87634	1.2552206E-4	45.014828	39.0	TRUE	A	2.4899354E-4	1193.0	0.0011944426	0.95807725	2344.062	0.018312149	0.9663853	0.0
SPIKE	D37-38:A>	2	87634	2.2822192E-5	9999.0	39.629723	TRUE		NaN	NaN	NaN	NaN	NaN	NaN	NaN	NaN
SPIKE	S38:T>C	5	87634	5.705548E-5	17.770573	39.4	TRUE	T	1.6724197E-4	715.0	0.0017371742	0.97164416	1342.3784	0.020533688	0.9601267	0.0
SPIKE	S38:T>A	6	87634	6.846658E-5	43.81074	40.0	TRUE	T	6.880288E-5	317.0	0.0015926741	0.98823565	912.4796	0.019050756	0.98409516	0.0
SPIKE	S38:T>G	0	87634	0.0	9999.0	0.0	TRUE	T	4.5064817E-6	21.0	5.0431833E-4	0.9992252	2526.042	0.018815251	0.9511172	0.0
SPIKE	S39:C>T	12	87634	1.3693316E-4	44.183582	38.583332	TRUE	C	2.999446E-4	1351.0	0.0013253835	0.9497177	1843.616	0.019482035	0.97571945	0.0
SPIKE	S39:C>A	8	87634	9.128877E-5	136.49992	39.75	TRUE	C	8.2525985E-6	37.0	0.0016674321	0.9985816	756.13556	0.019578815	0.9717836	0.0
SPIKE	S39:C>G	7	87634	7.9877675E-5	72.91969	39.714287	TRUE	C	3.571148E-5	174.0	9.456701E-4	0.99387646	2300.6611	0.018002886	0.9741895	0.0
SPIKE	D39-40:C>	2	87634	2.2822192E-5	9999.0	39.674557	TRUE		NaN	NaN	NaN	NaN	NaN	NaN	NaN	NaN
SPIKE	S40:G>A	22	87634	2.510441E-4	114.72861	39.590908	TRUE	G	3.2597216E-4	1588.0	0.0014420071	0.9454756	1708.734	0.018014796	0.9705648	0.0
SPIKE	D40-41:G>	1	87634	1.1411096E-5	9999.0	39.620686	TRUE		NaN	NaN	NaN	NaN	NaN	NaN	NaN	NaN
SPIKE	S40:G>C	0	87634	0.0	9999.0	0.0	TRUE	G	6.670167E-5	329.0	8.82764E-4	0.98859286	2523.4185	0.017782671	0.96767724	0.0
SPIKE	S40:G>T	0	87634	0.0	9999.0	0.0	TRUE	G	8.405295E-6	41.0	0.0010105312	0.99855536	1141.7466	0.017983774	0.96447366	0.0
SPIKE	S41:G>C	6	87634	6.846658E-5	28.41608	38.333332	TRUE	G	1.3421431E-4	662.0	8.82764E-4	0.9771796	2523.4185	0.017782671	0.96767724	0.0
SPIKE	S41:G>A	12	87634	1.3693316E-4	107.380936	38.666668	TRUE	G	7.636123E-5	372.0	0.0014420071	0.98695177	1708.734	0.018014796	0.9705648	0.0
SPIKE	S41:G>T	0	87634	0.0	9999.0	0.0	TRUE	G	1.968069E-5	96.0	0.0010105312	0.99662066	1141.7466	0.017983774	0.96447366	0.0
SPIKE	S42:C>T	8	87634	9.128877E-5	17.019402	38.5	TRUE	C	3.6055516E-4	1624.0	0.0013253835	0.93986833	1843.616	0.019482035	0.97571945	0.0
SPIKE	S42:C>A	13	87634	1.4834425E-4	214.95871	39.46154	TRUE	C	1.3605636E-5	61.0	0.0016674321	0.99766254	756.13556	0.019578815	0.9717836	0.0
SPIKE	S42:C>G	5	87634	5.705548E-5	15.848809	39.6	TRUE	C	1.8779314E-4	915.0	9.456701E-4	0.96821564	2300.6611	0.018002886	0.9741895	0.0
SPIKE	D42-43:C>	18	87634	2.0539973E-4	9999.0	39.487198	TRUE		NaN	NaN	NaN	NaN	NaN	NaN	NaN	NaN
SPIKE	D42-44:CG>	1	87634	1.1411096E-5	9999.0	39.487198	TRUE		NaN	NaN	NaN	NaN	NaN	NaN	NaN	NaN
SPIKE	S43:G>T	4	87634	4.5644385E-5	51.399433	40.0	TRUE	G	1.4145497E-5	69.0	0.0010105312	0.9975699	1141.7466	0.017983774	0.96447366	0.0
SPIKE	S43:G>A	18	87634	2.0539973E-4	95.529755	38.77778	TRUE	G	2.674696E-4	1303.0	0.0014420071	0.9550374	1708.734	0.018014796	0.9705648	0.0
SPIKE	D43-44:G>	2	87634	2.2822192E-5	9999.0	39.628216	TRUE		NaN	NaN	NaN	NaN	NaN	NaN	NaN	NaN
SPIKE	S43:G>C	0	87634	0.0	9999.0	0.0	TRUE	G	9.305795E-5	459.0	8.82764E-4	0.98412144	2523.4185	0.017782671	0.96767724	0.0
SPIKE	S44:G>C	1	87634	1.1411096E-5	0.6484019	39.0	TRUE	G	2.9052733E-4	1433.0	8.82764E-4	0.9512573	2523.4185	0.017782671	0.96767724	0.0
SPIKE	S44:G>T	2	87634	2.2822192E-5	21.283726	39.5	TRUE	G	1.8040633E-5	88.0	0.0010105312	0.9969018	1141.7466	0.017983774	0.96447366	0.0
SPIKE	S44:G>A	10	87634	1.1411096E-4	79.667366	39.9	TRUE	G	8.416158E-5	410.0	0.0014420071	0.9856285	1708.734	0.018014796	0.9705648	0.0
SPIKE	S45:C>T	14	87634	1.5975535E-4	236.41846	38.285713	TRUE	C	1.3321004E-5	60.0	0.0013253835	0.9977114	1843.616	0.019482035	0.97571945	0.0
SPIKE	S45:C>A	11	87634	1.2552206E-4	207.62724	39.363636	TRUE	C	6.91434E-6	31.0	0.0016674321	0.9988114	756.13556	0.019578815	0.9717836	0.0
SPIKE	S45:C>G	14	87634	1.5975535E-4	49.386513	39.07143	TRUE	C	3.5526766E-4	1731.0	9.456701E-4	0.9407235	2300.6611	0.018002886	0.9741895	0.0
SPIKE	D45-47:CG>	1	87634	1.1411096E-5	9999.0	39.32499	TRUE		NaN	NaN	NaN	NaN	NaN	NaN	NaN	NaN
SPIKE	S46:G>A	19	87634	2.1681083E-4	82.31208	39.36842	TRUE	G	3.6476858E-4	1777.0	0.0014420071	0.93918747	1708.734	0.018014796	0.9705648	0.0
SPIKE	D46-47:G>	2	87634	2.2822192E-5	9999.0	39.489067	TRUE		NaN	NaN	NaN	NaN	NaN	NaN	NaN	NaN
SPIKE	S46:G>C	0	87634	0.0	9999.0	0.0	TRUE	G	2.3680106E-4	1168.0	8.82764E-4	0.96008855	2523.4185	0.017782671	0.96767724	0.0
SPIKE	S46:G>T	0	87634	0.0	9999.0	0.0	TRUE	G	1.4555511E-5	71.0	0.0010105312	0.9974996	1141.7466	0.017983774	0.96447366	0.0
SPIKE	S47:A>T	3	87634	3.423329E-5	19.48004	39.0	TRUE	A	5.7338624E-5	266.0	0.0015433384	0.9901862	992.61	0.018919474	0.97077304	0.0
SPIKE	S47:A>G	8	87634	9.128877E-5	40.428158	39.25	TRUE	A	1.5027271E-4	720.0	0.0011944426	0.97448426	2344.062	0.018312149	0.9663853	0.0
SPIKE	D47-48:A>	2	87634	2.2822192E-5	9999.0	39.63585	TRUE		NaN	NaN	NaN	NaN	NaN	NaN	NaN	NaN
SPIKE	S47:A>C	0	87634	0.0	9999.0	0.0	TRUE	A	3.3839976E-6	15.0	0.0010547516	0.99941814	955.077	0.01979109	0.889732	0.0
SPIKE	S48:A>T	1	87634	1.1411096E-5	1.7670828	40.0	TRUE	A	1.7395591E-4	807.0	0.0015433384	0.97052276	992.61	0.018919474	0.97077304	0.0
SPIKE	S48:A>G	10	87634	1.1411096E-4	53.246513	39.6	TRUE	A	1.6509127E-4	791.0	0.0011944426	0.9720037	2344.062	0.018312149	0.9663853	0.0
SPIKE	S48:A>C	0	87634	0.0	9999.0	0.0	TRUE	A	9.475193E-6	42.0	0.0010547516	0.9983716	955.077	0.01979109	0.889732	0.0
SPIKE	S49:T>C	1	87634	1.1411096E-5	1.4730253	39.0	TRUE	T	1.9460885E-4	832.0	0.0017371742	0.9670813	1342.3784	0.020533688	0.9601267	0.0
SPIKE	S49:T>A	1	87634	1.1411096E-5	5.594278	40.0	TRUE	T	5.8384776E-5	269.0	0.0015926741	0.99000806	912.4796	0.019050756	0.98409516	0.0
SPIKE	D49-50:T>	8	87634	9.128877E-5	9999.0	39.645515	TRUE		NaN	NaN	NaN	NaN	NaN	NaN	NaN	NaN
SPIKE	D49-51:TT>	1	87634	1.1411096E-5	9999.0	39.645515	TRUE		NaN	NaN	NaN	NaN	NaN	NaN	NaN	NaN
SPIKE	S49:T>G	0	87634	0.0	9999.0	0.0	TRUE	T	7.725397E-6	36.0	5.0431833E-4	0.9986721	2526.042	0.018815251	0.9511172	0.0
SPIKE	S50:T>C	1	87634	1.1411096E-5	1.3330975	39.0	TRUE	T	2.0607018E-4	881.0	0.0017371742	0.9651767	1342.3784	0.020533688	0.9601267	0.0
SPIKE	S50:T>A	3	87634	3.423329E-5	17.882185	39.0	TRUE	T	6.576427E-5	303.0	0.0015926741	0.9887523	912.4796	0.019050756	0.98409516	0.0
SPIKE	S50:T>G	0	87634	0.0	9999.0	0.0	TRUE	T	7.510803E-6	35.0	5.0431833E-4	0.99870896	2526.042	0.018815251	0.9511172	0.0
SPIKE	S51:T>C	3	87634	3.423329E-5	4.535144	39.0	TRUE	T	2.547224E-4	1089.0	0.0017371742	0.95713365	1342.3784	0.020533688	0.9601267	0.0
SPIKE	S51:T>G	1	87634	1.1411096E-5	14.707574	39.0	TRUE	T	6.8670197E-6	32.0	5.0431833E-4	0.9988196	2526.042	0.018815251	0.9511172	0.0
SPIKE	S51:T>A	8	87634	9.128877E-5	18.522116	36.625	TRUE	T	3.3793718E-4	1557.0	0.0015926741	0.9435318	912.4796	0.019050756	0.98409516	0.0
SPIKE	S52:A>T	2	87634	2.2822192E-5	16.599707	35.5	TRUE	A	3.1687134E-5	147.0	0.0015433384	0.99456465	992.61	0.018919474	0.97077304	0.0
SPIKE	S52:A>G	25	87634	2.852774E-4	178.8017	39.08	TRUE	A	2.2332196E-4	1070.0	0.0011944426	0.962317	2344.062	0.018312149	0.9663853	0.0
SPIKE	D52-53:A>	1	87634	1.1411096E-5	9999.0	39.39002	TRUE		NaN	NaN	NaN	NaN	NaN	NaN	NaN	NaN
SPIKE	S52:A>C	0	87634	0.0	9999.0	0.0	TRUE	A	2.671102E-4	1184.0	0.0010547516	0.9550964	955.077	0.01979109	0.889732	0.0
SPIKE	S53:C>T	13	87634	1.4834425E-4	84.347374	39.53846	TRUE	C	1.5008332E-4	676.0	0.0013253835	0.97451603	1843.616	0.019482035	0.97571945	0.0
SPIKE	S53:C>G	23	87634	2.624552E-4	122.30631	39.086956	TRUE	C	3.298181E-4	1607.0	9.456701E-4	0.9448504	2300.6611	0.018002886	0.9741895	0.0
SPIKE	S53:C>A	14	87634	1.5975535E-4	250.86398	38.357143	TRUE	C	1.04830315E-5	47.0	0.0016674321	0.99819857	756.13556	0.019578815	0.9717836	0.0
SPIKE	D53-54:C>	15	87634	1.7116644E-4	9999.0	39.473904	TRUE		NaN	NaN	NaN	NaN	NaN	NaN	NaN	NaN
SPIKE	S54:C>T	10	87634	1.1411096E-4	46.540627	40.0	TRUE	C	1.978169E-4	891.0	0.0013253835	0.9665478	1843.616	0.019482035	0.97571945	0.0
SPIKE	S54:C>G	7	87634	7.9877675E-5	54.57963	40.0	TRUE	C	6.752343E-5	329.0	9.456701E-4	0.98845315	2300.6611	0.018002886	0.9741895	0.0
SPIKE	S54:C>A	15	87634	1.7116644E-4	32.70576	40.0	TRUE	C	5.7433627E-4	2575.0	0.0016674321	0.9059367	756.13556	0.019578815	0.9717836	0.0
SPIKE	S55:A>T	2	87634	2.2822192E-5	10.9567585	40.0	TRUE	A	6.445206E-5	299.0	0.0015433384	0.98897547	992.61	0.018919474	0.97077304	0.0
SPIKE	S55:A>G	32	87634	3.6515508E-4	114.49786	40.0	TRUE	A	7.154651E-4	3428.0	0.0011944426	0.8842106	2344.062	0.018312149	0.9663853	0.0
SPIKE	D55-57:AC>	1	87634	1.1411096E-5	9999.0	39.999382	TRUE		NaN	NaN	NaN	NaN	NaN	NaN	NaN	NaN
SPIKE	S55:A>C	0	87634	0.0	9999.0	0.0	TRUE	A	0.0024685133	10942.0	0.0010547516	0.6540416	955.077	0.01979109	0.889732	0.0
SPIKE	S56:C>T	12	87634	1.3693316E-4	80.52173	40.0	TRUE	C	1.3298802E-4	599.0	0.0013253835	0.9773857	1843.616	0.019482035	0.97571945	0.0
SPIKE	S56:C>G	18	87634	2.0539973E-4	126.30675	40.0	TRUE	C	1.7219501E-4	839.0	9.456701E-4	0.97081673	2300.6611	0.018002886	0.9741895	0.0
SPIKE	S56:C>A	7	87634	7.9877675E-5	1.356576	40.0	TRUE	C	9.100163E-4	4080.0	0.0016674321	0.855112	756.13556	0.019578815	0.9717836	0.0
SPIKE	D56-57:C>	12	87634	1.3693316E-4	9999.0	39.999542	TRUE		NaN	NaN	NaN	NaN	NaN	NaN	NaN	NaN
SPIKE	S57:C>T	11	87634	1.2552206E-4	52.399162	40.0	TRUE	C	2.0669757E-4	931.0	0.0013253835	0.9650726	1843.616	0.019482035	0.97571945	0.0
SPIKE	S57:C>G	5	87634	5.705548E-5	35.376713	40.0	TRUE	C	6.485533E-5	316.0	9.456701E-4	0.98890686	2300.6611	0.018002886	0.9741895	0.0
SPIKE	S57:C>A	17	87634	1.9398863E-4	26.770468	40.0	TRUE	C	7.929186E-4	3555.0	0.0016674321	0.87250924	756.13556	0.019578815	0.9717836	0.0
SPIKE	S58:A>T	4	87634	4.5644385E-5	0.122428544	40.0	TRUE	A	9.6225424E-4	4464.0	0.0015433384	0.8474633	992.61	0.018919474	0.97077304	0.0
SPIKE	S58:A>G	17	87634	1.9398863E-4	52.160328	40.0	TRUE	A	4.7878557E-4	2294.0	0.0011944426	0.92094857	2344.062	0.018312149	0.9663853	0.0
SPIKE	S58:A>C	0	87634	0.0	9999.0	0.0	TRUE	A	9.673721E-4	4288.0	0.0010547516	0.84671766	955.077	0.01979109	0.889732	0.0
SPIKE	S59:T>C	5	87634	5.705548E-5	10.9641905	40.0	TRUE	T	2.5823095E-4	1104.0	0.0017371742	0.9565562	1342.3784	0.020533688	0.9601267	0.0
SPIKE	S59:T>A	6	87634	6.846658E-5	0.36108512	40.0	TRUE	T	0.0010557009	4864.0	0.0015926741	0.83395106	912.4796	0.019050756	0.98409516	0.0
SPIKE	D59-60:T>	2	87634	2.2822192E-5	9999.0	40.0	TRUE		NaN	NaN	NaN	NaN	NaN	NaN	NaN	NaN
SPIKE	S59:T>G	0	87634	0.0	9999.0	0.0	TRUE	T	8.36918E-6	39.0	5.0431833E-4	0.99856156	2526.042	0.018815251	0.9511172	0.0
SPIKE	S60:T>C	25	87634	2.852774E-4	73.58836	40.0	TRUE	T	6.935279E-4	2965.0	0.0017371742	0.8875532	1342.3784	0.020533688	0.9601267	0.0
SPIKE	S60:T>A	5	87634	5.705548E-5	39.93716	40.0	TRUE	T	5.165642E-5	238.0	0.0015926741	0.99115443	912.4796	0.019050756	0.98409516	0.0
SPIKE	S60:T>G	0	87634	0.0	9999.0	0.0	TRUE	T	7.227538E-4	3368.0	5.0431833E-4	0.88310283	2526.042	0.018815251	0.9511172	0.0
SPIKE	S61:G>C	6	87634	6.846658E-5	54.026554	40.0	TRUE	G	4.521116E-5	223.0	8.82764E-4	0.99225384	2523.4185	0.017782671	0.96767724	0.0
SPIKE	S61:G>A	8	87634	9.128877E-5	10.814614	40.0	TRUE	G	4.846475E-4	2361.0	0.0014420071	0.92002046	1708.734	0.018014796	0.9705648	0.0
SPIKE	D61-62:G>	1	87634	1.1411096E-5	9999.0	39.999542	TRUE		NaN	NaN	NaN	NaN	NaN	NaN	NaN	NaN
SPIKE	S61:G>T	0	87634	0.0	9999.0	0.0	TRUE	G	8.5036986E-4	4148.0	0.0010105312	0.8639299	1141.7466	0.017983774	0.96447366	0.0
SPIKE	S62:A>T	10	87634	1.1411096E-4	55.953453	40.0	TRUE	A	1.5369339E-4	713.0	0.0015433384	0.9739111	992.61	0.018919474	0.97077304	0.0
SPIKE	S62:A>C	1	87634	1.1411096E-5	15.738557	40.0	TRUE	A	5.414396E-6	24.0	0.0010547516	0.99906915	955.077	0.01979109	0.889732	0.0
SPIKE	S62:A>G	9	87634	1.02699865E-4	0.5283071	40.0	TRUE	A	0.0013537067	6486.0	0.0011944426	0.7922823	2344.062	0.018312149	0.9663853	0.0
SPIKE	D62-63:A>	9	87634	1.02699865E-4	9999.0	39.999565	TRUE		NaN	NaN	NaN	NaN	NaN	NaN	NaN	NaN
SPIKE	I62:>A	1	87634	1.1411096E-5	9999.0	39.999565	TRUE		NaN	NaN	NaN	NaN	NaN	NaN	NaN	NaN
SPIKE	S63:A>T	5	87634	5.705548E-5	30.596775	40.0	TRUE	A	8.277455E-5	384.0	0.0015433384	0.9858636	992.61	0.018919474	0.97077304	0.0
SPIKE	S63:A>G	13	87634	1.4834425E-4	57.42425	40.0	TRUE	A	2.5963786E-4	1244.0	0.0011944426	0.95632476	2344.062	0.018312149	0.9663853	0.0
SPIKE	S63:A>C	0	87634	0.0	9999.0	0.0	TRUE	A	1.4212789E-5	63.0	0.0010547516	0.9975584	955.077	0.01979109	0.889732	0.0
SPIKE	S64:A>G	10	87634	1.1411096E-4	45.067417	40.0	TRUE	A	2.0599885E-4	987.0	0.0011944426	0.96518856	2344.062	0.018312149	0.9663853	0.0
SPIKE	S64:A>C	2	87634	2.2822192E-5	24.45065	40.0	TRUE	A	1.2407991E-5	55.0	0.0010547516	0.9978681	955.077	0.01979109	0.889732	0.0
SPIKE	S64:A>T	2	87634	2.2822192E-5	15.706275	40.0	TRUE	A	3.5351633E-5	164.0	0.0015433384	0.99393797	992.61	0.018919474	0.97077304	0.0
SPIKE	S65:A>G	9	87634	1.02699865E-4	49.507244	40.0	TRUE	A	1.4547234E-4	697.0	0.0011944426	0.97528917	2344.062	0.018312149	0.9663853	0.0
SPIKE	S65:A>C	1	87634	1.1411096E-5	2.0391532E-5	40.0	TRUE	A	0.0014576005	6461.0	0.0010547516	0.77825016	955.077	0.01979109	0.889732	0.0
SPIKE	S65:A>T	2	87634	2.2822192E-5	21.877134	40.0	TRUE	A	1.6813581E-5	78.0	0.0015433384	0.9971122	992.61	0.018919474	0.97077304	0.0
SPIKE	S66:C>A	5	87634	5.705548E-5	5.447287	40.0	TRUE	C	4.0125474E-4	1799.0	0.0016674321	0.93331194	756.13556	0.019578815	0.9717836	0.0
SPIKE	S66:C>G	5	87634	5.705548E-5	38.97306	40.0	TRUE	C	5.4182936E-5	264.0	9.456701E-4	0.99072385	2300.6611	0.018002886	0.9741895	0.0
SPIKE	S66:C>T	13	87634	1.4834425E-4	99.52199	40.0	TRUE	C	1.11896436E-4	504.0	0.0013253835	0.98093784	1843.616	0.019482035	0.97571945	0.0
SPIKE	D66-67:C>	18	87634	2.0539973E-4	9999.0	40.0	TRUE		NaN	NaN	NaN	NaN	NaN	NaN	NaN	NaN
SPIKE	S67:C>A	16	87634	1.8257754E-4	3.9041116	40.0	TRUE	C	0.0015450204	6927.0	0.0016674321	0.7666357	756.13556	0.019578815	0.9717836	0.0
SPIKE	S67:C>G	4	87634	4.5644385E-5	34.087994	40.0	TRUE	C	3.981625E-5	194.0	9.456701E-4	0.993175	2300.6611	0.018002886	0.9741895	0.0
SPIKE	S67:C>T	8	87634	9.128877E-5	35.896965	40.0	TRUE	C	1.7539322E-4	790.0	0.0013253835	0.97028285	1843.616	0.019482035	0.97571945	0.0
SPIKE	S68:A>G	15	87634	1.7116644E-4	2.2074788	40.0	TRUE	A	0.001642773	7871.0	0.0011944426	0.7538537	2344.062	0.018312149	0.9663853	0.0
SPIKE	S68:A>T	4	87634	4.5644385E-5	42.5218	40.0	TRUE	A	2.392702E-5	111.0	0.0015433384	0.995893	992.61	0.018919474	0.97077304	0.0
SPIKE	S68:A>C	0	87634	0.0	9999.0	0.0	TRUE	A	4.2164608E-4	1869.0	0.0010547516	0.93004423	955.077	0.01979109	0.889732	0.0
SPIKE	S69:G>A	11	87634	1.2552206E-4	16.129084	40.0	TRUE	G	5.8440975E-4	2847.0	0.0014420071	0.9043684	1708.734	0.018014796	0.9705648	0.0
SPIKE	S69:G>C	6	87634	6.846658E-5	4.4936326E-4	40.0	TRUE	G	0.0020918779	10318.0	8.82764E-4	0.6978138	2523.4185	0.017782671	0.96767724	0.0
SPIKE	S69:G>T	1	87634	1.1411096E-5	10.679831	40.0	TRUE	G	1.7425611E-5	85.0	0.0010105312	0.9970073	1141.7466	0.017983774	0.96447366	0.0
SPIKE	S70:C>A	20	87634	2.2822192E-4	287.54895	40.0	TRUE	C	3.2341268E-5	145.0	0.0016674321	0.9944528	756.13556	0.019578815	0.9717836	0.0
SPIKE	S70:C>G	5	87634	5.705548E-5	3.2694404	40.0	TRUE	C	5.067336E-4	2469.0	9.456701E-4	0.9165321	2300.6611	0.018002886	0.9741895	0.0
SPIKE	S70:C>T	4	87634	4.5644385E-5	21.934622	40.0	TRUE	C	8.5920474E-5	387.0	0.0013253835	0.98533034	1843.616	0.019482035	0.97571945	0.0
SPIKE	D70-71:C>	2	87634	2.2822192E-5	9999.0	39.999577	TRUE		NaN	NaN	NaN	NaN	NaN	NaN	NaN	NaN
SPIKE	S71:C>A	6	87634	6.846658E-5	61.511353	40.0	TRUE	C	3.3456483E-5	150.0	0.0016674321	0.99426204	756.13556	0.019578815	0.9717836	0.0
SPIKE	S71:C>G	4	87634	4.5644385E-5	0.0054383096	40.0	TRUE	C	0.0014073197	6857.0	9.456701E-4	0.78500986	2300.6611	0.018002886	0.9741895	0.0
SPIKE	S71:C>T	16	87634	1.8257754E-4	42.33803	40.0	TRUE	C	5.1929714E-4	2339.0	0.0013253835	0.9145537	1843.616	0.019482035	0.97571945	0.0
SPIKE	S72:G>A	25	87634	2.852774E-4	90.44732	40.0	TRUE	G	5.671669E-4	2763.0	0.0014420071	0.90705454	1708.734	0.018014796	0.9705648	0.0
SPIKE	S72:G>C	5	87634	5.705548E-5	2.35525	40.0	TRUE	G	5.733505E-4	2828.0	8.82764E-4	0.9060903	2523.4185	0.017782671	0.96767724	0.0
SPIKE	S72:G>T	4	87634	4.5644385E-5	0.2187924	40.0	TRUE	G	8.721006E-4	4254.0	0.0010105312	0.86070687	1141.7466	0.017983774	0.96447366	0.0
SPIKE	D72-73:G>	2	87634	2.2822192E-5	9999.0	39.99909	TRUE		NaN	NaN	NaN	NaN	NaN	NaN	NaN	NaN
SPIKE	S73:T>A	7	87634	7.9877675E-5	53.7849	40.0	TRUE	T	6.9454014E-5	320.0	0.0015926741	0.98812497	912.4796	0.019050756	0.98409516	0.0
SPIKE	S73:T>G	2	87634	2.2822192E-5	1.2529792E-7	40.0	TRUE	T	0.002267833	10568.0	5.0431833E-4	0.6770113	2526.042	0.018815251	0.9511172	0.0
SPIKE	S73:T>C	12	87634	1.3693316E-4	13.11755	40.0	TRUE	T	7.328239E-4	3133.0	0.0017371742	0.8815746	1342.3784	0.020533688	0.9601267	0.0
SPIKE	D73-75:TG>	1	87634	1.1411096E-5	9999.0	39.99911	TRUE		NaN	NaN	NaN	NaN	NaN	NaN	NaN	NaN
SPIKE	S74:G>A	15	87634	1.7116644E-4	109.054016	40.0	TRUE	G	1.385587E-4	675.0	0.0014420071	0.97644967	1708.734	0.018014796	0.9705648	0.0
SPIKE	S74:G>C	2	87634	2.2822192E-5	15.723495	40.0	TRUE	G	3.527687E-5	174.0	8.82764E-4	0.9939507	2523.4185	0.017782671	0.96767724	0.0
SPIKE	S74:G>T	3	87634	3.423329E-5	2.737982	40.0	TRUE	G	3.358018E-4	1638.0	0.0010105312	0.9438784	1141.7466	0.017983774	0.96447366	0.0
SPIKE	D74-75:G>	3	87634	3.423329E-5	9999.0	39.999542	TRUE		NaN	NaN	NaN	NaN	NaN	NaN	NaN	NaN
SPIKE	S75:G>A	6	87634	6.846658E-5	37.27761	40.0	TRUE	G	9.073028E-5	442.0	0.0014420071	0.98451555	1708.734	0.018014796	0.9705648	0.0
SPIKE	S75:G>C	4	87634	4.5644385E-5	31.312159	40.0	TRUE	G	4.723857E-5	233.0	8.82764E-4	0.9919079	2523.4185	0.017782671	0.96767724	0.0
SPIKE	S75:G>T	0	87634	0.0	9999.0	0.0	TRUE	G	0.0015578497	7599.0	0.0010105312	0.7649459	1141.7466	0.017983774	0.96447366	0.0
SPIKE	S76:T>A	1	87634	1.1411096E-5	9.486932	40.0	TRUE	T	2.3006642E-5	106.0	0.0015926741	0.99605066	912.4796	0.019050756	0.98409516	0.0
SPIKE	S76:T>G	2	87634	2.2822192E-5	0.45137846	40.0	TRUE	T	4.8154974E-4	2244.0	5.0431833E-4	0.92051077	2526.042	0.018815251	0.9511172	0.0
SPIKE	S76:T>C	4	87634	4.5644385E-5	12.603204	40.0	TRUE	T	1.6607245E-4	710.0	0.0017371742	0.97183967	1342.3784	0.020533688	0.9601267	0.0
SPIKE	D76-77:T>	6	87634	6.846658E-5	9999.0	40.0	TRUE		NaN	NaN	NaN	NaN	NaN	NaN	NaN	NaN
SPIKE	S77:T>A	11	87634	1.2552206E-4	82.96274	40.0	TRUE	T	1.0070831E-4	464.0	0.0015926741	0.9828273	912.4796	0.019050756	0.98409516	0.0
SPIKE	S77:T>C	10	87634	1.1411096E-4	38.653675	40.0	TRUE	T	2.4676963E-4	1055.0	0.0017371742	0.95844376	1342.3784	0.020533688	0.9601267	0.0
SPIKE	S77:T>G	0	87634	0.0	9999.0	0.0	TRUE	T	2.9614022E-5	138.0	5.0431833E-4	0.99491936	2526.042	0.018815251	0.9511172	0.0
SPIKE	S78:T>A	8	87634	9.128877E-5	75.21987	40.0	TRUE	T	5.0137114E-5	231.0	0.0015926741	0.9914135	912.4796	0.019050756	0.98409516	0.0
SPIKE	S78:T>C	15	87634	1.7116644E-4	35.96957	40.0	TRUE	T	5.337709E-4	2282.0	0.0017371742	0.9122797	1342.3784	0.020533688	0.9601267	0.0
SPIKE	S78:T>G	0	87634	0.0	9999.0	0.0	TRUE	T	0.0014783406	6889.0	5.0431833E-4	0.77547884	2526.042	0.018815251	0.9511172	0.0
SPIKE	S79:G>A	16	87634	1.8257754E-4	112.0352	40.0	TRUE	G	1.5641736E-4	762.0	0.0014420071	0.9734549	1708.734	0.018014796	0.9705648	0.0
SPIKE	S79:G>C	3	87634	3.423329E-5	8.2550105E-6	40.0	TRUE	G	0.0020239598	9983.0	8.82764E-4	0.7060134	2523.4185	0.017782671	0.96767724	0.0
SPIKE	S79:G>T	1	87634	1.1411096E-5	0.68436265	40.0	TRUE	G	2.8413997E-4	1386.0	0.0010105312	0.95230293	1141.7466	0.017983774	0.96447366	0.0
SPIKE	S80:C>G	6	87634	6.846658E-5	1.2883748E-4	40.0	TRUE	C	0.0022619325	11021.0	9.456701E-4	0.6776988	2300.6611	0.018002886	0.9741895	0.0
SPIKE	S80:C>A	11	87634	1.2552206E-4	174.05513	40.0	TRUE	C	1.4051722E-5	63.0	0.0016674321	0.997586	756.13556	0.019578815	0.9717836	0.0
SPIKE	S80:C>T	13	87634	1.4834425E-4	21.984983	40.0	TRUE	C	6.0987996E-4	2747.0	0.0013253835	0.9004151	1843.616	0.019482035	0.97571945	0.0
SPIKE	D80-81:C>	13	87634	1.4834425E-4	9999.0	39.994064	TRUE		NaN	NaN	NaN	NaN	NaN	NaN	NaN	NaN
SPIKE	S81:G>A	20	87634	2.2822192E-4	117.5119	40.0	TRUE	G	2.5227945E-4	1229.0	0.0014420071	0.9575359	1708.734	0.018014796	0.9705648	0.0
SPIKE	S81:G>T	5	87634	5.705548E-5	48.870678	40.0	TRUE	G	3.3416174E-5	163.0	0.0010105312	0.9942689	1141.7466	0.017983774	0.96447366	0.0
SPIKE	S81:G>C	4	87634	4.5644385E-5	8.706334	40.0	TRUE	G	2.284887E-4	1127.0	8.82764E-4	0.9614622	2523.4185	0.017782671	0.96767724	0.0
SPIKE	D81-82:G>	2	87634	2.2822192E-5	9999.0	39.999702	TRUE		NaN	NaN	NaN	NaN	NaN	NaN	NaN	NaN
SPIKE	S82:G>A	8	87634	9.128877E-5	59.87812	40.0	TRUE	G	8.02614E-5	391.0	0.0014420071	0.9862899	1708.734	0.018014796	0.9705648	0.0
SPIKE	S82:G>C	5	87634	5.705548E-5	1.1086556E-4	40.0	TRUE	G	0.0021007985	10362.0	8.82764E-4	0.6967439	2523.4185	0.017782671	0.96767724	0.0
SPIKE	D82-83:G>	2	87634	2.2822192E-5	9999.0	39.998173	TRUE		NaN	NaN	NaN	NaN	NaN	NaN	NaN	NaN
SPIKE	S82:G>T	0	87634	0.0	9999.0	0.0	TRUE	G	2.0295713E-5	99.0	0.0010105312	0.9965152	1141.7466	0.017983774	0.96447366	0.0
SPIKE	S83:C>G	10	87634	1.1411096E-4	0.0017871959	40.0	TRUE	C	0.0025326419	12340.0	9.456701E-4	0.6468671	2300.6611	0.018002886	0.9741895	0.0
SPIKE	S83:C>A	18	87634	2.0539973E-4	319.9884	40.0	TRUE	C	1.3382592E-5	60.0	0.0016674321	0.99770087	756.13556	0.019578815	0.9717836	0.0
SPIKE	S83:C>T	11	87634	1.2552206E-4	25.907518	40.0	TRUE	C	4.2271987E-4	1904.0	0.0013253835	0.9298725	1843.616	0.019482035	0.97571945	0.0
SPIKE	S84:G>A	14	87634	1.5975535E-4	0.08110829	40.0	TRUE	G	0.002392652	11656.0	0.0014420071	0.6626316	1708.734	0.018014796	0.9705648	0.0
SPIKE	S84:G>T	1	87634	1.1411096E-5	10.024331	40.0	TRUE	G	2.0295713E-5	99.0	0.0010105312	0.9965152	1141.7466	0.017983774	0.96447366	0.0
SPIKE	S84:G>C	1	87634	1.1411096E-5	2.3396995	40.0	TRUE	G	1.4293214E-4	705.0	8.82764E-4	0.9757154	2523.4185	0.017782671	0.96767724	0.0
SPIKE	S85:A>G	11	87634	1.2552206E-4	25.63983	40.0	TRUE	A	4.2619012E-4	2042.0	0.0011944426	0.9293176	2344.062	0.018312149	0.9663853	0.0
SPIKE	S85:A>T	9	87634	1.02699865E-4	0.03770332	40.0	TRUE	A	0.0018727743	8688.0	0.0015433384	0.72461325	992.61	0.018919474	0.97077304	0.0
SPIKE	S85:A>C	0	87634	0.0	9999.0	0.0	TRUE	A	5.1887964E-6	23.0	0.0010547516	0.9991079	955.077	0.01979109	0.889732	0.0
SPIKE	S86:T>A	5	87634	5.705548E-5	19.762661	39.4	TRUE	T	1.4889204E-4	686.0	0.0015926741	0.9747157	912.4796	0.019050756	0.98409516	0.0
SPIKE	S86:T>C	3	87634	3.423329E-5	4.097815	39.0	TRUE	T	2.7086184E-4	1158.0	0.0017371742	0.95448035	1342.3784	0.020533688	0.9601267	0.0
SPIKE	D86-87:T>	8	87634	9.128877E-5	9999.0	39.59171	TRUE		NaN	NaN	NaN	NaN	NaN	NaN	NaN	NaN
SPIKE	D86-88:TT>	1	87634	1.1411096E-5	9999.0	39.59171	TRUE		NaN	NaN	NaN	NaN	NaN	NaN	NaN	NaN
SPIKE	S86:T>G	0	87634	0.0	9999.0	0.0	TRUE	T	7.510803E-6	35.0	5.0431833E-4	0.99870896	2526.042	0.018815251	0.9511172	0.0
SPIKE	S87:T>A	7	87634	7.9877675E-5	68.418816	39.142857	TRUE	T	4.1672407E-5	192.0	0.0015926741	0.992858	912.4796	0.019050756	0.98409516	0.0
SPIKE	S87:T>C	2	87634	2.2822192E-5	3.5135722	38.5	TRUE	T	1.978835E-4	846.0	0.0017371742	0.96653676	1342.3784	0.020533688	0.9601267	0.0
SPIKE	S87:T>G	0	87634	0.0	9999.0	0.0	TRUE	T	3.0043211E-5	140.0	5.0431833E-4	0.99484587	2526.042	0.018815251	0.9511172	0.0
SPIKE	S88:T>A	2	87634	2.2822192E-5	12.131243	40.0	TRUE	T	5.5346165E-5	255.0	0.0015926741	0.9905256	912.4796	0.019050756	0.98409516	0.0
SPIKE	S88:T>C	7	87634	7.9877675E-5	19.83185	39.285713	TRUE	T	2.596344E-4	1110.0	0.0017371742	0.95632535	1342.3784	0.020533688	0.9601267	0.0
SPIKE	S88:T>G	0	87634	0.0	9999.0	0.0	TRUE	T	5.794048E-6	27.0	5.0431833E-4	0.99900395	2526.042	0.018815251	0.9511172	0.0
SPIKE	S89:A>G	21	87634	2.3963302E-4	195.15784	38.809525	TRUE	A	1.1291325E-4	541.0	0.0011944426	0.9807663	2344.062	0.018312149	0.9663853	0.0
SPIKE	S89:A>C	1	87634	1.1411096E-5	17.498362	39.0	TRUE	A	3.6095973E-6	16.0	0.0010547516	0.99937934	955.077	0.01979109	0.889732	0.0
SPIKE	D89-90:A>	2	87634	2.2822192E-5	9999.0	39.493404	TRUE		NaN	NaN	NaN	NaN	NaN	NaN	NaN	NaN
SPIKE	S89:A>T	0	87634	0.0	9999.0	0.0	TRUE	A	1.3493978E-4	626.0	0.0015433384	0.97705764	992.61	0.018919474	0.97077304	0.0
SPIKE	S90:T>A	5	87634	5.705548E-5	31.769175	39.6	TRUE	T	7.791872E-5	359.0	0.0015926741	0.98668736	912.4796	0.019050756	0.98409516	0.0
SPIKE	S90:T>C	5	87634	5.705548E-5	18.573067	39.0	TRUE	T	1.5952312E-4	682.0	0.0017371742	0.972935	1342.3784	0.020533688	0.9601267	0.0
SPIKE	S90:T>G	0	87634	0.0	9999.0	0.0	TRUE	T	3.4335098E-6	16.0	5.0431833E-4	0.9994096	2526.042	0.018815251	0.9511172	0.0
SPIKE	S91:C>G	5	87634	5.705548E-5	48.097717	39.6	TRUE	C	3.468529E-5	169.0	9.456701E-4	0.9940519	2300.6611	0.018002886	0.9741895	0.0
SPIKE	S91:C>A	10	87634	1.1411096E-4	153.06458	38.9	TRUE	C	1.4720852E-5	66.0	0.0016674321	0.9974712	756.13556	0.019578815	0.9717836	0.0
SPIKE	S91:C>T	7	87634	7.9877675E-5	9.651767	38.42857	TRUE	C	4.3692894E-4	1968.0	0.0013253835	0.9276027	1843.616	0.019482035	0.97571945	0.0
SPIKE	S92:G>A	19	87634	2.1681083E-4	68.95846	39.05263	TRUE	G	4.4523526E-4	2169.0	0.0014420071	0.92627835	1708.734	0.018014796	0.9705648	0.0
SPIKE	S92:G>T	1	87634	1.1411096E-5	14.160632	34.0	TRUE	G	7.790273E-6	38.0	0.0010105312	0.998661	1141.7466	0.017983774	0.96447366	0.0
SPIKE	S92:G>C	1	87634	1.1411096E-5	0.97812265	38.0	TRUE	G	2.4207232E-4	1194.0	8.82764E-4	0.95921844	2523.4185	0.017782671	0.96767724	0.0
SPIKE	S93:T>G	1	87634	1.1411096E-5	9.187048	39.0	TRUE	T	2.4678351E-5	115.0	5.0431833E-4	0.9957643	2526.042	0.018815251	0.9511172	0.0
SPIKE	S93:T>A	7	87634	7.9877675E-5	52.24725	39.57143	TRUE	T	7.3360796E-5	338.0	0.0015926741	0.9874612	912.4796	0.019050756	0.98409516	0.0
SPIKE	S93:T>C	6	87634	6.846658E-5	40.787106	39.666668	TRUE	T	7.812422E-5	334.0	0.0017371742	0.9866525	1342.3784	0.020533688	0.9601267	0.0
SPIKE	S94:C>G	14	87634	1.5975535E-4	103.175255	39.285713	TRUE	C	1.2765828E-4	622.0	9.456701E-4	0.9782821	2300.6611	0.018002886	0.9741895	0.0
SPIKE	S94:C>A	11	87634	1.2552206E-4	169.08865	39.363636	TRUE	C	1.5613025E-5	70.0	0.0016674321	0.99731815	756.13556	0.019578815	0.9717836	0.0
SPIKE	S94:C>T	14	87634	1.5975535E-4	31.676798	38.42857	TRUE	C	5.2795577E-4	2378.0	0.0013253835	0.9131927	1843.616	0.019482035	0.97571945	0.0
SPIKE	S95:G>A	26	87634	2.966885E-4	133.54451	38.884617	TRUE	G	3.8570634E-4	1879.0	0.0014420071	0.9358112	1708.734	0.018014796	0.9705648	0.0
SPIKE	S95:G>T	1	87634	1.1411096E-5	14.517175	40.0	TRUE	G	7.175252E-6	35.0	0.0010105312	0.9987666	1141.7466	0.017983774	0.96447366	0.0
SPIKE	S95:G>C	0	87634	0.0	9999.0	0.0	TRUE	G	2.4409972E-4	1204.0	8.82764E-4	0.958884	2523.4185	0.017782671	0.96767724	0.0
SPIKE	S96:T>C	5	87634	5.705548E-5	19.723068	39.6	TRUE	T	1.492313E-4	638.0	0.0017371742	0.97465885	1342.3784	0.020533688	0.9601267	0.0
SPIKE	S96:T>A	10	87634	1.1411096E-4	79.22768	39.0	TRUE	T	8.508116E-5	392.0	0.0015926741	0.9854726	912.4796	0.019050756	0.98409516	0.0
SPIKE	S96:T>G	2	87634	2.2822192E-5	25.191492	39.5	TRUE	T	1.1373501E-5	53.0	5.0431833E-4	0.9980457	2526.042	0.018815251	0.9511172	0.0
SPIKE	S97:C>T	5	87634	5.705548E-5	14.194914	39.4	TRUE	C	2.0825169E-4	938.0	0.0013253835	0.9648146	1843.616	0.019482035	0.97571945	0.0
SPIKE	S97:C>A	7	87634	7.9877675E-5	126.07804	39.57143	TRUE	C	6.022167E-6	27.0	0.0016674321	0.9989647	756.13556	0.019578815	0.9717836	0.0
SPIKE	S97:C>G	8	87634	9.128877E-5	63.91662	38.75	TRUE	C	7.080725E-5	345.0	9.456701E-4	0.987895	2300.6611	0.018002886	0.9741895	0.0
SPIKE	S98:A>C	1	87634	1.1411096E-5	11.42363	37.0	TRUE	A	1.46639895E-5	65.0	0.0010547516	0.997481	955.077	0.01979109	0.889732	0.0
SPIKE	S98:A>T	3	87634	3.423329E-5	32.348873	39.333332	TRUE	A	2.0046962E-5	93.0	0.0015433384	0.99655783	992.61	0.018919474	0.97077304	0.0
SPIKE	S98:A>G	27	87634	3.080996E-4	119.81288	38.925926	TRUE	A	4.8191624E-4	2309.0	0.0011944426	0.9204528	2344.062	0.018312149	0.9663853	0.0
SPIKE	I98:>GTC	1	87634	1.1411096E-5	9999.0	39.609398	TRUE		NaN	NaN	NaN	NaN	NaN	NaN	NaN	NaN
SPIKE	D98-101:ATC>	1	87634	1.1411096E-5	9999.0	39.609398	TRUE		NaN	NaN	NaN	NaN	NaN	NaN	NaN	NaN
SPIKE	S99:T>C	3	87634	3.423329E-5	7.950266	39.666668	TRUE	T	1.686454E-4	721.0	0.0017371742	0.9714097	1342.3784	0.020533688	0.9601267	0.0
SPIKE	S99:T>A	8	87634	9.128877E-5	72.6113	39.125	TRUE	T	5.4260945E-5	250.0	0.0015926741	0.99071056	912.4796	0.019050756	0.98409516	0.0
SPIKE	S99:T>G	0	87634	0.0	9999.0	0.0	TRUE	T	6.8670197E-6	32.0	5.0431833E-4	0.9988196	2526.042	0.018815251	0.9511172	0.0
SPIKE	S100:C>T	11	87634	1.2552206E-4	22.250599	39.454544	TRUE	C	4.7400573E-4	2135.0	0.0013253835	0.921706	1843.616	0.019482035	0.97571945	0.0
SPIKE	S100:C>A	10	87634	1.1411096E-4	141.61783	38.8	TRUE	C	1.9181716E-5	86.0	0.0016674321	0.9967062	756.13556	0.019578815	0.9717836	0.0
SPIKE	S100:C>G	2	87634	2.2822192E-5	13.279513	39.5	TRUE	C	4.7820547E-5	233.0	9.456701E-4	0.9918086	2300.6611	0.018002886	0.9741895	0.0
SPIKE	S101:G>C	1	87634	1.1411096E-5	3.6116352	40.0	TRUE	G	9.792373E-5	483.0	8.82764E-4	0.9832982	2523.4185	0.017782671	0.96767724	0.0
SPIKE	S101:G>T	1	87634	1.1411096E-5	15.485031	40.0	TRUE	G	5.7402017E-6	28.0	0.0010105312	0.9990132	1141.7466	0.017983774	0.96447366	0.0
SPIKE	S101:G>A	16	87634	1.8257754E-4	62.20835	38.6875	TRUE	G	3.5737877E-4	1741.0	0.0014420071	0.94038194	1708.734	0.018014796	0.9705648	0.0
SPIKE	S102:T>C	8	87634	9.128877E-5	29.011059	38.5	TRUE	T	2.2408085E-4	958.0	0.0017371742	0.9621914	1342.3784	0.020533688	0.9601267	0.0
SPIKE	S102:T>A	2	87634	2.2822192E-5	14.986617	39.5	TRUE	T	3.8633792E-5	178.0	0.0015926741	0.99337703	912.4796	0.019050756	0.98409516	0.0
SPIKE	S102:T>G	0	87634	0.0	9999.0	0.0	TRUE	T	8.583775E-6	40.0	5.0431833E-4	0.99852467	2526.042	0.018815251	0.9511172	0.0
SPIKE	S103:G>A	14	87634	1.5975535E-4	92.1795	39.285713	TRUE	G	1.5559628E-4	758.0	0.0014420071	0.9735924	1708.734	0.018014796	0.9705648	0.0
SPIKE	D103-104:G>	3	87634	3.423329E-5	9999.0	39.705788	TRUE		NaN	NaN	NaN	NaN	NaN	NaN	NaN	NaN
SPIKE	S103:G>C	0	87634	0.0	9999.0	0.0	TRUE	G	7.2783885E-5	359.0	8.82764E-4	0.9875592	2523.4185	0.017782671	0.96767724	0.0
SPIKE	S103:G>T	0	87634	0.0	9999.0	0.0	TRUE	G	3.075108E-6	15.0	0.0010105312	0.99947125	1141.7466	0.017983774	0.96447366	0.0
SPIKE	S104:G>T	2	87634	2.2822192E-5	21.094698	37.5	TRUE	G	1.8450648E-5	90.0	0.0010105312	0.99683154	1141.7466	0.017983774	0.96447366	0.0
SPIKE	S104:G>A	11	87634	1.2552206E-4	98.45426	38.909092	TRUE	G	7.122943E-5	347.0	0.0014420071	0.9878233	1708.734	0.018014796	0.9705648	0.0
SPIKE	S104:G>C	0	87634	0.0	9999.0	0.0	TRUE	G	8.839492E-5	436.0	8.82764E-4	0.9849111	2523.4185	0.017782671	0.96767724	0.0
SPIKE	S105:C>T	12	87634	1.3693316E-4	43.1317	33.916668	TRUE	C	3.0771518E-4	1386.0	0.0013253835	0.94844925	1843.616	0.019482035	0.97571945	0.0
SPIKE	S105:C>A	15	87634	1.7116644E-4	231.28967	38.6	TRUE	C	1.9850846E-5	89.0	0.0016674321	0.99659145	756.13556	0.019578815	0.9717836	0.0
SPIKE	S105:C>G	9	87634	1.02699865E-4	61.96104	38.88889	TRUE	C	1.0179824E-4	496.0	9.456701E-4	0.9826431	2300.6611	0.018002886	0.9741895	0.0
SPIKE	D105-106:C>	6	87634	6.846658E-5	9999.0	39.560947	TRUE		NaN	NaN	NaN	NaN	NaN	NaN	NaN	NaN
SPIKE	D105-107:CG>	2	87634	2.2822192E-5	9999.0	39.560947	TRUE		NaN	NaN	NaN	NaN	NaN	NaN	NaN	NaN
SPIKE	S106:G>C	2	87634	2.2822192E-5	9.237516	39.0	TRUE	G	8.109625E-5	400.0	8.82764E-4	0.9861483	2523.4185	0.017782671	0.96767724	0.0
SPIKE	S106:G>T	2	87634	2.2822192E-5	22.977612	39.5	TRUE	G	1.4760518E-5	72.0	0.0010105312	0.9974644	1141.7466	0.017983774	0.96447366	0.0
SPIKE	S106:G>A	18	87634	2.0539973E-4	76.61446	38.944443	TRUE	G	3.557366E-4	1733.0	0.0014420071	0.9406476	1708.734	0.018014796	0.9705648	0.0
SPIKE	S107:G>T	2	87634	2.2822192E-5	19.489939	40.0	TRUE	G	2.2345785E-5	109.0	0.0010105312	0.9961639	1141.7466	0.017983774	0.96447366	0.0
SPIKE	S107:G>A	8	87634	9.128877E-5	61.134365	39.125	TRUE	G	7.7182325E-5	376.0	0.0014420071	0.98681235	1708.734	0.018014796	0.9705648	0.0
SPIKE	S107:G>C	0	87634	0.0	9999.0	0.0	TRUE	G	2.195681E-4	1083.0	8.82764E-4	0.9629385	2523.4185	0.017782671	0.96767724	0.0
SPIKE	S108:C>T	10	87634	1.1411096E-4	47.28681	38.9	TRUE	C	1.9382061E-4	873.0	0.0013253835	0.96721244	1843.616	0.019482035	0.97571945	0.0
SPIKE	S108:C>A	17	87634	1.9398863E-4	249.25804	39.35294	TRUE	C	2.63191E-5	118.0	0.0016674321	0.99548334	756.13556	0.019578815	0.9717836	0.0
SPIKE	S108:C>G	15	87634	1.7116644E-4	110.68617	39.333332	TRUE	C	1.3484163E-4	657.0	9.456701E-4	0.97707415	2300.6611	0.018002886	0.9741895	0.0
SPIKE	D108-109:C>	1	87634	1.1411096E-5	9999.0	39.65356	TRUE		NaN	NaN	NaN	NaN	NaN	NaN	NaN	NaN
SPIKE	S109:A>T	1	87634	1.1411096E-5	9.436328	40.0	TRUE	A	2.3280343E-5	108.0	0.0015433384	0.9960038	992.61	0.018919474	0.97077304	0.0
SPIKE	S109:A>G	11	87634	1.2552206E-4	24.124245	39.545456	TRUE	A	4.466439E-4	2140.0	0.0011944426	0.926054	2344.062	0.018312149	0.9663853	0.0
SPIKE	D109-112:AGC>	1	87634	1.1411096E-5	9999.0	39.632664	TRUE		NaN	NaN	NaN	NaN	NaN	NaN	NaN	NaN
SPIKE	S109:A>C	0	87634	0.0	9999.0	0.0	TRUE	A	7.4447944E-6	33.0	0.0010547516	0.9987203	955.077	0.01979109	0.889732	0.0
SPIKE	S110:G>C	2	87634	2.2822192E-5	5.52768	40.0	TRUE	G	1.3948555E-4	688.0	8.82764E-4	0.976294	2523.4185	0.017782671	0.96767724	0.0
SPIKE	S110:G>T	1	87634	1.1411096E-5	12.971692	40.0	TRUE	G	1.025036E-5	50.0	0.0010105312	0.9982385	1141.7466	0.017983774	0.96447366	0.0
SPIKE	S110:G>A	2	87634	2.2822192E-5	7.3651867	39.5	TRUE	G	1.0550988E-4	514.0	0.0014420071	0.98201597	1708.734	0.018014796	0.9705648	0.0
SPIKE	S111:C>T	8	87634	9.128877E-5	24.955658	39.0	TRUE	C	2.6086965E-4	1175.0	0.0013253835	0.95612216	1843.616	0.019482035	0.97571945	0.0
SPIKE	S111:C>A	14	87634	1.5975535E-4	243.61635	39.07143	TRUE	C	1.182129E-5	53.0	0.0016674321	0.9979688	756.13556	0.019578815	0.9717836	0.0
SPIKE	S111:C>G	4	87634	4.5644385E-5	26.9791	39.0	TRUE	C	6.1982E-5	302.0	9.456701E-4	0.98939574	2300.6611	0.018002886	0.9741895	0.0
SPIKE	S112:G>T	2	87631	2.2822973E-5	18.899729	38.5	TRUE	G	2.3986662E-5	117.0	0.0010105312	0.9958828	1141.7075	0.017983774	0.96447366	0.0
SPIKE	S112:G>C	2	87631	2.2822973E-5	4.232685	40.0	TRUE	G	1.7334918E-4	855.0	8.82764E-4	0.970624	2523.332	0.017782671	0.96767724	0.0
SPIKE	S112:G>A	21	87631	2.3964122E-4	105.19063	38.42857	TRUE	G	3.3070473E-4	1611.0	0.0014420071	0.94470626	1708.6755	0.018014796	0.9705648	0.0
SPIKE	S113:T>C	4	87631	4.5645946E-5	3.6389217	39.25	TRUE	T	3.871258E-4	1655.0	0.0017371742	0.9355828	1342.3325	0.020533688	0.9601267	0.0
SPIKE	S113:T>G	1	87631	1.1411486E-5	7.199273	40.0	TRUE	T	3.9486713E-5	184.0	5.0431833E-4	0.9932313	2525.9556	0.018815251	0.9511172	0.0
SPIKE	S113:T>A	6	87631	6.846892E-5	54.785313	39.166668	TRUE	T	4.3844346E-5	202.0	0.0015926741	0.99248713	912.44836	0.019050756	0.98409516	0.0
SPIKE	S114:G>T	2	87631	2.2822973E-5	23.84464	39.5	TRUE	G	1.3325924E-5	65.0	0.0010105312	0.9977106	1141.7075	0.017983774	0.96447366	0.0
SPIKE	S114:G>C	1	87631	1.1411486E-5	2.2125013	39.0	TRUE	G	1.4901947E-4	735.0	8.82764E-4	0.9746944	2523.332	0.017782671	0.96767724	0.0
SPIKE	S114:G>A	12	87631	1.3693784E-4	56.497494	39.0	TRUE	G	2.2478068E-4	1095.0	0.0014420071	0.9620756	1708.6755	0.018014796	0.9705648	0.0
SPIKE	D114-115:G>	1	87631	1.1411486E-5	9999.0	39.600826	TRUE		NaN	NaN	NaN	NaN	NaN	NaN	NaN	NaN
SPIKE	S115:A>G	9	87631	1.0270338E-4	44.816563	39.444443	TRUE	A	1.6718412E-4	801.0	0.0011944426	0.9716538	2343.982	0.018312149	0.9663853	0.0
SPIKE	S115:A>C	0	87631	0.0	9999.0	0.0	TRUE	A	4.5121513E-5	200.0	0.0010547516	0.99226916	955.0443	0.01979109	0.889732	0.0
SPIKE	S115:A>T	0	87631	0.0	9999.0	0.0	TRUE	A	5.7556153E-5	267.0	0.0015433384	0.9901492	992.576	0.018919474	0.97077304	0.0
SPIKE	S116:C>T	7	87631	7.988041E-5	36.57231	39.0	TRUE	C	1.3055031E-4	588.0	0.0013253835	0.9777956	1843.5529	0.019482035	0.97571945	0.0
SPIKE	S116:C>G	22	87631	2.510527E-4	118.763504	39.136364	TRUE	C	3.1053633E-4	1513.0	9.456701E-4	0.9479891	2300.5823	0.018002886	0.9741895	0.0
SPIKE	S116:C>A	2	87631	2.2822973E-5	30.960434	39.0	TRUE	C	5.799322E-6	26.0	0.0016674321	0.999003	756.1097	0.019578815	0.9717836	0.0
SPIKE	D116-117:C>	1	87631	1.1411486E-5	9999.0	39.609158	TRUE		NaN	NaN	NaN	NaN	NaN	NaN	NaN	NaN
SPIKE	S117:C>T	5	87631	5.7057434E-5	18.80143	39.6	TRUE	C	1.5741526E-4	709.0	0.0013253835	0.9732878	1843.5529	0.019482035	0.97571945	0.0
SPIKE	S117:C>G	2	87631	2.2822973E-5	14.300041	39.0	TRUE	C	4.2075313E-5	205.0	9.456701E-4	0.99278915	2300.5823	0.018002886	0.9741895	0.0
SPIKE	S117:C>A	34	87631	3.8799056E-4	499.06216	38.64706	TRUE	C	4.8402035E-5	217.0	0.0016674321	0.9917094	756.1097	0.019578815	0.9717836	0.0
SPIKE	S118:T>C	3	87631	3.423446E-5	5.9529	39.333332	TRUE	T	2.1215896E-4	907.0	0.0017371742	0.96416646	1342.3325	0.020533688	0.9601267	0.0
SPIKE	S118:T>A	5	87631	5.7057434E-5	24.949116	39.0	TRUE	T	1.11564324E-4	514.0	0.0015926741	0.98099387	912.44836	0.019050756	0.98409516	0.0
SPIKE	S118:T>G	0	87631	0.0	9999.0	0.0	TRUE	T	9.871678E-6	46.0	5.0431833E-4	0.99830353	2525.9556	0.018815251	0.9511172	0.0
SPIKE	S119:A>T	7	87631	7.988041E-5	34.026005	38.857143	TRUE	A	1.4399817E-4	668.0	0.0015433384	0.9755365	992.576	0.018919474	0.97077304	0.0
SPIKE	S119:A>C	1	87631	1.1411486E-5	14.2278595	40.0	TRUE	A	7.670657E-6	34.0	0.0010547516	0.99868155	955.0443	0.01979109	0.889732	0.0
SPIKE	S119:A>G	11	87631	1.2552635E-4	50.39364	39.090908	TRUE	A	2.1727674E-4	1041.0	0.0011944426	0.9633181	2343.982	0.018312149	0.9663853	0.0
SPIKE	S120:T>C	10	87631	1.1411487E-4	24.70017	38.2	TRUE	T	3.782371E-4	1617.0	0.0017371742	0.9370143	1342.3325	0.020533688	0.9601267	0.0
SPIKE	S120:T>A	2	87631	2.2822973E-5	15.503193	39.0	TRUE	T	3.624755E-5	167.0	0.0015926741	0.99378484	912.44836	0.019050756	0.98409516	0.0
SPIKE	S120:T>G	0	87631	0.0	9999.0	0.0	TRUE	T	6.652653E-5	310.0	5.0431833E-4	0.98862267	2525.9556	0.018815251	0.9511172	0.0
SPIKE	S121:G>A	9	87631	1.0270338E-4	32.509647	39.11111	TRUE	G	2.453086E-4	1195.0	0.0014420071	0.9586847	1708.6755	0.018014796	0.9705648	0.0
SPIKE	S121:G>C	0	87631	0.0	9999.0	0.0	TRUE	G	1.7010521E-4	839.0	8.82764E-4	0.9711658	2523.332	0.017782671	0.96767724	0.0
SPIKE	S121:G>T	0	87631	0.0	9999.0	0.0	TRUE	G	5.9044094E-5	288.0	0.0010105312	0.9898958	1141.7075	0.017983774	0.96447366	0.0
SPIKE	S122:T>C	5	87631	5.7057434E-5	6.018767	39.4	TRUE	T	3.8057624E-4	1627.0	0.0017371742	0.93663734	1342.3325	0.020533688	0.9601267	0.0
SPIKE	S122:T>A	6	87631	6.846892E-5	42.279667	39.333332	TRUE	T	7.336331E-5	338.0	0.0015926741	0.9874608	912.44836	0.019050756	0.98409516	0.0
SPIKE	S122:T>G	0	87631	0.0	9999.0	0.0	TRUE	T	7.425219E-5	346.0	5.0431833E-4	0.9873098	2525.9556	0.018815251	0.9511172	0.0
SPIKE	S123:G>T	1	87631	1.1411486E-5	5.794301	39.0	TRUE	G	5.5558852E-5	271.0	0.0010105312	0.99048936	1141.7075	0.017983774	0.96447366	0.0
SPIKE	S123:G>A	10	87631	1.1411487E-4	44.338165	39.3	TRUE	G	2.1020586E-4	1024.0	0.0014420071	0.9644904	1708.6755	0.018014796	0.9705648	0.0
SPIKE	S123:G>C	0	87631	0.0	9999.0	0.0	TRUE	G	4.784843E-5	236.0	8.82764E-4	0.9918038	2523.332	0.017782671	0.96767724	0.0
SPIKE	S124:T>C	6	87631	6.846892E-5	3.546086	39.166668	TRUE	T	5.885248E-4	2516.0	0.0017371742	0.90372854	1342.3325	0.020533688	0.9601267	0.0
SPIKE	S124:T>G	1	87631	1.1411486E-5	3.4754326	39.0	TRUE	T	1.0172121E-4	474.0	5.0431833E-4	0.9826561	2525.9556	0.018815251	0.9511172	0.0
SPIKE	S124:T>A	11	87631	1.2552635E-4	101.32957	38.18182	TRUE	T	6.6851775E-5	308.0	0.0015926741	0.98856735	912.44836	0.019050756	0.98409516	0.0
SPIKE	S125:G>A	15	87631	1.711723E-4	114.85351	38.733334	TRUE	G	1.2583613E-4	613.0	0.0014420071	0.97858876	1708.6755	0.018014796	0.9705648	0.0
SPIKE	S125:G>C	0	87631	0.0	9999.0	0.0	TRUE	G	1.46992E-4	725.0	8.82764E-4	0.9750343	2523.332	0.017782671	0.96767724	0.0
SPIKE	S125:G>T	0	87631	0.0	9999.0	0.0	TRUE	G	5.535384E-6	27.0	0.0010105312	0.99904835	1141.7075	0.017983774	0.96447366	0.0
SPIKE	S126:C>T	7	87631	7.988041E-5	21.570112	34.142857	TRUE	C	2.4023032E-4	1082.0	0.0013253835	0.9595224	1843.5529	0.019482035	0.97571945	0.0
SPIKE	S126:C>G	11	87631	1.2552635E-4	24.098106	38.909092	TRUE	C	4.4702453E-4	2178.0	9.456701E-4	0.9259934	2300.5823	0.018002886	0.9741895	0.0
SPIKE	S126:C>A	7	87631	7.988041E-5	103.05631	38.857143	TRUE	C	1.2936949E-5	58.0	0.0016674321	0.99777734	756.1097	0.019578815	0.9717836	0.0
SPIKE	D126-127:C>	7	87631	7.988041E-5	9999.0	39.5176	TRUE		NaN	NaN	NaN	NaN	NaN	NaN	NaN	NaN
SPIKE	D126-128:CG>	3	87631	3.423446E-5	9999.0	39.5176	TRUE		NaN	NaN	NaN	NaN	NaN	NaN	NaN	NaN
SPIKE	S127:G>T	2	87631	2.2822973E-5	30.746464	39.0	TRUE	G	5.9454123E-6	29.0	0.0010105312	0.9989779	1141.7075	0.017983774	0.96447366	0.0
SPIKE	S127:G>C	1	87631	1.1411486E-5	3.796725	39.0	TRUE	G	9.3061135E-5	459.0	8.82764E-4	0.9841209	2523.332	0.017782671	0.96767724	0.0
SPIKE	S127:G>A	21	87631	2.3964122E-4	127.35523	39.285713	TRUE	G	2.5064585E-4	1221.0	0.0014420071	0.957805	1708.6755	0.018014796	0.9705648	0.0
SPIKE	D127-128:G>	1	87631	1.1411486E-5	9999.0	39.607227	TRUE		NaN	NaN	NaN	NaN	NaN	NaN	NaN	NaN
SPIKE	S128:G>A	11	87631	1.2552635E-4	94.23807	39.454544	TRUE	G	7.821136E-5	381.0	0.0014420071	0.9866377	1708.6755	0.018014796	0.9705648	0.0
SPIKE	S128:G>T	3	87631	3.423446E-5	33.823536	39.666668	TRUE	G	1.7836237E-5	87.0	0.0010105312	0.99693686	1141.7075	0.017983774	0.96447366	0.0
SPIKE	D128-129:G>	2	87631	2.2822973E-5	9999.0	39.56763	TRUE		NaN	NaN	NaN	NaN	NaN	NaN	NaN	NaN
SPIKE	S128:G>C	0	87631	0.0	9999.0	0.0	TRUE	G	3.7427203E-4	1846.0	8.82764E-4	0.93765354	2523.332	0.017782671	0.96767724	0.0
SPIKE	S129:C>A	10	87631	1.1411487E-4	158.59978	39.2	TRUE	C	1.2936949E-5	58.0	0.0016674321	0.99777734	756.1097	0.019578815	0.9717836	0.0
SPIKE	S129:C>G	8	87631	9.129189E-5	6.4114027	38.5	TRUE	C	6.284615E-4	3062.0	9.456701E-4	0.897542	2300.5823	0.018002886	0.9741895	0.0
SPIKE	S129:C>T	8	87631	9.129189E-5	21.62723	34.125	TRUE	C	2.972906E-4	1339.0	0.0013253835	0.9501514	1843.5529	0.019482035	0.97571945	0.0
SPIKE	D129-130:C>	7	87631	7.988041E-5	9999.0	39.44055	TRUE		NaN	NaN	NaN	NaN	NaN	NaN	NaN	NaN
SPIKE	D129-131:CG>	1	87631	1.1411486E-5	9999.0	39.44055	TRUE		NaN	NaN	NaN	NaN	NaN	NaN	NaN	NaN
SPIKE	S130:G>A	11	87631	1.2552635E-4	22.64633	38.727272	TRUE	G	4.6803648E-4	2280.0	0.0014420071	0.9226528	1708.6755	0.018014796	0.9705648	0.0
SPIKE	D130-133:GGC>	6	87631	6.846892E-5	9999.0	39.603542	TRUE		NaN	NaN	NaN	NaN	NaN	NaN	NaN	NaN
SPIKE	S130:G>C	0	87631	0.0	9999.0	0.0	TRUE	G	9.001992E-5	444.0	8.82764E-4	0.98463583	2523.332	0.017782671	0.96767724	0.0
SPIKE	S130:G>T	0	87631	0.0	9999.0	0.0	TRUE	G	7.995554E-6	39.0	0.0010105312	0.9986257	1141.7075	0.017983774	0.96447366	0.0
SPIKE	S131:G>A	3	87631	3.423446E-5	11.443986	39.0	TRUE	G	1.1803552E-4	575.0	0.0014420071	0.97990257	1708.6755	0.018014796	0.9705648	0.0
SPIKE	S131:G>C	1	87631	1.1411486E-5	0.0077684317	40.0	TRUE	G	8.042996E-4	3967.0	8.82764E-4	0.870803	2523.332	0.017782671	0.96767724	0.0
SPIKE	S131:G>T	0	87631	0.0	9999.0	0.0	TRUE	G	2.337162E-5	114.0	0.0010105312	0.99598813	1141.7075	0.017983774	0.96447366	0.0
SPIKE	S132:C>A	18	87631	2.0540676E-4	68.35255	38.77778	TRUE	C	4.0506033E-4	1816.0	0.0016674321	0.93270123	756.1097	0.019578815	0.9717836	0.0
SPIKE	S132:C>G	11	87631	1.2552635E-4	60.643497	38.81818	TRUE	C	1.6912223E-4	824.0	9.456701E-4	0.97133	2300.5823	0.018002886	0.9741895	0.0
SPIKE	S132:C>T	4	87631	4.5645946E-5	11.677852	39.0	TRUE	C	1.7850756E-4	804.0	0.0013253835	0.9697633	1843.5529	0.019482035	0.97571945	0.0
SPIKE	S133:A>G	0	87630	0.0	9999.0	0.0	TRUE	A	6.472458E-4	3101.0	0.0011944426	0.8946468	2343.955	0.018312149	0.9663853	0.0
SPIKE	S133:A>C	0	87630	0.0	9999.0	0.0	TRUE	A	1.0535993E-4	467.0	0.0010547516	0.9820413	955.03345	0.01979109	0.889732	0.0
SPIKE	S133:A>T	0	87630	0.0	9999.0	0.0	TRUE	A	2.1396576E-4	9.0	0.0015433384	0.96386683	992.5647	0.018919474	0.97077304	1.0
SPIKE	S134:G>A	0	87630	0.0	9999.0	0.0	TRUE	G	4.2349575E-4	2063.0	0.0014420071	0.9297484	1708.656	0.018014796	0.9705648	0.0
SPIKE	S134:G>C	0	87630	0.0	9999.0	0.0	TRUE	G	5.918269E-4	2919.0	8.82764E-4	0.9032154	2523.3032	0.017782671	0.96767724	0.0
SPIKE	S134:G>T	0	87630	0.0	9999.0	0.0	TRUE	G	5.760965E-5	281.0	0.0010105312	0.9901401	1141.6945	0.017983774	0.96447366	0.0
SPIKE	S135:C>A	0	87630	0.0	9999.0	0.0	TRUE	C	4.9740906E-5	223.0	0.0016674321	0.99148107	756.101	0.019578815	0.9717836	0.0
SPIKE	S135:C>G	0	87630	0.0	9999.0	0.0	TRUE	C	8.620406E-5	420.0	9.456701E-4	0.9852823	2300.5562	0.018002886	0.9741895	0.0
SPIKE	S135:C>T	0	87630	0.0	9999.0	0.0	TRUE	C	1.5830515E-4	713.0	0.0013253835	0.97313887	1843.5317	0.019482035	0.97571945	0.0
SPIKE	S136:C>A	0	87630	0.0	9999.0	0.0	TRUE	C	9.6582124E-5	433.0	0.0016674321	0.9835251	756.101	0.019578815	0.9717836	0.0
SPIKE	S136:C>G	0	87630	0.0	9999.0	0.0	TRUE	C	4.392302E-5	214.0	9.456701E-4	0.9924737	2300.5562	0.018002886	0.9741895	0.0
SPIKE	S136:C>T	0	87630	0.0	9999.0	0.0	TRUE	C	0.0013290528	5986.0	0.0013253835	0.79564905	1843.5317	0.019482035	0.97571945	0.0
SPIKE	S137:T>A	0	87630	0.0	9999.0	0.0	TRUE	T	1.5779803E-4	727.0	0.0015926741	0.97322375	912.438	0.019050756	0.98409516	0.0
SPIKE	S137:T>G	0	87630	0.0	9999.0	0.0	TRUE	T	0.0010236618	4770.0	5.0431833E-4	0.83855945	2525.9268	0.018815251	0.9511172	0.0
SPIKE	S137:T>C	0	87630	0.0	9999.0	0.0	TRUE	T	9.2396636E-5	395.0	0.0017371742	0.9842334	1342.3171	0.020533688	0.9601267	0.0
SPIKE	S138:G>A	0	87630	0.0	9999.0	0.0	TRUE	G	0.0017941603	8740.0	0.0014420071	0.73447776	1708.656	0.018014796	0.9705648	0.0
SPIKE	S138:G>C	0	87630	0.0	9999.0	0.0	TRUE	G	7.096246E-6	35.0	8.82764E-4	0.9987802	2523.3032	0.017782671	0.96767724	0.0
SPIKE	S138:G>T	0	87630	0.0	9999.0	0.0	TRUE	G	1.9579081E-4	955.0	0.0010105312	0.96688473	1141.6945	0.017983774	0.96447366	0.0
SPIKE	S139:A>G	0	87630	0.0	9999.0	0.0	TRUE	A	1.05404426E-4	505.0	0.0011944426	0.9820338	2343.955	0.018312149	0.9663853	0.0
SPIKE	S139:A>C	0	87630	0.0	9999.0	0.0	TRUE	A	3.384152E-6	15.0	0.0010547516	0.9994181	955.03345	0.01979109	0.889732	0.0
SPIKE	S139:A>T	0	87630	0.0	9999.0	0.0	TRUE	A	0.0017946084	8325.0	0.0015433384	0.73442113	992.5647	0.018919474	0.97077304	0.0
SPIKE	S140:T>A	0	87630	0.0	9999.0	0.0	TRUE	T	1.9556537E-4	901.0	0.0015926741	0.9669222	912.438	0.019050756	0.98409516	0.0
SPIKE	S140:T>G	0	87630	0.0	9999.0	0.0	TRUE	T	9.442583E-5	440.0	5.0431833E-4	0.98388994	2525.9268	0.018815251	0.9511172	0.0
SPIKE	S140:T>C	0	87630	0.0	9999.0	0.0	TRUE	T	3.9531726E-5	169.0	0.0017371742	0.9932236	1342.3171	0.020533688	0.9601267	0.0
SPIKE	S141:T>A	0	87630	0.0	9999.0	0.0	TRUE	T	0.0033007355	15207.0	0.0015926741	0.56681263	912.438	0.019050756	0.98409516	0.0
SPIKE	S141:T>G	0	87630	0.0	9999.0	0.0	TRUE	T	1.0687287E-4	498.0	5.0431833E-4	0.9817858	2525.9268	0.018815251	0.9511172	0.0
SPIKE	S141:T>C	0	87630	0.0	9999.0	0.0	TRUE	T	2.8958742E-4	1238.0	0.0017371742	0.95141107	1342.3171	0.020533688	0.9601267	0.0
SPIKE	S142:A>G	0	87630	0.0	9999.0	0.0	TRUE	A	0.0031550361	15116.0	0.0011944426	0.5811966	2343.955	0.018312149	0.9663853	0.0
SPIKE	S142:A>C	0	87630	0.0	9999.0	0.0	TRUE	A	2.8449437E-4	1261.0	0.0010547516	0.9522449	955.03345	0.01979109	0.889732	0.0
SPIKE	S142:A>T	0	87630	0.0	9999.0	0.0	TRUE	A	1.08862136E-4	505.0	0.0015433384	0.9814499	992.5647	0.018919474	0.97077304	0.0
SPIKE	S143:G>A	0	87630	0.0	9999.0	0.0	TRUE	G	2.750772E-4	1340.0	0.0014420071	0.9537885	1708.656	0.018014796	0.9705648	0.0
SPIKE	S143:G>C	0	87630	0.0	9999.0	0.0	TRUE	G	0.003999647	19727.0	8.82764E-4	0.50261074	2523.3032	0.017782671	0.96767724	0.0
SPIKE	S143:G>T	0	87630	0.0	9999.0	0.0	TRUE	G	1.3531093E-5	66.0	0.0010105312	0.99767536	1141.6945	0.017983774	0.96447366	0.0
SPIKE	S144:C>A	0	87630	0.0	9999.0	0.0	TRUE	C	1.316015E-5	59.0	0.0016674321	0.997739	756.101	0.019578815	0.9717836	0.0
SPIKE	S144:C>G	0	87630	0.0	9999.0	0.0	TRUE	C	4.825375E-4	2351.0	9.456701E-4	0.9203544	2300.5562	0.018002886	0.9741895	0.0
SPIKE	S144:C>T	0	87630	0.0	9999.0	0.0	TRUE	C	8.3038045E-5	374.0	0.0013253835	0.985819	1843.5317	0.019482035	0.97571945	0.0
SPIKE	S145:C>A	0	87630	0.0	9999.0	0.0	TRUE	C	2.9443048E-5	132.0	0.0016674321	0.9949486	756.101	0.019578815	0.9717836	0.0
SPIKE	S145:C>G	0	87630	0.0	9999.0	0.0	TRUE	C	2.7893172E-4	1359.0	9.456701E-4	0.9531564	2300.5562	0.018002886	0.9741895	0.0
SPIKE	S145:C>T	0	87630	0.0	9999.0	0.0	TRUE	C	3.0772923E-4	1386.0	0.0013253835	0.9484469	1843.5317	0.019482035	0.97571945	0.0
SPIKE	S146:C>A	0	87630	0.0	9999.0	0.0	TRUE	C	1.5390684E-5	69.0	0.0016674321	0.9973563	756.101	0.019578815	0.9717836	0.0
SPIKE	S146:C>G	0	87630	0.0	9999.0	0.0	TRUE	C	0.004434378	21605.0	9.456701E-4	0.46639937	2300.5562	0.018002886	0.9741895	0.0
SPIKE	S146:C>T	0	87630	0.0	9999.0	0.0	TRUE	C	4.909014E-4	2211.0	0.0013253835	0.9190314	1843.5317	0.019482035	0.97571945	0.0
SPIKE	S147:G>A	0	87630	0.0	9999.0	0.0	TRUE	G	5.8977376E-4	2873.0	0.0014420071	0.9035344	1708.656	0.018014796	0.9705648	0.0
SPIKE	S147:G>C	0	87630	0.0	9999.0	0.0	TRUE	G	7.173291E-4	3538.0	8.82764E-4	0.88392717	2523.3032	0.017782671	0.96767724	0.0
SPIKE	S147:G>T	0	87630	0.0	9999.0	0.0	TRUE	G	0.004212475	20547.0	0.0010105312	0.48454463	1141.6945	0.017983774	0.96447366	0.0
SPIKE	S148:T>A	0	87630	0.0	9999.0	0.0	TRUE	T	4.40619E-5	203.0	0.0015926741	0.99245	912.438	0.019050756	0.98409516	0.0
SPIKE	S148:T>G	0	87630	0.0	9999.0	0.0	TRUE	T	0.0056715584	26428.0	5.0431833E-4	0.37700075	2525.9268	0.018815251	0.9511172	0.0
SPIKE	S148:T>C	0	87630	0.0	9999.0	0.0	TRUE	T	4.8116426E-4	2057.0	0.0017371742	0.9205718	1342.3171	0.020533688	0.9601267	0.0
SPIKE	S149:G>A	0	87630	0.0	9999.0	0.0	TRUE	G	3.448729E-4	1680.0	0.0014420071	0.9424069	1708.656	0.018014796	0.9705648	0.0
SPIKE	S149:G>C	0	87630	0.0	9999.0	0.0	TRUE	G	0.0043909545	21657.0	8.82764E-4	0.46989587	2523.3032	0.017782671	0.96767724	0.0
SPIKE	S149:G>T	0	87630	0.0	9999.0	0.0	TRUE	G	8.1166055E-4	3959.0	0.0010105312	0.86970115	1141.6945	0.017983774	0.96447366	0.0
SPIKE	S150:C>A	0	87629	0.0	9999.0	0.0	TRUE	C	8.476126E-6	38.0	0.0016674321	0.99854314	756.0924	0.019578815	0.9717836	0.0
SPIKE	S150:C>G	0	87629	0.0	9999.0	0.0	TRUE	C	0.0018449932	8989.0	9.456701E-4	0.728084	2300.5298	0.018002886	0.9741895	0.0
SPIKE	S150:C>T	0	87629	0.0	9999.0	0.0	TRUE	C	0.005235453	23580.0	0.0013253835	0.40636724	1843.5107	0.019482035	0.97571945	0.0
SPIKE	S151:T>A	0	87616	0.0	9999.0	0.0	TRUE	T	7.3810047E-6	34.0	0.0015926741	0.99873126	912.29224	0.019050756	0.98409516	0.0
SPIKE	S151:T>G	0	87616	0.0	9999.0	0.0	TRUE	T	0.0058926838	27454.0	5.0431833E-4	0.36293134	2525.5232	0.018815251	0.9511172	0.0
SPIKE	S151:T>C	0	87616	0.0	9999.0	0.0	TRUE	T	7.996511E-4	3418.0	0.0017371742	0.8714995	1342.1027	0.020533688	0.9601267	0.0
SPIKE	S152:G>A	0	87587	0.0	9999.0	0.0	TRUE	G	4.3972346E-4	2141.0	0.0014420071	0.9271569	1707.8175	0.018014796	0.9705648	0.0
SPIKE	S152:G>C	0	87587	0.0	9999.0	0.0	TRUE	G	2.5964726E-5	128.0	8.82764E-4	0.995544	2522.0652	0.017782671	0.96767724	0.0
SPIKE	S152:G>T	0	87587	0.0	9999.0	0.0	TRUE	G	5.0848554E-4	2479.0	0.0010105312	0.91625595	1141.1343	0.017983774	0.96447366	0.0
SPIKE	S153:G>A	0	87239	0.0	9999.0	0.0	TRUE	G	4.4353955E-4	2151.0	0.0014420071	0.9265486	1701.0321	0.018014796	0.9705648	0.0
SPIKE	S153:G>C	0	87239	0.0	9999.0	0.0	TRUE	G	0.0011463943	5629.0	8.82764E-4	0.82104295	2512.0444	0.017782671	0.96767724	0.0
SPIKE	S153:G>T	0	87239	0.0	9999.0	0.0	TRUE	G	9.061158E-6	44.0	0.0010105312	0.9984427	1136.6003	0.017983774	0.96447366	0.0
