#pipeline_block
reference	mutation	count	coverage	freq	score	cqs	has.reference	ancestral.allele	error.rate	minor.count.local	minor.fdr	minor.recall	minor.count.global	read.fraction.in.minors	q.filtered.read.fraction	global.est
SPIKE	S0:T>A	0	0	NaN	9999.0	0.0	FALSE	A	2.917634E-5	0.0	0.001123308	0.9973776	0.0	0.041213524	0.99300635	1.0
SPIKE	S0:T>G	0	0	NaN	9999.0	0.0	FALSE	A	1.3536026E-4	0.0	3.5131478E-4	0.9878915	0.0	0.031162297	0.98776025	1.0
SPIKE	S0:T>C	0	0	NaN	9999.0	0.0	FALSE	A	4.591424E-5	0.0	0.0011066098	0.99587625	0.0	0.034470048	0.98488945	1.0
SPIKE	S1:A>G	0	0	NaN	9999.0	0.0	FALSE	A	6.504417E-5	0.0	0.0010307785	0.9941631	0.0	0.044027373	0.9830712	1.0
SPIKE	S1:A>C	0	0	NaN	9999.0	0.0	FALSE	A	1.4714751E-5	0.0	0.001432934	0.99867654	0.0	0.046876147	0.89657485	1.0
SPIKE	S1:A>T	0	0	NaN	9999.0	0.0	FALSE	A	2.4903255E-5	0.0	0.0013042936	0.9977612	0.0	0.044598516	0.9892257	1.0
SPIKE	S2:G>A	0	0	NaN	9999.0	0.0	FALSE	A	1.0718657E-4	0.0	0.0010644352	0.9903996	0.0	0.03761441	0.97603124	1.0
SPIKE	S2:G>C	0	0	NaN	9999.0	0.0	FALSE	A	7.271162E-5	0.0	5.249556E-4	0.99347734	0.0	0.03307113	0.9889411	1.0
SPIKE	S2:G>T	0	0	NaN	9999.0	0.0	FALSE	A	6.7716624E-5	0.0	6.315936E-4	0.993924	0.0	0.032282453	0.9880739	1.0
SPIKE	S3:C>A	0	0	NaN	9999.0	0.0	FALSE	A	2.0322525E-5	0.0	0.0015355792	0.99817264	0.0	0.042987645	0.98320705	1.0
SPIKE	S3:C>G	0	0	NaN	9999.0	0.0	FALSE	A	7.337681E-5	0.0	5.9363764E-4	0.99341786	0.0	0.03255071	0.9898521	1.0
SPIKE	S3:C>T	0	0	NaN	9999.0	0.0	FALSE	A	2.7140728E-4	0.0	6.769895E-4	0.97586924	0.0	0.03440945	0.97404784	1.0
SPIKE	S4:G>A	0	0	NaN	9999.0	0.0	FALSE	A	1.0718657E-4	0.0	0.0010644352	0.9903996	0.0	0.03761441	0.97603124	1.0
SPIKE	S4:G>C	0	0	NaN	9999.0	0.0	FALSE	A	7.271162E-5	0.0	5.249556E-4	0.99347734	0.0	0.03307113	0.9889411	1.0
SPIKE	S4:G>T	0	0	NaN	9999.0	0.0	FALSE	A	6.7716624E-5	0.0	6.315936E-4	0.993924	0.0	0.032282453	0.9880739	1.0
SPIKE	S5:T>A	0	0	NaN	9999.0	0.0	FALSE	A	2.917634E-5	0.0	0.001123308	0.9973776	0.0	0.041213524	0.99300635	1.0
SPIKE	S5:T>G	0	0	NaN	9999.0	0.0	FALSE	A	1.3536026E-4	0.0	3.5131478E-4	0.9878915	0.0	0.031162297	0.98776025	1.0
SPIKE	S5:T>C	0	0	NaN	9999.0	0.0	FALSE	A	4.591424E-5	0.0	0.0011066098	0.99587625	0.0	0.034470048	0.98488945	1.0
SPIKE	S6:G>A	0	0	NaN	9999.0	0.0	FALSE	A	1.0718657E-4	0.0	0.0010644352	0.9903996	0.0	0.03761441	0.97603124	1.0
SPIKE	S6:G>C	0	0	NaN	9999.0	0.0	FALSE	A	7.271162E-5	0.0	5.249556E-4	0.99347734	0.0	0.03307113	0.9889411	1.0
SPIKE	S6:G>T	0	0	NaN	9999.0	0.0	FALSE	A	6.7716624E-5	0.0	6.315936E-4	0.993924	0.0	0.032282453	0.9880739	1.0
SPIKE	S7:A>G	0	0	NaN	9999.0	0.0	FALSE	A	6.504417E-5	0.0	0.0010307785	0.9941631	0.0	0.044027373	0.9830712	1.0
SPIKE	S7:A>C	0	0	NaN	9999.0	0.0	FALSE	A	1.4714751E-5	0.0	0.001432934	0.99867654	0.0	0.046876147	0.89657485	1.0
SPIKE	S7:A>T	0	0	NaN	9999.0	0.0	FALSE	A	2.4903255E-5	0.0	0.0013042936	0.9977612	0.0	0.044598516	0.9892257	1.0
SPIKE	S8:A>G	0	0	NaN	9999.0	0.0	FALSE	A	6.504417E-5	0.0	0.0010307785	0.9941631	0.0	0.044027373	0.9830712	1.0
SPIKE	S8:A>C	0	0	NaN	9999.0	0.0	FALSE	A	1.4714751E-5	0.0	0.001432934	0.99867654	0.0	0.046876147	0.89657485	1.0
SPIKE	S8:A>T	0	0	NaN	9999.0	0.0	FALSE	A	2.4903255E-5	0.0	0.0013042936	0.9977612	0.0	0.044598516	0.9892257	1.0
SPIKE	S9:G>A	0	0	NaN	9999.0	0.0	FALSE	A	1.0718657E-4	0.0	0.0010644352	0.9903996	0.0	0.03761441	0.97603124	1.0
SPIKE	S9:G>C	0	0	NaN	9999.0	0.0	FALSE	A	7.271162E-5	0.0	5.249556E-4	0.99347734	0.0	0.03307113	0.9889411	1.0
SPIKE	S9:G>T	0	0	NaN	9999.0	0.0	FALSE	A	6.7716624E-5	0.0	6.315936E-4	0.993924	0.0	0.032282453	0.9880739	1.0
SPIKE	S10:A>G	0	0	NaN	9999.0	0.0	FALSE	A	6.504417E-5	0.0	0.0010307785	0.9941631	0.0	0.044027373	0.9830712	1.0
SPIKE	S10:A>C	0	0	NaN	9999.0	0.0	FALSE	A	1.4714751E-5	0.0	0.001432934	0.99867654	0.0	0.046876147	0.89657485	1.0
SPIKE	S10:A>T	0	0	NaN	9999.0	0.0	FALSE	A	2.4903255E-5	0.0	0.0013042936	0.9977612	0.0	0.044598516	0.9892257	1.0
SPIKE	S11:C>A	0	0	NaN	9999.0	0.0	FALSE	A	2.0322525E-5	0.0	0.0015355792	0.99817264	0.0	0.042987645	0.98320705	1.0
SPIKE	S11:C>G	0	0	NaN	9999.0	0.0	FALSE	A	7.337681E-5	0.0	5.9363764E-4	0.99341786	0.0	0.03255071	0.9898521	1.0
SPIKE	S11:C>T	0	0	NaN	9999.0	0.0	FALSE	A	2.7140728E-4	0.0	6.769895E-4	0.97586924	0.0	0.03440945	0.97404784	1.0
SPIKE	S12:G>A	0	0	NaN	9999.0	0.0	FALSE	A	1.0718657E-4	0.0	0.0010644352	0.9903996	0.0	0.03761441	0.97603124	1.0
SPIKE	S12:G>C	0	0	NaN	9999.0	0.0	FALSE	A	7.271162E-5	0.0	5.249556E-4	0.99347734	0.0	0.03307113	0.9889411	1.0
SPIKE	S12:G>T	0	0	NaN	9999.0	0.0	FALSE	A	6.7716624E-5	0.0	6.315936E-4	0.993924	0.0	0.032282453	0.9880739	1.0
SPIKE	S13:A>G	0	0	NaN	9999.0	0.0	FALSE	A	6.504417E-5	0.0	0.0010307785	0.9941631	0.0	0.044027373	0.9830712	1.0
SPIKE	S13:A>C	0	0	NaN	9999.0	0.0	FALSE	A	1.4714751E-5	0.0	0.001432934	0.99867654	0.0	0.046876147	0.89657485	1.0
SPIKE	S13:A>T	0	0	NaN	9999.0	0.0	FALSE	A	2.4903255E-5	0.0	0.0013042936	0.9977612	0.0	0.044598516	0.9892257	1.0
SPIKE	S14:C>A	0	0	NaN	9999.0	0.0	FALSE	A	2.0322525E-5	0.0	0.0015355792	0.99817264	0.0	0.042987645	0.98320705	1.0
SPIKE	S14:C>G	0	0	NaN	9999.0	0.0	FALSE	A	7.337681E-5	0.0	5.9363764E-4	0.99341786	0.0	0.03255071	0.9898521	1.0
SPIKE	S14:C>T	0	0	NaN	9999.0	0.0	FALSE	A	2.7140728E-4	0.0	6.769895E-4	0.97586924	0.0	0.03440945	0.97404784	1.0
SPIKE	S15:A>G	0	0	NaN	9999.0	0.0	FALSE	A	6.504417E-5	0.0	0.0010307785	0.9941631	0.0	0.044027373	0.9830712	1.0
SPIKE	S15:A>C	0	0	NaN	9999.0	0.0	FALSE	A	1.4714751E-5	0.0	0.001432934	0.99867654	0.0	0.046876147	0.89657485	1.0
SPIKE	S15:A>T	0	0	NaN	9999.0	0.0	FALSE	A	2.4903255E-5	0.0	0.0013042936	0.9977612	0.0	0.044598516	0.9892257	1.0
SPIKE	S16:G>A	0	0	NaN	9999.0	0.0	FALSE	A	1.0718657E-4	0.0	0.0010644352	0.9903996	0.0	0.03761441	0.97603124	1.0
SPIKE	S16:G>C	0	0	NaN	9999.0	0.0	FALSE	A	7.271162E-5	0.0	5.249556E-4	0.99347734	0.0	0.03307113	0.9889411	1.0
SPIKE	S16:G>T	0	0	NaN	9999.0	0.0	FALSE	A	6.7716624E-5	0.0	6.315936E-4	0.993924	0.0	0.032282453	0.9880739	1.0
SPIKE	S17:A>G	0	0	NaN	9999.0	0.0	FALSE	A	6.504417E-5	0.0	0.0010307785	0.9941631	0.0	0.044027373	0.9830712	1.0
SPIKE	S17:A>C	0	0	NaN	9999.0	0.0	FALSE	A	1.4714751E-5	0.0	0.001432934	0.99867654	0.0	0.046876147	0.89657485	1.0
SPIKE	S17:A>T	0	0	NaN	9999.0	0.0	FALSE	A	2.4903255E-5	0.0	0.0013042936	0.9977612	0.0	0.044598516	0.9892257	1.0
SPIKE	S18:A>G	0	0	NaN	9999.0	0.0	FALSE	A	6.504417E-5	0.0	0.0010307785	0.9941631	0.0	0.044027373	0.9830712	1.0
SPIKE	S18:A>C	0	0	NaN	9999.0	0.0	FALSE	A	1.4714751E-5	0.0	0.001432934	0.99867654	0.0	0.046876147	0.89657485	1.0
SPIKE	S18:A>T	0	0	NaN	9999.0	0.0	FALSE	A	2.4903255E-5	0.0	0.0013042936	0.9977612	0.0	0.044598516	0.9892257	1.0
SPIKE	S19:C>A	0	0	NaN	9999.0	0.0	FALSE	A	2.0322525E-5	0.0	0.0015355792	0.99817264	0.0	0.042987645	0.98320705	1.0
SPIKE	S19:C>G	0	0	NaN	9999.0	0.0	FALSE	A	7.337681E-5	0.0	5.9363764E-4	0.99341786	0.0	0.03255071	0.9898521	1.0
SPIKE	S19:C>T	0	0	NaN	9999.0	0.0	FALSE	A	2.7140728E-4	0.0	6.769895E-4	0.97586924	0.0	0.03440945	0.97404784	1.0
SPIKE	S20:C>A	0	0	NaN	9999.0	0.0	FALSE	A	2.0322525E-5	0.0	0.0015355792	0.99817264	0.0	0.042987645	0.98320705	1.0
SPIKE	S20:C>G	0	0	NaN	9999.0	0.0	FALSE	A	7.337681E-5	0.0	5.9363764E-4	0.99341786	0.0	0.03255071	0.9898521	1.0
SPIKE	S20:C>T	0	0	NaN	9999.0	0.0	FALSE	A	2.7140728E-4	0.0	6.769895E-4	0.97586924	0.0	0.03440945	0.97404784	1.0
SPIKE	S21:A>G	0	0	NaN	9999.0	0.0	FALSE	A	6.504417E-5	0.0	0.0010307785	0.9941631	0.0	0.044027373	0.9830712	1.0
SPIKE	S21:A>C	0	0	NaN	9999.0	0.0	FALSE	A	1.4714751E-5	0.0	0.001432934	0.99867654	0.0	0.046876147	0.89657485	1.0
SPIKE	S21:A>T	0	0	NaN	9999.0	0.0	FALSE	A	2.4903255E-5	0.0	0.0013042936	0.9977612	0.0	0.044598516	0.9892257	1.0
SPIKE	S22:A>G	0	0	NaN	9999.0	0.0	FALSE	A	6.504417E-5	0.0	0.0010307785	0.9941631	0.0	0.044027373	0.9830712	1.0
SPIKE	S22:A>C	0	0	NaN	9999.0	0.0	FALSE	A	1.4714751E-5	0.0	0.001432934	0.99867654	0.0	0.046876147	0.89657485	1.0
SPIKE	S22:A>T	0	0	NaN	9999.0	0.0	FALSE	A	2.4903255E-5	0.0	0.0013042936	0.9977612	0.0	0.044598516	0.9892257	1.0
SPIKE	S23:A>G	0	0	NaN	9999.0	0.0	FALSE	A	6.504417E-5	0.0	0.0010307785	0.9941631	0.0	0.044027373	0.9830712	1.0
SPIKE	S23:A>C	0	0	NaN	9999.0	0.0	FALSE	A	1.4714751E-5	0.0	0.001432934	0.99867654	0.0	0.046876147	0.89657485	1.0
SPIKE	S23:A>T	0	0	NaN	9999.0	0.0	FALSE	A	2.4903255E-5	0.0	0.0013042936	0.9977612	0.0	0.044598516	0.9892257	1.0
SPIKE	S24:A>G	0	0	NaN	9999.0	0.0	FALSE	A	6.504417E-5	0.0	0.0010307785	0.9941631	0.0	0.044027373	0.9830712	1.0
SPIKE	S24:A>C	0	0	NaN	9999.0	0.0	FALSE	A	1.4714751E-5	0.0	0.001432934	0.99867654	0.0	0.046876147	0.89657485	1.0
SPIKE	S24:A>T	0	0	NaN	9999.0	0.0	FALSE	A	2.4903255E-5	0.0	0.0013042936	0.9977612	0.0	0.044598516	0.9892257	1.0
SPIKE	S25:A>G	0	0	NaN	9999.0	0.0	FALSE	A	6.504417E-5	0.0	0.0010307785	0.9941631	0.0	0.044027373	0.9830712	1.0
SPIKE	S25:A>C	0	0	NaN	9999.0	0.0	FALSE	A	1.4714751E-5	0.0	0.001432934	0.99867654	0.0	0.046876147	0.89657485	1.0
SPIKE	S25:A>T	0	0	NaN	9999.0	0.0	FALSE	A	2.4903255E-5	0.0	0.0013042936	0.9977612	0.0	0.044598516	0.9892257	1.0
SPIKE	S26:T>A	0	106295	0.0	9999.0	0.0	TRUE	T	2.917634E-5	8.0	0.001123308	0.9973776	75.334175	0.041213524	0.99300635	1.0
SPIKE	S26:T>G	0	106295	0.0	9999.0	0.0	TRUE	T	1.3536026E-4	2.0	3.5131478E-4	0.9878915	461.87787	0.031162297	0.98776025	1.0
SPIKE	S26:T>C	0	106295	0.0	9999.0	0.0	TRUE	T	5.1828447E-6	16.0	0.0011066098	0.99953365	141.74222	0.034470048	0.98488945	0.0
SPIKE	S27:G>A	0	108858	0.0	9999.0	0.0	TRUE	G	7.248542E-6	21.0	0.0010644352	0.99934787	310.5339	0.03761441	0.97603124	0.0
SPIKE	S27:G>C	0	108858	0.0	9999.0	0.0	TRUE	G	7.271162E-5	0.0	5.249556E-4	0.99347734	239.46564	0.03307113	0.9889411	1.0
SPIKE	S27:G>T	0	108858	0.0	9999.0	0.0	TRUE	G	2.5784044E-5	87.0	6.315936E-4	0.99768215	228.48807	0.032282453	0.9880739	0.0
SPIKE	S28:G>A	0	109565	0.0	9999.0	0.0	TRUE	G	1.13170645E-5	33.0	0.0010644352	0.998982	312.55075	0.03761441	0.97603124	0.0
SPIKE	S28:G>C	0	109565	0.0	9999.0	0.0	TRUE	G	7.271162E-5	1.0	5.249556E-4	0.99347734	241.02089	0.03307113	0.9889411	1.0
SPIKE	S28:G>T	0	109565	0.0	9999.0	0.0	TRUE	G	1.2661605E-5	43.0	6.315936E-4	0.99886113	229.97203	0.032282453	0.9880739	0.0
SPIKE	S29:G>A	0	109567	0.0	9999.0	0.0	TRUE	G	6.1728315E-6	18.0	0.0010644352	0.9994446	312.55646	0.03761441	0.97603124	0.0
SPIKE	S29:G>C	0	109567	0.0	9999.0	0.0	TRUE	G	7.271162E-5	0.0	5.249556E-4	0.99347734	241.02528	0.03307113	0.9889411	1.0
SPIKE	S29:G>T	0	109567	0.0	9999.0	0.0	TRUE	G	6.7716624E-5	2.0	6.315936E-4	0.993924	229.97623	0.032282453	0.9880739	1.0
SPIKE	S30:A>G	1	109571	9.126503E-6	7.5126133	40.0	TRUE	A	2.9302328E-5	73.0	0.0010307785	0.99736625	162.04257	0.044027373	0.9830712	0.0
SPIKE	S30:A>C	0	109571	0.0	9999.0	0.0	TRUE	A	1.4714751E-5	6.0	0.001432934	0.99867654	34.44446	0.046876147	0.89657485	1.0
SPIKE	S30:A>T	0	109571	0.0	9999.0	0.0	TRUE	A	2.4903255E-5	1.0	0.0013042936	0.9977612	61.26298	0.044598516	0.9892257	1.0
SPIKE	S31:T>A	0	109571	0.0	9999.0	0.0	TRUE	T	2.5548472E-5	68.0	0.001123308	0.99770325	77.65597	0.041213524	0.99300635	0.0
SPIKE	S31:T>G	0	109571	0.0	9999.0	0.0	TRUE	T	1.3536026E-4	0.0	3.5131478E-4	0.9878915	476.11288	0.031162297	0.98776025	1.0
SPIKE	S31:T>C	0	109571	0.0	9999.0	0.0	TRUE	T	4.591424E-5	6.0	0.0011066098	0.99587625	146.11069	0.034470048	0.98488945	1.0
SPIKE	S32:C>T	6	109571	5.4759013E-5	45.563957	40.0	TRUE	C	5.1153525E-5	163.0	6.769895E-4	0.99540675	864.8356	0.03440945	0.97404784	0.0
SPIKE	S32:C>A	3	109571	2.7379507E-5	29.377388	39.666668	TRUE	C	2.0322525E-5	4.0	0.0015355792	0.99817264	51.87965	0.042987645	0.98320705	1.0
SPIKE	S32:C>G	0	109571	0.0	9999.0	0.0	TRUE	C	7.337681E-5	0.0	5.9363764E-4	0.99341786	247.14503	0.03255071	0.9898521	1.0
SPIKE	S33:C>T	3	109571	2.7379507E-5	24.905031	39.666668	TRUE	C	2.9185754E-5	93.0	6.769895E-4	0.99737674	864.8356	0.03440945	0.97404784	0.0
SPIKE	S33:C>A	16	109571	1.4602405E-4	224.70943	39.9375	TRUE	C	2.311174E-5	59.0	0.0015355792	0.9979221	51.87965	0.042987645	0.98320705	0.0
SPIKE	S33:C>G	0	109571	0.0	9999.0	0.0	TRUE	C	7.337681E-5	0.0	5.9363764E-4	0.99341786	247.14503	0.03255071	0.9898521	1.0
SPIKE	S34:A>C	1	109571	9.126503E-6	8.076269	40.0	TRUE	A	2.5632135E-5	60.0	0.001432934	0.99769574	34.44446	0.046876147	0.89657485	0.0
SPIKE	S34:A>G	0	109571	0.0	9999.0	0.0	TRUE	A	1.8865883E-5	47.0	0.0010307785	0.99830353	162.04257	0.044027373	0.9830712	0.0
SPIKE	S34:A>T	0	109571	0.0	9999.0	0.0	TRUE	A	2.4903255E-5	6.0	0.0013042936	0.9977612	61.26298	0.044598516	0.9892257	1.0
SPIKE	S35:T>C	1	109571	9.126503E-6	5.805759	38.0	TRUE	T	4.4308243E-5	141.0	0.0011066098	0.9960202	146.11069	0.034470048	0.98488945	0.0
SPIKE	S35:T>A	0	109571	0.0	9999.0	0.0	TRUE	T	2.6299896E-5	70.0	0.001123308	0.9976358	77.65597	0.041213524	0.99300635	0.0
SPIKE	S35:T>G	0	109571	0.0	9999.0	0.0	TRUE	T	1.3536026E-4	7.0	3.5131478E-4	0.9878915	476.11288	0.031162297	0.98776025	1.0
SPIKE	S36:T>A	0	109571	0.0	9999.0	0.0	TRUE	T	2.917634E-5	2.0	0.001123308	0.9973776	77.65597	0.041213524	0.99300635	1.0
SPIKE	S36:T>G	0	109571	0.0	9999.0	0.0	TRUE	T	1.3536026E-4	1.0	3.5131478E-4	0.9878915	476.11288	0.031162297	0.98776025	1.0
SPIKE	S36:T>C	0	109571	0.0	9999.0	0.0	TRUE	T	1.2255471E-5	39.0	0.0011066098	0.9988976	146.11069	0.034470048	0.98488945	0.0
SPIKE	S37:A>G	0	109571	0.0	9999.0	0.0	TRUE	A	2.5288311E-5	63.0	0.0010307785	0.9977266	162.04257	0.044027373	0.9830712	0.0
SPIKE	S37:A>C	0	109571	0.0	9999.0	0.0	TRUE	A	4.1438616E-5	97.0	0.001432934	0.99627745	34.44446	0.046876147	0.89657485	0.0
SPIKE	S37:A>T	0	109571	0.0	9999.0	0.0	TRUE	A	2.2357368E-5	55.0	0.0013042936	0.99798983	61.26298	0.044598516	0.9892257	0.0
SPIKE	S38:T>A	1	109571	9.126503E-6	8.346761	40.0	TRUE	T	2.404562E-5	64.0	0.001123308	0.99783826	77.65597	0.041213524	0.99300635	0.0
SPIKE	S38:T>G	0	109571	0.0	9999.0	0.0	TRUE	T	1.3536026E-4	0.0	3.5131478E-4	0.9878915	476.11288	0.031162297	0.98776025	1.0
SPIKE	S38:T>C	0	109571	0.0	9999.0	0.0	TRUE	T	4.591424E-5	3.0	0.0011066098	0.99587625	146.11069	0.034470048	0.98488945	1.0
SPIKE	S39:C>T	7	109571	6.388552E-5	24.170095	39.57143	TRUE	C	1.7166244E-4	547.0	6.769895E-4	0.9846691	864.8356	0.03440945	0.97404784	0.0
SPIKE	S39:C>A	17	109571	1.5515054E-4	251.81378	39.764706	TRUE	C	2.0322525E-5	6.0	0.0015355792	0.99817264	51.87965	0.042987645	0.98320705	1.0
SPIKE	S39:C>G	0	109571	0.0	9999.0	0.0	TRUE	C	7.337681E-5	0.0	5.9363764E-4	0.99341786	247.14503	0.03255071	0.9898521	1.0
SPIKE	S40:G>A	6	109575	5.4757016E-5	52.3229	40.0	TRUE	G	3.8748836E-5	113.0	0.0010644352	0.9965187	312.57925	0.03761441	0.97603124	0.0
SPIKE	S40:G>C	0	109575	0.0	9999.0	0.0	TRUE	G	1.5384368E-5	51.0	5.249556E-4	0.99861634	241.0429	0.03307113	0.9889411	0.0
SPIKE	S40:G>T	0	109575	0.0	9999.0	0.0	TRUE	G	6.18301E-6	21.0	6.315936E-4	0.9994437	229.99301	0.032282453	0.9880739	0.0
SPIKE	S41:G>A	0	109578	0.0	9999.0	0.0	TRUE	G	1.8859537E-5	55.0	0.0010644352	0.99830407	312.58783	0.03761441	0.97603124	0.0
SPIKE	S41:G>C	0	109578	0.0	9999.0	0.0	TRUE	G	7.271162E-5	0.0	5.249556E-4	0.99347734	241.04948	0.03307113	0.9889411	1.0
SPIKE	S41:G>T	0	109578	0.0	9999.0	0.0	TRUE	G	6.7716624E-5	6.0	6.315936E-4	0.993924	229.99931	0.032282453	0.9880739	1.0
SPIKE	S42:C>T	13	109583	1.1863154E-4	44.765785	39.076923	TRUE	C	2.7425328E-4	874.0	6.769895E-4	0.9756193	864.93024	0.03440945	0.97404784	0.0
SPIKE	S42:C>A	14	109583	1.2775704E-4	197.66365	39.285713	TRUE	C	2.0322525E-5	2.0	0.0015355792	0.99817264	51.885334	0.042987645	0.98320705	1.0
SPIKE	S42:C>G	0	109583	0.0	9999.0	0.0	TRUE	C	1.4546398E-5	49.0	5.9363764E-4	0.9986917	247.17209	0.03255071	0.9898521	0.0
SPIKE	S43:G>T	3	109583	2.7376509E-5	15.014346	39.0	TRUE	G	6.7716624E-5	7.0	6.315936E-4	0.993924	230.00981	0.032282453	0.9880739	1.0
SPIKE	S43:G>A	1	109583	9.125503E-6	5.4264026	39.0	TRUE	G	4.868967E-5	142.0	0.0010644352	0.9956275	312.60208	0.03761441	0.97603124	0.0
SPIKE	S43:G>C	0	109583	0.0	9999.0	0.0	TRUE	G	1.5383246E-5	51.0	5.249556E-4	0.99861646	241.06049	0.03307113	0.9889411	0.0
SPIKE	S44:G>A	2	109583	1.8251007E-5	5.873671	40.0	TRUE	G	1.0560858E-4	308.0	0.0010644352	0.99054027	312.60208	0.03761441	0.97603124	0.0
SPIKE	S44:G>C	0	109583	0.0	9999.0	0.0	TRUE	G	7.271162E-5	0.0	5.249556E-4	0.99347734	241.06049	0.03307113	0.9889411	1.0
SPIKE	S44:G>T	0	109583	0.0	9999.0	0.0	TRUE	G	6.7716624E-5	5.0	6.315936E-4	0.993924	230.00981	0.032282453	0.9880739	1.0
SPIKE	S45:C>T	19	109583	1.7338456E-4	320.71924	39.263157	TRUE	C	1.3806802E-5	44.0	6.769895E-4	0.99875814	864.93024	0.03440945	0.97404784	0.0
SPIKE	S45:C>A	19	109583	1.7338456E-4	289.16998	39.894737	TRUE	C	2.0322525E-5	3.0	0.0015355792	0.99817264	51.885334	0.042987645	0.98320705	1.0
SPIKE	S45:C>G	0	109583	0.0	9999.0	0.0	TRUE	C	1.751505E-5	59.0	5.9363764E-4	0.9984249	247.17209	0.03255071	0.9898521	0.0
SPIKE	S46:G>T	1	109583	9.125503E-6	4.146403	40.0	TRUE	G	6.7716624E-5	7.0	6.315936E-4	0.993924	230.00981	0.032282453	0.9880739	1.0
SPIKE	S46:G>A	4	109583	3.6502013E-5	9.165739	39.75	TRUE	G	1.7555713E-4	512.0	0.0010644352	0.98432404	312.60208	0.03761441	0.97603124	0.0
SPIKE	S46:G>C	0	109583	0.0	9999.0	0.0	TRUE	G	1.5383246E-5	51.0	5.249556E-4	0.99861646	241.06049	0.03307113	0.9889411	0.0
SPIKE	S47:A>G	1	109583	9.125503E-6	8.483807	40.0	TRUE	A	2.3278752E-5	58.0	0.0010307785	0.9979071	162.06032	0.044027373	0.9830712	0.0
SPIKE	S47:A>C	0	109583	0.0	9999.0	0.0	TRUE	A	1.4714751E-5	0.0	0.001432934	0.99867654	34.448235	0.046876147	0.89657485	1.0
SPIKE	S47:A>T	0	109583	0.0	9999.0	0.0	TRUE	A	2.4903255E-5	3.0	0.0013042936	0.9977612	61.26969	0.044598516	0.9892257	1.0
SPIKE	S48:A>G	1	109583	9.125503E-6	14.929494	40.0	TRUE	A	5.2176515E-6	13.0	0.0010307785	0.9995305	162.06032	0.044027373	0.9830712	0.0
SPIKE	S48:A>C	0	109583	0.0	9999.0	0.0	TRUE	A	1.4714751E-5	0.0	0.001432934	0.99867654	34.448235	0.046876147	0.89657485	1.0
SPIKE	S48:A>T	0	109583	0.0	9999.0	0.0	TRUE	A	2.4903255E-5	8.0	0.0013042936	0.9977612	61.26969	0.044598516	0.9892257	1.0
SPIKE	S49:T>G	1	109583	9.125503E-6	1.842562	39.0	TRUE	T	1.3536026E-4	1.0	3.5131478E-4	0.9878915	476.165	0.031162297	0.98776025	1.0
SPIKE	S49:T>A	0	109583	0.0	9999.0	0.0	TRUE	T	2.5170002E-5	67.0	0.001123308	0.9977373	77.66447	0.041213524	0.99300635	0.0
SPIKE	S49:T>C	0	109583	0.0	9999.0	0.0	TRUE	T	4.591424E-5	9.0	0.0011066098	0.99587625	146.1267	0.034470048	0.98488945	1.0
SPIKE	S50:T>C	1	109583	9.125503E-6	5.6616864	40.0	TRUE	T	4.591424E-5	8.0	0.0011066098	0.99587625	146.1267	0.034470048	0.98488945	1.0
SPIKE	S50:T>A	1	109583	9.125503E-6	7.5302353	39.0	TRUE	T	2.917634E-5	3.0	0.001123308	0.9973776	77.66447	0.041213524	0.99300635	1.0
SPIKE	S50:T>G	0	109583	0.0	9999.0	0.0	TRUE	T	1.3536026E-4	1.0	3.5131478E-4	0.9878915	476.165	0.031162297	0.98776025	1.0
SPIKE	S51:T>A	0	109583	0.0	9999.0	0.0	TRUE	T	2.917634E-5	1.0	0.001123308	0.9973776	77.66447	0.041213524	0.99300635	1.0
SPIKE	S51:T>G	0	109583	0.0	9999.0	0.0	TRUE	T	1.3536026E-4	0.0	3.5131478E-4	0.9878915	476.165	0.031162297	0.98776025	1.0
SPIKE	S51:T>C	0	109583	0.0	9999.0	0.0	TRUE	T	6.5983772E-6	21.0	0.0011066098	0.99940634	146.1267	0.034470048	0.98488945	0.0
SPIKE	S52:A>G	3	109583	2.7376509E-5	19.100965	38.333332	TRUE	A	4.736022E-5	118.0	0.0010307785	0.9957467	162.06032	0.044027373	0.9830712	0.0
SPIKE	S52:A>C	0	109583	0.0	9999.0	0.0	TRUE	A	8.543109E-6	20.0	0.001432934	0.9992314	34.448235	0.046876147	0.89657485	0.0
SPIKE	S52:A>T	0	109583	0.0	9999.0	0.0	TRUE	A	2.4903255E-5	2.0	0.0013042936	0.9977612	61.26969	0.044598516	0.9892257	1.0
SPIKE	S53:C>T	19	109583	1.7338456E-4	120.83462	39.57895	TRUE	C	1.7038848E-4	543.0	6.769895E-4	0.98478204	864.93024	0.03440945	0.97404784	0.0
SPIKE	S53:C>A	3	109583	2.7376509E-5	29.376022	39.666668	TRUE	C	2.0322525E-5	3.0	0.0015355792	0.99817264	51.885334	0.042987645	0.98320705	1.0
SPIKE	S53:C>G	0	109583	0.0	9999.0	0.0	TRUE	C	3.5623832E-6	12.0	5.9363764E-4	0.99967945	247.17209	0.03255071	0.9898521	0.0
SPIKE	S54:C>T	2	109583	1.8251007E-5	16.779913	40.0	TRUE	C	2.4789484E-5	79.0	6.769895E-4	0.99777144	864.93024	0.03440945	0.97404784	0.0
SPIKE	S54:C>A	35	109583	3.193926E-4	812.9848	40.0	TRUE	C	5.483541E-6	14.0	0.0015355792	0.9995066	51.885334	0.042987645	0.98320705	0.0
SPIKE	S54:C>G	0	109583	0.0	9999.0	0.0	TRUE	C	7.337681E-5	2.0	5.9363764E-4	0.99341786	247.17209	0.03255071	0.9898521	1.0
SPIKE	S55:A>G	1	109583	9.125503E-6	9.201975	40.0	TRUE	A	1.9666531E-5	49.0	0.0010307785	0.9982316	162.06032	0.044027373	0.9830712	0.0
SPIKE	S55:A>C	0	109583	0.0	9999.0	0.0	TRUE	A	6.6636254E-5	156.0	0.001432934	0.9940207	34.448235	0.046876147	0.89657485	0.0
SPIKE	S55:A>T	0	109583	0.0	9999.0	0.0	TRUE	A	2.4903255E-5	3.0	0.0013042936	0.9977612	61.26969	0.044598516	0.9892257	1.0
SPIKE	S56:C>T	15	109583	1.3688255E-4	204.3689	40.0	TRUE	C	2.4161902E-5	77.0	6.769895E-4	0.99782777	864.93024	0.03440945	0.97404784	0.0
SPIKE	S56:C>G	1	109583	9.125503E-6	3.8484166	40.0	TRUE	C	7.337681E-5	0.0	5.9363764E-4	0.99341786	247.17209	0.03255071	0.9898521	1.0
SPIKE	S56:C>A	7	109583	6.387852E-5	63.456436	40.0	TRUE	C	3.9559833E-5	101.0	0.0015355792	0.99644595	51.885334	0.042987645	0.98320705	0.0
SPIKE	S57:C>T	4	109583	3.6502013E-5	60.634483	40.0	TRUE	C	6.5896097E-6	21.0	6.769895E-4	0.9994071	864.93024	0.03440945	0.97404784	0.0
SPIKE	S57:C>A	29	109583	2.646396E-4	540.7654	40.0	TRUE	C	1.3317171E-5	34.0	0.0015355792	0.9988022	51.885334	0.042987645	0.98320705	0.0
SPIKE	S57:C>G	0	109583	0.0	9999.0	0.0	TRUE	C	7.337681E-5	1.0	5.9363764E-4	0.99341786	247.17209	0.03255071	0.9898521	1.0
SPIKE	S58:A>G	2	109583	1.8251007E-5	29.310938	40.0	TRUE	A	5.6190092E-6	14.0	0.0010307785	0.99949443	162.06032	0.044027373	0.9830712	0.0
SPIKE	S58:A>C	0	109583	0.0	9999.0	0.0	TRUE	A	5.0404342E-5	118.0	0.001432934	0.99547386	34.448235	0.046876147	0.89657485	0.0
SPIKE	S58:A>T	0	109583	0.0	9999.0	0.0	TRUE	A	8.941967E-6	22.0	0.0013042936	0.9991956	61.26969	0.044598516	0.9892257	0.0
SPIKE	S59:T>C	2	109583	1.8251007E-5	13.260657	40.0	TRUE	T	3.833343E-5	122.0	0.0011066098	0.9965559	146.1267	0.034470048	0.98488945	0.0
SPIKE	S59:T>A	0	109583	0.0	9999.0	0.0	TRUE	T	4.8085974E-5	128.0	0.001123308	0.9956816	77.66447	0.041213524	0.99300635	0.0
SPIKE	S59:T>G	0	109583	0.0	9999.0	0.0	TRUE	T	3.126989E-6	11.0	3.5131478E-4	0.9997186	476.165	0.031162297	0.98776025	0.0
SPIKE	S60:T>A	0	109583	0.0	9999.0	0.0	TRUE	T	2.917634E-5	6.0	0.001123308	0.9973776	77.66447	0.041213524	0.99300635	1.0
SPIKE	S60:T>G	0	109583	0.0	9999.0	0.0	TRUE	T	1.3536026E-4	3.0	3.5131478E-4	0.9878915	476.165	0.031162297	0.98776025	1.0
SPIKE	S60:T>C	0	109583	0.0	9999.0	0.0	TRUE	T	1.9795132E-5	63.0	0.0011066098	0.99822	146.1267	0.034470048	0.98488945	0.0
SPIKE	S61:G>T	1	109583	9.125503E-6	6.187399	40.0	TRUE	G	4.0333834E-5	137.0	6.315936E-4	0.9963765	230.00981	0.032282453	0.9880739	0.0
SPIKE	S61:G>A	5	109583	4.5627516E-5	55.40599	40.0	TRUE	G	1.9544446E-5	57.0	0.0010644352	0.99824256	312.60208	0.03761441	0.97603124	0.0
SPIKE	S61:G>C	0	109583	0.0	9999.0	0.0	TRUE	G	7.271162E-5	0.0	5.249556E-4	0.99347734	241.06049	0.03307113	0.9889411	1.0
SPIKE	D62-63:A>	9	109583	8.2129525E-5	9999.0	40.0	TRUE		NaN	NaN	NaN	NaN	NaN	NaN	NaN	NaN
SPIKE	S62:A>G	0	109583	0.0	9999.0	0.0	TRUE	A	7.144169E-5	178.0	0.0010307785	0.9935909	162.06032	0.044027373	0.9830712	0.0
SPIKE	S62:A>C	0	109583	0.0	9999.0	0.0	TRUE	A	1.4714751E-5	0.0	0.001432934	0.99867654	34.448235	0.046876147	0.89657485	1.0
SPIKE	S62:A>T	0	109583	0.0	9999.0	0.0	TRUE	A	2.4903255E-5	6.0	0.0013042936	0.9977612	61.26969	0.044598516	0.9892257	1.0
SPIKE	S63:A>T	2	109583	1.8251007E-5	29.838947	40.0	TRUE	A	5.28389E-6	13.0	0.0013042936	0.99952453	61.26969	0.044598516	0.9892257	0.0
SPIKE	S63:A>G	2	109583	1.8251007E-5	9.215952	40.0	TRUE	A	6.504417E-5	7.0	0.0010307785	0.9941631	162.06032	0.044027373	0.9830712	1.0
SPIKE	S63:A>C	0	109583	0.0	9999.0	0.0	TRUE	A	1.4714751E-5	1.0	0.001432934	0.99867654	34.448235	0.046876147	0.89657485	1.0
SPIKE	S64:A>T	1	109583	9.125503E-6	8.197834	40.0	TRUE	A	2.4903255E-5	8.0	0.0013042936	0.9977612	61.26969	0.044598516	0.9892257	1.0
SPIKE	S64:A>G	0	109583	0.0	9999.0	0.0	TRUE	A	4.8162938E-6	12.0	0.0010307785	0.9995666	162.06032	0.044027373	0.9830712	0.0
SPIKE	S64:A>C	0	109583	0.0	9999.0	0.0	TRUE	A	1.4714751E-5	2.0	0.001432934	0.99867654	34.448235	0.046876147	0.89657485	1.0
SPIKE	S65:A>G	1	109583	9.125503E-6	14.029189	40.0	TRUE	A	6.4217247E-6	16.0	0.0010307785	0.9994222	162.06032	0.044027373	0.9830712	0.0
SPIKE	S65:A>C	0	109583	0.0	9999.0	0.0	TRUE	A	4.7414254E-5	111.0	0.001432934	0.9957418	34.448235	0.046876147	0.89657485	0.0
SPIKE	S65:A>T	0	109583	0.0	9999.0	0.0	TRUE	A	2.4903255E-5	0.0	0.0013042936	0.9977612	61.26969	0.044598516	0.9892257	1.0
SPIKE	S66:C>A	5	109583	4.5627516E-5	64.80171	40.0	TRUE	C	1.2533808E-5	32.0	0.0015355792	0.9988726	51.885334	0.042987645	0.98320705	0.0
SPIKE	S66:C>T	6	109583	5.4753018E-5	53.439095	40.0	TRUE	C	3.702733E-5	118.0	6.769895E-4	0.9966731	864.93024	0.03440945	0.97404784	0.0
SPIKE	S66:C>G	0	109583	0.0	9999.0	0.0	TRUE	C	7.337681E-5	6.0	5.9363764E-4	0.99341786	247.17209	0.03255071	0.9898521	1.0
SPIKE	S67:C>A	27	109583	2.4638858E-4	376.76663	40.0	TRUE	C	3.7209742E-5	95.0	0.0015355792	0.9966567	51.885334	0.042987645	0.98320705	0.0
SPIKE	S67:C>T	3	109583	2.7376509E-5	30.755281	40.0	TRUE	C	1.8199875E-5	58.0	6.769895E-4	0.9983634	864.93024	0.03440945	0.97404784	0.0
SPIKE	S67:C>G	0	109583	0.0	9999.0	0.0	TRUE	C	7.337681E-5	0.0	5.9363764E-4	0.99341786	247.17209	0.03255071	0.9898521	1.0
SPIKE	S68:A>G	3	109583	2.7376509E-5	18.244326	40.0	TRUE	A	5.097244E-5	127.0	0.0010307785	0.99542296	162.06032	0.044027373	0.9830712	0.0
SPIKE	S68:A>C	0	109583	0.0	9999.0	0.0	TRUE	A	1.7086219E-5	40.0	0.001432934	0.99846345	34.448235	0.046876147	0.89657485	0.0
SPIKE	S68:A>T	0	109583	0.0	9999.0	0.0	TRUE	A	2.4903255E-5	5.0	0.0013042936	0.9977612	61.26969	0.044598516	0.9892257	1.0
SPIKE	S69:G>A	2	109583	1.8251007E-5	12.136236	40.0	TRUE	G	4.423217E-5	129.0	0.0010644352	0.996027	312.60208	0.03761441	0.97603124	0.0
SPIKE	S69:G>C	0	109583	0.0	9999.0	0.0	TRUE	G	2.9559962E-5	98.0	5.249556E-4	0.9973431	241.06049	0.03307113	0.9889411	0.0
SPIKE	S69:G>T	0	109583	0.0	9999.0	0.0	TRUE	G	6.7716624E-5	2.0	6.315936E-4	0.993924	230.00981	0.032282453	0.9880739	1.0
SPIKE	S70:C>A	12	109583	1.09506036E-4	163.03943	40.0	TRUE	C	2.0322525E-5	6.0	0.0015355792	0.99817264	51.885334	0.042987645	0.98320705	1.0
SPIKE	S70:C>G	1	109583	9.125503E-6	12.071507	40.0	TRUE	C	1.00934185E-5	34.0	5.9363764E-4	0.999092	247.17209	0.03255071	0.9898521	0.0
SPIKE	S70:C>T	18	109583	1.6425905E-4	83.645775	40.0	TRUE	C	2.5542584E-4	814.0	6.769895E-4	0.9772739	864.93024	0.03440945	0.97404784	0.0
SPIKE	S71:C>A	29	109583	2.646396E-4	487.90628	40.0	TRUE	C	2.0322525E-5	6.0	0.0015355792	0.99817264	51.885334	0.042987645	0.98320705	1.0
SPIKE	S71:C>G	1	109583	9.125503E-6	8.61671	40.0	TRUE	C	2.256176E-5	76.0	5.9363764E-4	0.9979715	247.17209	0.03255071	0.9898521	0.0
SPIKE	S71:C>T	1	109583	9.125503E-6	10.92011	40.0	TRUE	C	1.3179219E-5	42.0	6.769895E-4	0.9988146	864.93024	0.03440945	0.97404784	0.0
SPIKE	S72:G>A	6	109583	5.4753018E-5	25.632256	40.0	TRUE	G	1.2206707E-4	356.0	0.0010644352	0.9890741	312.60208	0.03761441	0.97603124	0.0
SPIKE	S72:G>T	1	109583	9.125503E-6	10.710273	40.0	TRUE	G	1.3837155E-5	47.0	6.315936E-4	0.99875546	230.00981	0.032282453	0.9880739	0.0
SPIKE	S72:G>C	0	109583	0.0	9999.0	0.0	TRUE	G	8.144071E-6	27.0	5.249556E-4	0.9992673	241.06049	0.03307113	0.9889411	0.0
SPIKE	S73:T>C	1	109583	9.125503E-6	16.33888	40.0	TRUE	T	3.7705013E-6	12.0	0.0011066098	0.99966073	146.1267	0.034470048	0.98488945	0.0
SPIKE	S73:T>A	0	109583	0.0	9999.0	0.0	TRUE	T	2.917634E-5	1.0	0.001123308	0.9973776	77.66447	0.041213524	0.99300635	1.0
SPIKE	S73:T>G	0	109583	0.0	9999.0	0.0	TRUE	T	3.297552E-5	116.0	3.5131478E-4	0.9970366	476.165	0.031162297	0.98776025	0.0
SPIKE	S74:G>T	4	109583	3.6502013E-5	39.476986	40.0	TRUE	G	2.296379E-5	78.0	6.315936E-4	0.9979354	230.00981	0.032282453	0.9880739	0.0
SPIKE	S74:G>A	0	109583	0.0	9999.0	0.0	TRUE	G	6.17193E-6	18.0	0.0010644352	0.99944466	312.60208	0.03761441	0.97603124	0.0
SPIKE	S74:G>C	0	109583	0.0	9999.0	0.0	TRUE	G	7.271162E-5	0.0	5.249556E-4	0.99347734	241.06049	0.03307113	0.9889411	1.0
SPIKE	S75:G>A	5	109583	4.5627516E-5	54.32908	40.0	TRUE	G	2.0573101E-5	60.0	0.0010644352	0.9981501	312.60208	0.03761441	0.97603124	0.0
SPIKE	S75:G>C	0	109583	0.0	9999.0	0.0	TRUE	G	7.271162E-5	6.0	5.249556E-4	0.99347734	241.06049	0.03307113	0.9889411	1.0
SPIKE	S75:G>T	0	109583	0.0	9999.0	0.0	TRUE	G	3.6212128E-5	123.0	6.315936E-4	0.99674624	230.00981	0.032282453	0.9880739	0.0
SPIKE	S76:T>A	0	109583	0.0	9999.0	0.0	TRUE	T	2.917634E-5	0.0	0.001123308	0.9973776	77.66447	0.041213524	0.99300635	1.0
SPIKE	S76:T>G	0	109583	0.0	9999.0	0.0	TRUE	T	1.0518054E-5	37.0	3.5131478E-4	0.99905384	476.165	0.031162297	0.98776025	0.0
SPIKE	S76:T>C	0	109583	0.0	9999.0	0.0	TRUE	T	5.027335E-6	16.0	0.0011066098	0.99954766	146.1267	0.034470048	0.98488945	0.0
SPIKE	S77:T>C	2	109583	1.8251007E-5	33.492626	40.0	TRUE	T	3.456293E-6	11.0	0.0011066098	0.999689	146.1267	0.034470048	0.98488945	0.0
SPIKE	S77:T>A	0	109583	0.0	9999.0	0.0	TRUE	T	2.917634E-5	7.0	0.001123308	0.9973776	77.66447	0.041213524	0.99300635	1.0
SPIKE	S77:T>G	0	109583	0.0	9999.0	0.0	TRUE	T	1.3536026E-4	4.0	3.5131478E-4	0.9878915	476.165	0.031162297	0.98776025	1.0
SPIKE	S78:T>C	1	109583	9.125503E-6	12.98642	40.0	TRUE	T	8.16942E-6	26.0	0.0011066098	0.999265	146.1267	0.034470048	0.98488945	0.0
SPIKE	S78:T>A	0	109583	0.0	9999.0	0.0	TRUE	T	2.917634E-5	7.0	0.001123308	0.9973776	77.66447	0.041213524	0.99300635	1.0
SPIKE	S78:T>G	0	109583	0.0	9999.0	0.0	TRUE	T	2.5584455E-5	90.0	3.5131478E-4	0.99770004	476.165	0.031162297	0.98776025	0.0
SPIKE	S79:G>A	1	109583	9.125503E-6	10.748329	40.0	TRUE	G	1.3715401E-5	40.0	0.0010644352	0.99876636	312.60208	0.03761441	0.97603124	0.0
SPIKE	S79:G>T	2	109583	1.8251007E-5	29.813875	40.0	TRUE	G	5.299336E-6	18.0	6.315936E-4	0.99952316	230.00981	0.032282453	0.9880739	0.0
SPIKE	S79:G>C	0	109583	0.0	9999.0	0.0	TRUE	G	3.2877917E-5	109.0	5.249556E-4	0.99704534	241.06049	0.03307113	0.9889411	0.0
SPIKE	S80:C>A	12	109583	1.09506036E-4	163.03943	40.0	TRUE	C	2.0322525E-5	5.0	0.0015355792	0.99817264	51.885334	0.042987645	0.98320705	1.0
SPIKE	S80:C>T	25	109583	2.2813758E-4	39.608337	40.0	TRUE	C	8.776733E-4	2797.0	6.769895E-4	0.9240486	864.93024	0.03440945	0.97404784	0.0
SPIKE	S80:C>G	0	109583	0.0	9999.0	0.0	TRUE	C	3.443637E-5	116.0	5.9363764E-4	0.9969055	247.17209	0.03255071	0.9898521	0.0
SPIKE	S81:G>A	5	109583	4.5627516E-5	40.87979	40.0	TRUE	G	3.9431776E-5	115.0	0.0010644352	0.99645746	312.60208	0.03761441	0.97603124	0.0
SPIKE	S81:G>T	5	109583	4.5627516E-5	30.158258	40.0	TRUE	G	6.7716624E-5	5.0	6.315936E-4	0.993924	230.00981	0.032282453	0.9880739	1.0
SPIKE	S81:G>C	0	109583	0.0	9999.0	0.0	TRUE	G	4.2228517E-6	14.0	5.249556E-4	0.99962	241.06049	0.03307113	0.9889411	0.0
SPIKE	S82:G>A	3	109583	2.7376509E-5	16.973436	40.0	TRUE	G	5.6918914E-5	166.0	0.0010644352	0.9948904	312.60208	0.03761441	0.97603124	0.0
SPIKE	S82:G>T	1	109583	9.125503E-6	4.146403	40.0	TRUE	G	6.7716624E-5	6.0	6.315936E-4	0.993924	230.00981	0.032282453	0.9880739	1.0
SPIKE	S82:G>C	0	109583	0.0	9999.0	0.0	TRUE	G	2.9861594E-5	99.0	5.249556E-4	0.99731606	241.06049	0.03307113	0.9889411	0.0
SPIKE	S83:C>G	1	109583	9.125503E-6	6.6637335	40.0	TRUE	C	3.5920697E-5	121.0	5.9363764E-4	0.99677235	247.17209	0.03255071	0.9898521	0.0
SPIKE	S83:C>A	21	109583	1.9163557E-4	327.4265	40.0	TRUE	C	2.0322525E-5	8.0	0.0015355792	0.99817264	51.885334	0.042987645	0.98320705	1.0
SPIKE	S83:C>T	17	109583	1.5513354E-4	46.506596	40.0	TRUE	C	4.2455914E-4	1353.0	6.769895E-4	0.96251047	864.93024	0.03440945	0.97404784	0.0
SPIKE	S84:G>A	6	109583	5.4753018E-5	20.5914	40.0	TRUE	G	1.556698E-4	454.0	0.0010644352	0.9860874	312.60208	0.03761441	0.97603124	0.0
SPIKE	S84:G>C	0	109583	0.0	9999.0	0.0	TRUE	G	5.4293805E-6	18.0	5.249556E-4	0.9995115	241.06049	0.03307113	0.9889411	0.0
SPIKE	S84:G>T	0	109583	0.0	9999.0	0.0	TRUE	G	6.7716624E-5	2.0	6.315936E-4	0.993924	230.00981	0.032282453	0.9880739	1.0
SPIKE	S85:A>T	1	109583	9.125503E-6	6.365998	40.0	TRUE	A	3.861304E-5	95.0	0.0013042936	0.99653083	61.26969	0.044598516	0.9892257	0.0
SPIKE	S85:A>G	0	109583	0.0	9999.0	0.0	TRUE	A	1.12380185E-5	28.0	0.0010307785	0.9989891	162.06032	0.044027373	0.9830712	0.0
SPIKE	S85:A>C	0	109583	0.0	9999.0	0.0	TRUE	A	1.4714751E-5	0.0	0.001432934	0.99867654	34.448235	0.046876147	0.89657485	1.0
SPIKE	S86:T>A	0	109583	0.0	9999.0	0.0	TRUE	T	8.640448E-6	23.0	0.001123308	0.99922264	77.66447	0.041213524	0.99300635	0.0
SPIKE	S86:T>G	0	109583	0.0	9999.0	0.0	TRUE	T	1.3536026E-4	4.0	3.5131478E-4	0.9878915	476.165	0.031162297	0.98776025	1.0
SPIKE	S86:T>C	0	109583	0.0	9999.0	0.0	TRUE	T	4.08471E-6	13.0	0.0011066098	0.9996324	146.1267	0.034470048	0.98488945	0.0
SPIKE	S87:T>C	1	109583	9.125503E-6	14.827714	40.0	TRUE	T	5.341544E-6	17.0	0.0011066098	0.99951935	146.1267	0.034470048	0.98488945	0.0
SPIKE	S87:T>A	0	109583	0.0	9999.0	0.0	TRUE	T	4.883732E-6	13.0	0.001123308	0.99956053	77.66447	0.041213524	0.99300635	0.0
SPIKE	S87:T>G	0	109583	0.0	9999.0	0.0	TRUE	T	3.4112609E-6	12.0	3.5131478E-4	0.99969304	476.165	0.031162297	0.98776025	0.0
SPIKE	S88:T>A	0	109583	0.0	9999.0	0.0	TRUE	T	2.917634E-5	3.0	0.001123308	0.9973776	77.66447	0.041213524	0.99300635	1.0
SPIKE	S88:T>G	0	109583	0.0	9999.0	0.0	TRUE	T	1.3536026E-4	3.0	3.5131478E-4	0.9878915	476.165	0.031162297	0.98776025	1.0
SPIKE	S88:T>C	0	109583	0.0	9999.0	0.0	TRUE	T	3.3306096E-5	106.0	0.0011066098	0.99700695	146.1267	0.034470048	0.98488945	0.0
SPIKE	S89:A>G	2	109583	1.8251007E-5	25.065273	39.5	TRUE	A	9.231229E-6	23.0	0.0010307785	0.9991695	162.06032	0.044027373	0.9830712	0.0
SPIKE	S89:A>C	0	109583	0.0	9999.0	0.0	TRUE	A	1.4714751E-5	0.0	0.001432934	0.99867654	34.448235	0.046876147	0.89657485	1.0
SPIKE	S89:A>T	0	109583	0.0	9999.0	0.0	TRUE	A	2.4903255E-5	3.0	0.0013042936	0.9977612	61.26969	0.044598516	0.9892257	1.0
SPIKE	S90:T>A	0	109583	0.0	9999.0	0.0	TRUE	T	2.917634E-5	2.0	0.001123308	0.9973776	77.66447	0.041213524	0.99300635	1.0
SPIKE	S90:T>G	0	109583	0.0	9999.0	0.0	TRUE	T	1.3536026E-4	1.0	3.5131478E-4	0.9878915	476.165	0.031162297	0.98776025	1.0
SPIKE	S90:T>C	0	109583	0.0	9999.0	0.0	TRUE	T	4.591424E-5	4.0	0.0011066098	0.99587625	146.1267	0.034470048	0.98488945	1.0
SPIKE	S91:C>A	18	109583	1.6425905E-4	270.37045	39.77778	TRUE	C	2.0322525E-5	4.0	0.0015355792	0.99817264	51.885334	0.042987645	0.98320705	1.0
SPIKE	S91:C>T	6	109583	5.4753018E-5	30.235159	39.666668	TRUE	C	9.8844146E-5	315.0	6.769895E-4	0.99114347	864.93024	0.03440945	0.97404784	0.0
SPIKE	S91:C>G	0	109583	0.0	9999.0	0.0	TRUE	C	7.337681E-5	1.0	5.9363764E-4	0.99341786	247.17209	0.03255071	0.9898521	1.0
SPIKE	S92:G>A	4	109583	3.6502013E-5	9.728838	39.75	TRUE	G	1.6732789E-4	488.0	0.0010644352	0.9850533	312.60208	0.03761441	0.97603124	0.0
SPIKE	S92:G>T	1	109583	9.125503E-6	4.146403	37.0	TRUE	G	6.7716624E-5	5.0	6.315936E-4	0.993924	230.00981	0.032282453	0.9880739	1.0
SPIKE	S92:G>C	0	109583	0.0	9999.0	0.0	TRUE	G	7.271162E-5	6.0	5.249556E-4	0.99347734	241.06049	0.03307113	0.9889411	1.0
SPIKE	S93:T>A	0	109583	0.0	9999.0	0.0	TRUE	T	2.917634E-5	1.0	0.001123308	0.9973776	77.66447	0.041213524	0.99300635	1.0
SPIKE	S93:T>G	0	109583	0.0	9999.0	0.0	TRUE	T	1.3536026E-4	0.0	3.5131478E-4	0.9878915	476.165	0.031162297	0.98776025	1.0
SPIKE	S93:T>C	0	109583	0.0	9999.0	0.0	TRUE	T	4.591424E-5	6.0	0.0011066098	0.99587625	146.1267	0.034470048	0.98488945	1.0
SPIKE	S94:C>A	28	109583	2.5551408E-4	467.26993	39.714287	TRUE	C	2.0322525E-5	8.0	0.0015355792	0.99817264	51.885334	0.042987645	0.98320705	1.0
SPIKE	S94:C>T	4	109583	3.6502013E-5	34.003304	40.0	TRUE	C	3.2006676E-5	102.0	6.769895E-4	0.99712354	864.93024	0.03440945	0.97404784	0.0
SPIKE	S94:C>G	0	109583	0.0	9999.0	0.0	TRUE	C	7.337681E-5	0.0	5.9363764E-4	0.99341786	247.17209	0.03255071	0.9898521	1.0
SPIKE	S95:G>A	5	109583	4.5627516E-5	11.114095	38.8	TRUE	G	2.0435947E-4	596.0	0.0010644352	0.98177576	312.60208	0.03761441	0.97603124	0.0
SPIKE	S95:G>C	0	109583	0.0	9999.0	0.0	TRUE	G	7.271162E-5	0.0	5.249556E-4	0.99347734	241.06049	0.03307113	0.9889411	1.0
SPIKE	S95:G>T	0	109583	0.0	9999.0	0.0	TRUE	G	6.7716624E-5	2.0	6.315936E-4	0.993924	230.00981	0.032282453	0.9880739	1.0
SPIKE	S96:T>C	1	109583	9.125503E-6	6.938035	40.0	TRUE	T	3.3620305E-5	107.0	0.0011066098	0.99697876	146.1267	0.034470048	0.98488945	0.0
SPIKE	S96:T>A	0	109583	0.0	9999.0	0.0	TRUE	T	2.917634E-5	6.0	0.001123308	0.9973776	77.66447	0.041213524	0.99300635	1.0
SPIKE	S96:T>G	0	109583	0.0	9999.0	0.0	TRUE	T	1.3536026E-4	1.0	3.5131478E-4	0.9878915	476.165	0.031162297	0.98776025	1.0
SPIKE	S97:C>T	4	109583	3.6502013E-5	30.451157	39.75	TRUE	C	3.985145E-5	127.0	6.769895E-4	0.9964198	864.93024	0.03440945	0.97404784	0.0
SPIKE	S97:C>A	24	109583	2.1901207E-4	386.30652	39.375	TRUE	C	2.0322525E-5	1.0	0.0015355792	0.99817264	51.885334	0.042987645	0.98320705	1.0
SPIKE	S97:C>G	0	109583	0.0	9999.0	0.0	TRUE	C	7.337681E-5	3.0	5.9363764E-4	0.99341786	247.17209	0.03255071	0.9898521	1.0
SPIKE	S98:A>G	2	109583	1.8251007E-5	26.695171	38.0	TRUE	A	7.625798E-6	19.0	0.0010307785	0.9993139	162.06032	0.044027373	0.9830712	0.0
SPIKE	S98:A>C	0	109583	0.0	9999.0	0.0	TRUE	A	1.4714751E-5	0.0	0.001432934	0.99867654	34.448235	0.046876147	0.89657485	1.0
SPIKE	S98:A>T	0	109583	0.0	9999.0	0.0	TRUE	A	2.4903255E-5	4.0	0.0013042936	0.9977612	61.26969	0.044598516	0.9892257	1.0
SPIKE	S99:T>A	0	109583	0.0	9999.0	0.0	TRUE	T	2.917634E-5	2.0	0.001123308	0.9973776	77.66447	0.041213524	0.99300635	1.0
SPIKE	S99:T>G	0	109583	0.0	9999.0	0.0	TRUE	T	1.3536026E-4	1.0	3.5131478E-4	0.9878915	476.165	0.031162297	0.98776025	1.0
SPIKE	S99:T>C	0	109583	0.0	9999.0	0.0	TRUE	T	1.1625712E-5	37.0	0.0011066098	0.99895424	146.1267	0.034470048	0.98488945	0.0
SPIKE	S100:C>T	12	109583	1.09506036E-4	59.35448	39.583332	TRUE	C	1.6850574E-4	537.0	6.769895E-4	0.9849489	864.93024	0.03440945	0.97404784	0.0
SPIKE	S100:C>A	14	109583	1.2775704E-4	197.66365	39.92857	TRUE	C	2.0322525E-5	8.0	0.0015355792	0.99817264	51.885334	0.042987645	0.98320705	1.0
SPIKE	S100:C>G	0	109583	0.0	9999.0	0.0	TRUE	C	7.337681E-5	0.0	5.9363764E-4	0.99341786	247.17209	0.03255071	0.9898521	1.0
SPIKE	S101:G>T	3	109583	2.7376509E-5	15.014346	39.666668	TRUE	G	6.7716624E-5	1.0	6.315936E-4	0.993924	230.00981	0.032282453	0.9880739	1.0
SPIKE	S101:G>A	5	109583	4.5627516E-5	21.649443	39.4	TRUE	G	1.0698013E-4	312.0	0.0010644352	0.990418	312.60208	0.03761441	0.97603124	0.0
SPIKE	S101:G>C	0	109583	0.0	9999.0	0.0	TRUE	G	7.271162E-5	2.0	5.249556E-4	0.99347734	241.06049	0.03307113	0.9889411	1.0
SPIKE	S102:T>C	2	109583	1.8251007E-5	33.492626	39.5	TRUE	T	3.456293E-6	11.0	0.0011066098	0.999689	146.1267	0.034470048	0.98488945	0.0
SPIKE	S102:T>A	0	109583	0.0	9999.0	0.0	TRUE	T	2.917634E-5	0.0	0.001123308	0.9973776	77.66447	0.041213524	0.99300635	1.0
SPIKE	S102:T>G	0	109583	0.0	9999.0	0.0	TRUE	T	1.3536026E-4	1.0	3.5131478E-4	0.9878915	476.165	0.031162297	0.98776025	1.0
SPIKE	S103:G>C	1	109583	9.125503E-6	3.8819053	39.0	TRUE	G	7.271162E-5	0.0	5.249556E-4	0.99347734	241.06049	0.03307113	0.9889411	1.0
SPIKE	S103:G>A	2	109583	1.8251007E-5	19.836283	39.5	TRUE	G	1.7144252E-5	50.0	0.0010644352	0.9984582	312.60208	0.03761441	0.97603124	0.0
SPIKE	S103:G>T	0	109583	0.0	9999.0	0.0	TRUE	G	3.5328908E-6	12.0	6.315936E-4	0.99968207	230.00981	0.032282453	0.9880739	0.0
SPIKE	S104:G>T	2	109583	1.8251007E-5	8.922281	39.0	TRUE	G	6.7716624E-5	5.0	6.315936E-4	0.993924	230.00981	0.032282453	0.9880739	1.0
SPIKE	S104:G>A	4	109583	3.6502013E-5	39.720207	39.5	TRUE	G	2.2630411E-5	66.0	0.0010644352	0.99796534	312.60208	0.03761441	0.97603124	0.0
SPIKE	S104:G>C	0	109583	0.0	9999.0	0.0	TRUE	G	7.271162E-5	0.0	5.249556E-4	0.99347734	241.06049	0.03307113	0.9889411	1.0
SPIKE	S105:C>T	19	109583	1.7338456E-4	92.21823	33.0	TRUE	C	2.529155E-4	806.0	6.769895E-4	0.9774947	864.93024	0.03440945	0.97404784	0.0
SPIKE	S105:C>A	17	109583	1.5513354E-4	251.8058	39.764706	TRUE	C	2.0322525E-5	4.0	0.0015355792	0.99817264	51.885334	0.042987645	0.98320705	1.0
SPIKE	S105:C>G	1	109583	9.125503E-6	16.962973	39.0	TRUE	C	3.265518E-6	11.0	5.9363764E-4	0.99970615	247.17209	0.03255071	0.9898521	0.0
SPIKE	S106:G>T	1	109583	9.125503E-6	15.653029	35.0	TRUE	G	4.4161134E-6	15.0	6.315936E-4	0.9996026	230.00981	0.032282453	0.9880739	0.0
SPIKE	S106:G>A	1	109583	9.125503E-6	3.2349772	39.0	TRUE	G	8.70928E-5	254.0	0.0010644352	0.99219227	312.60208	0.03761441	0.97603124	0.0
SPIKE	S106:G>C	0	109583	0.0	9999.0	0.0	TRUE	G	7.271162E-5	0.0	5.249556E-4	0.99347734	241.06049	0.03307113	0.9889411	1.0
SPIKE	S107:G>A	8	109583	7.300403E-5	9.512704	39.5	TRUE	G	4.1591952E-4	1213.0	0.0010644352	0.96325916	312.60208	0.03761441	0.97603124	0.0
SPIKE	S107:G>C	0	109583	0.0	9999.0	0.0	TRUE	G	7.271162E-5	2.0	5.249556E-4	0.99347734	241.06049	0.03307113	0.9889411	1.0
SPIKE	S107:G>T	0	109583	0.0	9999.0	0.0	TRUE	G	6.7716624E-5	4.0	6.315936E-4	0.993924	230.00981	0.032282453	0.9880739	1.0
SPIKE	S108:C>T	14	109583	1.2775704E-4	48.36897	39.42857	TRUE	C	2.9025663E-4	925.0	6.769895E-4	0.97421515	864.93024	0.03440945	0.97404784	0.0
SPIKE	S108:C>A	21	109583	1.9163557E-4	327.4265	39.61905	TRUE	C	2.0322525E-5	3.0	0.0015355792	0.99817264	51.885334	0.042987645	0.98320705	1.0
SPIKE	S108:C>G	0	109583	0.0	9999.0	0.0	TRUE	C	7.337681E-5	2.0	5.9363764E-4	0.99341786	247.17209	0.03255071	0.9898521	1.0
SPIKE	S109:A>T	1	109583	9.125503E-6	8.197834	40.0	TRUE	A	2.4903255E-5	6.0	0.0013042936	0.9977612	61.26969	0.044598516	0.9892257	1.0
SPIKE	S109:A>G	1	109583	9.125503E-6	8.632894	39.0	TRUE	A	2.2476037E-5	56.0	0.0010307785	0.9979792	162.06032	0.044027373	0.9830712	0.0
SPIKE	S109:A>C	0	109583	0.0	9999.0	0.0	TRUE	A	1.4714751E-5	0.0	0.001432934	0.99867654	34.448235	0.046876147	0.89657485	1.0
SPIKE	S110:G>T	1	109583	9.125503E-6	4.146403	39.0	TRUE	G	6.7716624E-5	7.0	6.315936E-4	0.993924	230.00981	0.032282453	0.9880739	1.0
SPIKE	S110:G>A	0	109583	0.0	9999.0	0.0	TRUE	G	3.7031583E-5	108.0	0.0010644352	0.9966727	312.60208	0.03761441	0.97603124	0.0
SPIKE	S110:G>C	0	109583	0.0	9999.0	0.0	TRUE	G	7.271162E-5	2.0	5.249556E-4	0.99347734	241.06049	0.03307113	0.9889411	1.0
SPIKE	S111:C>T	21	109583	1.9163557E-4	66.99908	39.0	TRUE	C	4.4181765E-4	1408.0	6.769895E-4	0.9610166	864.93024	0.03440945	0.97404784	0.0
SPIKE	S111:C>A	20	109583	1.8251006E-4	308.1923	39.75	TRUE	C	2.0322525E-5	4.0	0.0015355792	0.99817264	51.885334	0.042987645	0.98320705	1.0
SPIKE	S111:C>G	0	109583	0.0	9999.0	0.0	TRUE	C	7.337681E-5	5.0	5.9363764E-4	0.99341786	247.17209	0.03255071	0.9898521	1.0
SPIKE	S112:G>T	1	109581	9.12567E-6	4.1464715	40.0	TRUE	G	6.7716624E-5	0.0	6.315936E-4	0.993924	230.00562	0.032282453	0.9880739	1.0
SPIKE	S112:G>A	6	109581	5.475402E-5	3.2822044	38.333332	TRUE	G	4.8450538E-4	1413.0	0.0010644352	0.95733154	312.59637	0.03761441	0.97603124	0.0
SPIKE	S112:G>C	0	109581	0.0	9999.0	0.0	TRUE	G	7.271162E-5	9.0	5.249556E-4	0.99347734	241.05609	0.03307113	0.9889411	1.0
SPIKE	S113:T>A	0	109581	0.0	9999.0	0.0	TRUE	T	2.917634E-5	0.0	0.001123308	0.9973776	77.66305	0.041213524	0.99300635	1.0
SPIKE	S113:T>G	0	109581	0.0	9999.0	0.0	TRUE	T	1.3536026E-4	4.0	3.5131478E-4	0.9878915	476.15634	0.031162297	0.98776025	1.0
SPIKE	S113:T>C	0	109581	0.0	9999.0	0.0	TRUE	T	1.3825424E-5	44.0	0.0011066098	0.99875647	146.12402	0.034470048	0.98488945	0.0
SPIKE	S114:G>T	1	109581	9.12567E-6	4.1464715	39.0	TRUE	G	6.7716624E-5	4.0	6.315936E-4	0.993924	230.00562	0.032282453	0.9880739	1.0
SPIKE	S114:G>A	5	109581	4.562835E-5	70.485535	40.0	TRUE	G	9.600955E-6	28.0	0.0010644352	0.99913627	312.59637	0.03761441	0.97603124	0.0
SPIKE	S114:G>C	0	109581	0.0	9999.0	0.0	TRUE	G	7.271162E-5	0.0	5.249556E-4	0.99347734	241.05609	0.03307113	0.9889411	1.0
SPIKE	S115:A>G	3	109581	2.737701E-5	18.904415	39.666668	TRUE	A	4.8163816E-5	120.0	0.0010307785	0.9956746	162.05736	0.044027373	0.9830712	0.0
SPIKE	S115:A>C	0	109581	0.0	9999.0	0.0	TRUE	A	1.4714751E-5	0.0	0.001432934	0.99867654	34.447605	0.046876147	0.89657485	1.0
SPIKE	S115:A>T	0	109581	0.0	9999.0	0.0	TRUE	A	2.4903255E-5	0.0	0.0013042936	0.9977612	61.26857	0.044598516	0.9892257	1.0
SPIKE	S116:C>T	3	109581	2.737701E-5	43.07873	39.666668	TRUE	C	6.903527E-6	22.0	6.769895E-4	0.99937886	864.9145	0.03440945	0.97404784	0.0
SPIKE	S116:C>A	4	109581	3.650268E-5	41.5142	39.5	TRUE	C	2.0322525E-5	3.0	0.0015355792	0.99817264	51.884384	0.042987645	0.98320705	1.0
SPIKE	S116:C>G	0	109581	0.0	9999.0	0.0	TRUE	C	7.337681E-5	1.0	5.9363764E-4	0.99341786	247.16759	0.03255071	0.9898521	1.0
SPIKE	S117:C>T	2	109581	1.825134E-5	21.847626	40.0	TRUE	C	1.3493257E-5	43.0	6.769895E-4	0.99878633	864.9145	0.03440945	0.97404784	0.0
SPIKE	S117:C>A	26	109581	2.372674E-4	238.2518	39.73077	TRUE	C	1.12414644E-4	287.0	0.0015355792	0.98993367	51.884384	0.042987645	0.98320705	0.0
SPIKE	S117:C>G	0	109581	0.0	9999.0	0.0	TRUE	C	7.337681E-5	0.0	5.9363764E-4	0.99341786	247.16759	0.03255071	0.9898521	1.0
SPIKE	S118:T>A	0	109581	0.0	9999.0	0.0	TRUE	T	3.230835E-5	86.0	0.001123308	0.9970965	77.66305	0.041213524	0.99300635	0.0
SPIKE	S118:T>G	0	109581	0.0	9999.0	0.0	TRUE	T	6.822646E-6	24.0	3.5131478E-4	0.99938613	476.15634	0.031162297	0.98776025	0.0
SPIKE	S118:T>C	0	109581	0.0	9999.0	0.0	TRUE	T	1.06204396E-4	338.0	0.0011066098	0.99048716	146.12402	0.034470048	0.98488945	0.0
SPIKE	S119:A>G	2	109581	1.825134E-5	22.80958	39.0	TRUE	A	1.2040954E-5	30.0	0.0010307785	0.9989169	162.05736	0.044027373	0.9830712	0.0
SPIKE	S119:A>C	0	109581	0.0	9999.0	0.0	TRUE	A	1.4714751E-5	1.0	0.001432934	0.99867654	34.447605	0.046876147	0.89657485	1.0
SPIKE	S119:A>T	0	109581	0.0	9999.0	0.0	TRUE	A	2.4903255E-5	7.0	0.0013042936	0.9977612	61.26857	0.044598516	0.9892257	1.0
SPIKE	S120:T>A	0	109581	0.0	9999.0	0.0	TRUE	T	2.917634E-5	7.0	0.001123308	0.9973776	77.66305	0.041213524	0.99300635	1.0
SPIKE	S120:T>G	0	109581	0.0	9999.0	0.0	TRUE	T	1.3536026E-4	2.0	3.5131478E-4	0.9878915	476.15634	0.031162297	0.98776025	1.0
SPIKE	S120:T>C	0	109581	0.0	9999.0	0.0	TRUE	T	5.9700697E-6	19.0	0.0011066098	0.99946284	146.12402	0.034470048	0.98488945	0.0
SPIKE	S121:G>A	3	109581	2.737701E-5	37.974007	40.0	TRUE	G	1.0286738E-5	30.0	0.0010644352	0.99907464	312.59637	0.03761441	0.97603124	0.0
SPIKE	S121:G>C	0	109581	0.0	9999.0	0.0	TRUE	G	7.271162E-5	1.0	5.249556E-4	0.99347734	241.05609	0.03307113	0.9889411	1.0
SPIKE	S121:G>T	0	109581	0.0	9999.0	0.0	TRUE	G	6.7716624E-5	9.0	6.315936E-4	0.993924	230.00562	0.032282453	0.9880739	1.0
SPIKE	S122:T>A	0	109581	0.0	9999.0	0.0	TRUE	T	2.917634E-5	4.0	0.001123308	0.9973776	77.66305	0.041213524	0.99300635	1.0
SPIKE	S122:T>G	0	109581	0.0	9999.0	0.0	TRUE	T	1.3536026E-4	4.0	3.5131478E-4	0.9878915	476.15634	0.031162297	0.98776025	1.0
SPIKE	S122:T>C	0	109581	0.0	9999.0	0.0	TRUE	T	4.7132125E-6	15.0	0.0011066098	0.9995759	146.12402	0.034470048	0.98488945	0.0
SPIKE	S123:G>T	3	109581	2.737701E-5	15.014549	40.0	TRUE	G	6.7716624E-5	5.0	6.315936E-4	0.993924	230.00562	0.032282453	0.9880739	1.0
SPIKE	S123:G>A	7	109581	6.3879685E-5	84.08668	39.857143	TRUE	G	1.9544803E-5	57.0	0.0010644352	0.9982425	312.59637	0.03761441	0.97603124	0.0
SPIKE	S123:G>C	0	109581	0.0	9999.0	0.0	TRUE	G	7.271162E-5	1.0	5.249556E-4	0.99347734	241.05609	0.03307113	0.9889411	1.0
SPIKE	S124:T>C	1	109581	9.12567E-6	11.124685	39.0	TRUE	T	1.2568567E-5	40.0	0.0011066098	0.9988695	146.12402	0.034470048	0.98488945	0.0
SPIKE	S124:T>A	1	109581	9.12567E-6	7.530312	40.0	TRUE	T	2.917634E-5	4.0	0.001123308	0.9973776	77.66305	0.041213524	0.99300635	1.0
SPIKE	S124:T>G	0	109581	0.0	9999.0	0.0	TRUE	T	5.1169845E-6	18.0	3.5131478E-4	0.99953955	476.15634	0.031162297	0.98776025	0.0
SPIKE	S125:G>A	1	109581	9.12567E-6	9.539742	40.0	TRUE	G	1.8173238E-5	53.0	0.0010644352	0.99836576	312.59637	0.03761441	0.97603124	0.0
SPIKE	S125:G>C	0	109581	0.0	9999.0	0.0	TRUE	G	7.271162E-5	3.0	5.249556E-4	0.99347734	241.05609	0.03307113	0.9889411	1.0
SPIKE	S125:G>T	0	109581	0.0	9999.0	0.0	TRUE	G	6.7716624E-5	2.0	6.315936E-4	0.993924	230.00562	0.032282453	0.9880739	1.0
SPIKE	S126:C>T	31	109581	2.8289575E-4	109.651825	34.032257	TRUE	C	5.626374E-4	1793.0	6.769895E-4	0.95062333	864.9145	0.03440945	0.97404784	0.0
SPIKE	S126:C>G	1	109581	9.12567E-6	9.283187	40.0	TRUE	C	1.9296594E-5	65.0	5.9363764E-4	0.9982648	247.16759	0.03255071	0.9898521	0.0
SPIKE	S126:C>A	15	109581	1.3688505E-4	215.43755	39.733334	TRUE	C	2.0322525E-5	6.0	0.0015355792	0.99817264	51.884384	0.042987645	0.98320705	1.0
SPIKE	S127:G>T	2	109581	1.825134E-5	28.491058	35.5	TRUE	G	6.1826718E-6	21.0	6.315936E-4	0.9994437	230.00562	0.032282453	0.9880739	0.0
SPIKE	S127:G>A	1	109581	9.12567E-6	4.434732	40.0	TRUE	G	6.27491E-5	183.0	0.0010644352	0.9943685	312.59637	0.03761441	0.97603124	0.0
SPIKE	S127:G>C	0	109581	0.0	9999.0	0.0	TRUE	G	7.271162E-5	0.0	5.249556E-4	0.99347734	241.05609	0.03307113	0.9889411	1.0
SPIKE	S128:G>A	1	109581	9.12567E-6	5.781052	40.0	TRUE	G	4.4575867E-5	130.0	0.0010644352	0.99599624	312.59637	0.03761441	0.97603124	0.0
SPIKE	S128:G>C	0	109581	0.0	9999.0	0.0	TRUE	G	7.271162E-5	4.0	5.249556E-4	0.99347734	241.05609	0.03307113	0.9889411	1.0
SPIKE	S128:G>T	0	109581	0.0	9999.0	0.0	TRUE	G	6.7716624E-5	2.0	6.315936E-4	0.993924	230.00562	0.032282453	0.9880739	1.0
SPIKE	S129:C>A	16	109581	1.4601072E-4	233.49068	39.6875	TRUE	C	2.0322525E-5	5.0	0.0015355792	0.99817264	51.884384	0.042987645	0.98320705	1.0
SPIKE	S129:C>T	18	109581	1.6426205E-4	86.1307	34.333332	TRUE	C	2.460166E-4	784.0	6.769895E-4	0.97810185	864.9145	0.03440945	0.97404784	0.0
SPIKE	S129:C>G	0	109581	0.0	9999.0	0.0	TRUE	C	3.859319E-6	13.0	5.9363764E-4	0.99965274	247.16759	0.03255071	0.9898521	0.0
SPIKE	S130:G>A	8	109581	7.300536E-5	51.22871	39.875	TRUE	G	8.435125E-5	246.0	0.0010644352	0.9924371	312.59637	0.03761441	0.97603124	0.0
SPIKE	S130:G>T	1	109581	9.12567E-6	4.1464715	33.0	TRUE	G	6.7716624E-5	5.0	6.315936E-4	0.993924	230.00562	0.032282453	0.9880739	1.0
SPIKE	S130:G>C	0	109581	0.0	9999.0	0.0	TRUE	G	7.271162E-5	0.0	5.249556E-4	0.99347734	241.05609	0.03307113	0.9889411	1.0
SPIKE	S131:G>A	6	109581	5.475402E-5	0.66240495	38.0	TRUE	G	7.5230346E-4	2194.0	0.0010644352	0.93453395	312.59637	0.03761441	0.97603124	0.0
SPIKE	S131:G>T	1	109581	9.12567E-6	4.1464715	40.0	TRUE	G	6.7716624E-5	4.0	6.315936E-4	0.993924	230.00562	0.032282453	0.9880739	1.0
SPIKE	S131:G>C	0	109581	0.0	9999.0	0.0	TRUE	G	1.1462235E-5	38.0	5.249556E-4	0.99896896	241.05609	0.03307113	0.9889411	0.0
SPIKE	S132:C>A	17	109581	1.5513638E-4	251.80713	39.64706	TRUE	C	2.0322525E-5	6.0	0.0015355792	0.99817264	51.884384	0.042987645	0.98320705	1.0
SPIKE	S132:C>T	12	109581	1.0950804E-4	46.67229	39.5	TRUE	C	2.259336E-4	720.0	6.769895E-4	0.97987133	864.9145	0.03440945	0.97404784	0.0
SPIKE	S132:C>G	0	109581	0.0	9999.0	0.0	TRUE	C	7.337681E-5	0.0	5.9363764E-4	0.99341786	247.16759	0.03255071	0.9898521	1.0
SPIKE	S133:A>G	0	109581	0.0	9999.0	0.0	TRUE	A	1.886416E-5	47.0	0.0010307785	0.99830365	162.05736	0.044027373	0.9830712	0.0
SPIKE	S133:A>C	0	109581	0.0	9999.0	0.0	TRUE	A	5.125959E-6	12.0	0.001432934	0.9995388	34.447605	0.046876147	0.89657485	0.0
SPIKE	S133:A>T	0	109581	0.0	9999.0	0.0	TRUE	A	2.4903255E-5	7.0	0.0013042936	0.9977612	61.26857	0.044598516	0.9892257	1.0
SPIKE	S134:G>A	1	109581	9.12567E-6	1.9351869	40.0	TRUE	G	1.3098447E-4	382.0	0.0010644352	0.9882806	312.59637	0.03761441	0.97603124	0.0
SPIKE	S134:G>C	0	109581	0.0	9999.0	0.0	TRUE	G	4.2229285E-6	14.0	5.249556E-4	0.99962	241.05609	0.03307113	0.9889411	0.0
SPIKE	S134:G>T	0	109581	0.0	9999.0	0.0	TRUE	G	3.827368E-6	13.0	6.315936E-4	0.9996556	230.00562	0.032282453	0.9880739	0.0
SPIKE	S135:C>A	1	109581	9.12567E-6	1.3954499	35.0	TRUE	C	1.6059235E-4	410.0	0.0015355792	0.98565066	51.884384	0.042987645	0.98320705	0.0
SPIKE	S135:C>G	0	109581	0.0	9999.0	0.0	TRUE	C	3.5624482E-6	12.0	5.9363764E-4	0.99967945	247.16759	0.03255071	0.9898521	0.0
SPIKE	S135:C>T	0	109581	0.0	9999.0	0.0	TRUE	C	9.2789676E-4	2957.0	6.769895E-4	0.9198812	864.9145	0.03440945	0.97404784	0.0
SPIKE	S136:C>A	0	109581	0.0	9999.0	0.0	TRUE	C	1.07714375E-4	275.0	0.0015355792	0.9903526	51.884384	0.042987645	0.98320705	0.0
SPIKE	S136:C>G	0	109581	0.0	9999.0	0.0	TRUE	C	3.5624482E-6	12.0	5.9363764E-4	0.99967945	247.16759	0.03255071	0.9898521	0.0
SPIKE	S136:C>T	0	109581	0.0	9999.0	0.0	TRUE	C	4.967401E-4	1583.0	6.769895E-4	0.956278	864.9145	0.03440945	0.97404784	0.0
SPIKE	I137:>T	1	109581	9.12567E-6	9999.0	39.856937	TRUE		NaN	NaN	NaN	NaN	NaN	NaN	NaN	NaN
SPIKE	D137-138:T>	1	109581	9.12567E-6	9999.0	39.856937	TRUE		NaN	NaN	NaN	NaN	NaN	NaN	NaN	NaN
SPIKE	S137:T>A	0	109581	0.0	9999.0	0.0	TRUE	T	7.1378918E-6	19.0	0.001123308	0.9993578	77.66305	0.041213524	0.99300635	0.0
SPIKE	S137:T>G	0	109581	0.0	9999.0	0.0	TRUE	T	1.009183E-4	355.0	3.5131478E-4	0.99095845	476.15634	0.031162297	0.98776025	0.0
SPIKE	S137:T>C	0	109581	0.0	9999.0	0.0	TRUE	T	1.9418437E-4	618.0	0.0011066098	0.98267525	146.12402	0.034470048	0.98488945	0.0
SPIKE	I138:>CT	1	109581	9.12567E-6	9999.0	39.866848	TRUE		NaN	NaN	NaN	NaN	NaN	NaN	NaN	NaN
SPIKE	S138:G>A	0	109581	0.0	9999.0	0.0	TRUE	G	1.6493071E-4	481.0	0.0010644352	0.98526585	312.59637	0.03761441	0.97603124	0.0
SPIKE	S138:G>C	0	109581	0.0	9999.0	0.0	TRUE	G	3.3180154E-6	11.0	5.249556E-4	0.99970144	241.05609	0.03307113	0.9889411	0.0
SPIKE	S138:G>T	0	109581	0.0	9999.0	0.0	TRUE	G	5.5938457E-5	190.0	6.315936E-4	0.9949782	230.00562	0.032282453	0.9880739	0.0
SPIKE	S139:A>G	0	109581	0.0	9999.0	0.0	TRUE	A	1.1639589E-4	290.0	0.0010307785	0.989579	162.05736	0.044027373	0.9830712	0.0
SPIKE	S139:A>C	0	109581	0.0	9999.0	0.0	TRUE	A	1.4714751E-5	4.0	0.001432934	0.99867654	34.447605	0.046876147	0.89657485	1.0
SPIKE	S139:A>T	0	109581	0.0	9999.0	0.0	TRUE	A	1.841266E-4	453.0	0.0013042936	0.98356515	61.26857	0.044598516	0.9892257	0.0
SPIKE	S140:T>A	0	109581	0.0	9999.0	0.0	TRUE	T	1.2284688E-4	327.0	0.001123308	0.9890047	77.66305	0.041213524	0.99300635	0.0
SPIKE	S140:T>G	0	109581	0.0	9999.0	0.0	TRUE	T	3.3544675E-5	118.0	3.5131478E-4	0.99698555	476.15634	0.031162297	0.98776025	0.0
SPIKE	S140:T>C	0	109581	0.0	9999.0	0.0	TRUE	T	2.8593491E-5	91.0	0.0011066098	0.9974299	146.12402	0.034470048	0.98488945	0.0
SPIKE	I141:>CTGAT	1	109581	9.12567E-6	9999.0	39.858013	TRUE		NaN	NaN	NaN	NaN	NaN	NaN	NaN	NaN
SPIKE	S141:T>A	0	109581	0.0	9999.0	0.0	TRUE	T	5.7929626E-4	1542.0	0.001123308	0.94919914	77.66305	0.041213524	0.99300635	0.0
SPIKE	S141:T>G	0	109581	0.0	9999.0	0.0	TRUE	T	5.2875508E-5	186.0	3.5131478E-4	0.9952525	476.15634	0.031162297	0.98776025	0.0
SPIKE	S141:T>C	0	109581	0.0	9999.0	0.0	TRUE	T	3.5191988E-5	112.0	0.0011066098	0.99683774	146.12402	0.034470048	0.98488945	0.0
SPIKE	S142:A>G	0	109581	0.0	9999.0	0.0	TRUE	A	8.7417325E-4	2178.0	0.0010307785	0.9243397	162.05736	0.044027373	0.9830712	0.0
SPIKE	S142:A>C	0	109581	0.0	9999.0	0.0	TRUE	A	5.553122E-5	130.0	0.001432934	0.99501467	34.447605	0.046876147	0.89657485	0.0
SPIKE	S142:A>T	0	109581	0.0	9999.0	0.0	TRUE	A	2.5972826E-4	639.0	0.0013042936	0.9768956	61.26857	0.044598516	0.9892257	0.0
SPIKE	S143:G>A	0	109581	0.0	9999.0	0.0	TRUE	G	2.7191278E-4	793.0	0.0010644352	0.9758249	312.59637	0.03761441	0.97603124	0.0
SPIKE	S143:G>C	0	109581	0.0	9999.0	0.0	TRUE	G	8.340284E-4	2765.0	5.249556E-4	0.92768544	241.05609	0.03307113	0.9889411	0.0
SPIKE	S143:G>T	0	109581	0.0	9999.0	0.0	TRUE	G	1.1482104E-5	39.0	6.315936E-4	0.9989672	230.00562	0.032282453	0.9880739	0.0
SPIKE	S144:C>A	0	109581	0.0	9999.0	0.0	TRUE	C	3.133509E-5	80.0	0.0015355792	0.9971838	51.884384	0.042987645	0.98320705	0.0
SPIKE	S144:C>G	0	109581	0.0	9999.0	0.0	TRUE	C	2.654024E-4	894.0	5.9363764E-4	0.9763968	247.16759	0.03255071	0.9898521	0.0
SPIKE	S144:C>T	0	109581	0.0	9999.0	0.0	TRUE	C	2.9685165E-4	946.0	6.769895E-4	0.9736371	864.9145	0.03440945	0.97404784	0.0
SPIKE	S145:C>A	0	109581	0.0	9999.0	0.0	TRUE	C	3.0551713E-5	78.0	0.0015355792	0.99725413	51.884384	0.042987645	0.98320705	0.0
SPIKE	S145:C>G	0	109581	0.0	9999.0	0.0	TRUE	C	9.677984E-5	326.0	5.9363764E-4	0.99132764	247.16759	0.03255071	0.9898521	0.0
SPIKE	S145:C>T	0	109581	0.0	9999.0	0.0	TRUE	C	2.2436462E-4	715.0	6.769895E-4	0.9800097	864.9145	0.03440945	0.97404784	0.0
SPIKE	S146:C>A	0	109580	0.0	9999.0	0.0	TRUE	C	2.5851687E-5	66.0	0.0015355792	0.9976761	51.88391	0.042987645	0.98320705	0.0
SPIKE	S146:C>G	0	109580	0.0	9999.0	0.0	TRUE	C	0.0010838847	3651.0	5.9363764E-4	0.90705734	247.16533	0.03255071	0.9898521	0.0
SPIKE	S146:C>T	0	109580	0.0	9999.0	0.0	TRUE	C	1.8168993E-4	579.0	6.769895E-4	0.98378086	864.90656	0.03440945	0.97404784	0.0
SPIKE	S147:G>A	0	109580	0.0	9999.0	0.0	TRUE	G	9.0524125E-5	264.0	0.0010644352	0.9918859	312.59354	0.03761441	0.97603124	0.0
SPIKE	S147:G>C	0	109580	0.0	9999.0	0.0	TRUE	G	4.3798203E-4	1452.0	5.249556E-4	0.9613484	241.05388	0.03307113	0.9889411	0.0
SPIKE	S147:G>T	0	109580	0.0	9999.0	0.0	TRUE	G	0.0012182918	4138.0	6.315936E-4	0.89615107	230.00351	0.032282453	0.9880739	0.0
SPIKE	S148:T>A	0	109580	0.0	9999.0	0.0	TRUE	T	2.917634E-5	7.0	0.001123308	0.9973776	77.662346	0.041213524	0.99300635	1.0
SPIKE	S148:T>G	0	109580	0.0	9999.0	0.0	TRUE	T	0.002037147	7166.0	3.5131478E-4	0.8324824	476.15198	0.031162297	0.98776025	0.0
SPIKE	S148:T>C	0	109580	0.0	9999.0	0.0	TRUE	T	1.3731285E-4	437.0	0.0011066098	0.98771787	146.1227	0.034470048	0.98488945	0.0
SPIKE	S149:G>A	0	109580	0.0	9999.0	0.0	TRUE	G	2.4791266E-4	723.0	0.0010644352	0.97793496	312.59354	0.03761441	0.97603124	0.0
SPIKE	S149:G>C	0	109580	0.0	9999.0	0.0	TRUE	G	0.0014997567	4972.0	5.249556E-4	0.8737351	241.05388	0.03307113	0.9889411	0.0
SPIKE	S149:G>T	0	109580	0.0	9999.0	0.0	TRUE	G	6.259276E-4	2126.0	6.315936E-4	0.94522387	230.00351	0.032282453	0.9880739	0.0
SPIKE	S150:C>A	0	109578	0.0	9999.0	0.0	TRUE	C	3.3686145E-5	86.0	0.0015355792	0.99697286	51.882965	0.042987645	0.98320705	0.0
SPIKE	S150:C>G	0	109578	0.0	9999.0	0.0	TRUE	C	7.9652586E-4	2683.0	5.9363764E-4	0.9308219	247.16081	0.03255071	0.9898521	0.0
SPIKE	S150:C>T	0	109578	0.0	9999.0	0.0	TRUE	C	0.0020573074	6556.0	6.769895E-4	0.83097327	864.8908	0.03440945	0.97404784	0.0
SPIKE	S151:T>A	0	109576	0.0	9999.0	0.0	TRUE	T	2.917634E-5	5.0	0.001123308	0.9973776	77.65951	0.041213524	0.99300635	1.0
SPIKE	S151:T>G	0	109576	0.0	9999.0	0.0	TRUE	T	0.002004528	7051.0	3.5131478E-4	0.8349299	476.1346	0.031162297	0.98776025	0.0
SPIKE	S151:T>C	0	109576	0.0	9999.0	0.0	TRUE	T	6.799905E-4	2164.0	0.0011066098	0.9406359	146.11736	0.034470048	0.98488945	0.0
SPIKE	S152:G>A	0	109561	0.0	9999.0	0.0	TRUE	G	4.0125604E-5	117.0	0.0010644352	0.99639523	312.53934	0.03761441	0.97603124	0.0
SPIKE	S152:G>C	0	109561	0.0	9999.0	0.0	TRUE	G	1.2067713E-5	40.0	5.249556E-4	0.9989145	241.01208	0.03307113	0.9889411	0.0
SPIKE	S152:G>T	0	109561	0.0	9999.0	0.0	TRUE	G	6.4488203E-4	2190.0	6.315936E-4	0.9436128	229.96364	0.032282453	0.9880739	0.0
SPIKE	S153:G>A	0	109390	0.0	9999.0	0.0	TRUE	G	1.2365639E-5	36.0	0.0010644352	0.9988877	312.0515	0.03761441	0.97603124	0.0
SPIKE	S153:G>C	0	109390	0.0	9999.0	0.0	TRUE	G	1.0273591E-5	34.0	5.249556E-4	0.99907583	240.63593	0.03307113	0.9889411	0.0
SPIKE	S153:G>T	0	109390	0.0	9999.0	0.0	TRUE	G	9.732591E-6	33.0	6.315936E-4	0.99912447	229.6047	0.032282453	0.9880739	0.0
