#pipeline_block
reference	mutation	count	coverage	freq	score	cqs	has.reference	ancestral.allele	error.rate	minor.count.local	minor.fdr	minor.recall	minor.count.global	read.fraction.in.minors	q.filtered.read.fraction	global.est
SPIKE	S0:T>A	0	224985	0.0	9999.0	0.0	TRUE	T	5.391157E-6	11.0	5.051497E-4	0.9997359	84.18569	0.11032205	0.983255	0.0
SPIKE	S0:T>G	0	224985	0.0	9999.0	0.0	TRUE	T	1.2705683E-4	5.0	3.0757484E-4	0.99379355	468.50873	0.061033387	0.98053324	1.0
SPIKE	S0:T>C	0	224985	0.0	9999.0	0.0	TRUE	T	1.1968768E-5	34.0	6.0163875E-4	0.9994137	194.97287	0.07924748	0.9764899	0.0
SPIKE	S1:A>G	0	225122	0.0	9999.0	0.0	TRUE	A	6.205201E-5	143.0	6.064458E-4	0.9969641	168.8699	0.0977465	0.97929245	0.0
SPIKE	S1:A>C	0	225122	0.0	9999.0	0.0	TRUE	A	1.2353189E-4	245.0	5.4935407E-4	0.9939652	54.8475	0.11357156	0.9476998	0.0
SPIKE	S1:A>T	0	225122	0.0	9999.0	0.0	TRUE	A	1.7815839E-5	29.0	5.211923E-4	0.9991274	62.72992	0.1383734	0.97700816	0.0
SPIKE	S2:G>A	0	225294	0.0	9999.0	0.0	TRUE	G	1.25611305E-5	53.0	1.4796731E-4	0.9993847	2175.9004	0.05340313	0.9820993	0.0
SPIKE	S2:G>C	0	225294	0.0	9999.0	0.0	TRUE	G	6.7724344E-5	6.0	3.9605168E-4	0.996687	226.36317	0.067431174	0.9827621	1.0
SPIKE	S2:G>T	0	225294	0.0	9999.0	0.0	TRUE	G	1.3975226E-5	45.0	4.650455E-4	0.99931544	251.03061	0.069999985	0.978069	0.0
SPIKE	S3:C>A	0	225469	0.0	9999.0	0.0	TRUE	C	3.363785E-6	10.0	8.3489437E-4	0.9998352	94.490524	0.0759063	0.9790545	0.0
SPIKE	S3:C>G	0	225469	0.0	9999.0	0.0	TRUE	C	6.626597E-6	23.0	4.9770524E-4	0.99967533	204.86522	0.06499288	0.9836639	0.0
SPIKE	S3:C>T	0	225469	0.0	9999.0	0.0	TRUE	C	2.4663858E-4	961.0	4.7975336E-4	0.98798746	932.2636	0.057893906	0.9765252	0.0
SPIKE	S4:G>A	58	225605	2.570865E-4	288.4389	39.482758	TRUE	G	3.2897928E-4	1390.0	1.4796731E-4	0.98400927	2178.904	0.05340313	0.9820993	0.0
SPIKE	S4:G>C	5	225605	2.2162629E-5	62.2298	40.0	TRUE	G	6.871757E-6	23.0	3.9605168E-4	0.99966335	226.67564	0.067431174	0.9827621	0.0
SPIKE	S4:G>T	12	225605	5.319031E-5	209.0603	38.25	TRUE	G	4.031722E-6	13.0	4.650455E-4	0.9998025	251.37714	0.069999985	0.978069	0.0
SPIKE	S5:T>A	5	225691	2.2154185E-5	25.852482	36.0	TRUE	T	4.1259846E-5	2.0	5.051497E-4	0.9979803	84.44987	0.11032205	0.983255	1.0
SPIKE	S5:T>G	1	225691	4.4308367E-6	12.102115	40.0	TRUE	T	4.8662246E-6	18.0	3.0757484E-4	0.9997616	469.9789	0.061033387	0.98053324	0.0
SPIKE	S5:T>C	26	225691	1.1520176E-4	369.17786	39.46154	TRUE	T	1.6493306E-5	47.0	6.0163875E-4	0.9991922	195.5847	0.07924748	0.9764899	0.0
SPIKE	S6:G>A	39	225785	1.727307E-4	674.5466	37.23077	TRUE	G	1.1587866E-5	49.0	1.4796731E-4	0.9994324	2180.6426	0.05340313	0.9820993	0.0
SPIKE	S6:G>C	2	225785	8.8579845E-6	4.1955905	40.0	TRUE	G	6.7724344E-5	3.0	3.9605168E-4	0.996687	226.8565	0.067431174	0.9827621	1.0
SPIKE	S6:G>T	17	225785	7.529287E-5	297.60016	38.941177	TRUE	G	5.2680484E-6	17.0	4.650455E-4	0.9997419	251.5777	0.069999985	0.978069	0.0
SPIKE	S7:A>G	5	225830	2.2140548E-5	9.625419	39.8	TRUE	A	1.1030528E-4	255.0	6.064458E-4	0.9946096	169.40099	0.0977465	0.97929245	0.0
SPIKE	S7:A>C	10	225830	4.4281096E-5	90.36408	39.5	TRUE	A	2.5131552E-5	50.0	5.4935407E-4	0.9987693	55.019997	0.11357156	0.9476998	0.0
SPIKE	D7-8:A>	176	225830	7.793473E-4	9999.0	39.86627	TRUE		NaN	NaN	NaN	NaN	NaN	NaN	NaN	NaN
SPIKE	I7:>A	4	225830	1.7712438E-5	9999.0	39.86627	TRUE		NaN	NaN	NaN	NaN	NaN	NaN	NaN	NaN
SPIKE	S7:A>T	0	225830	0.0	9999.0	0.0	TRUE	A	1.4085505E-5	23.0	5.211923E-4	0.9993101	62.927204	0.1383734	0.97700816	0.0
SPIKE	S8:A>G	3	225847	1.3283329E-5	18.280783	40.0	TRUE	A	2.4654619E-5	57.0	6.064458E-4	0.99879265	169.41374	0.0977465	0.97929245	0.0
SPIKE	S8:A>C	15	225847	6.6416644E-5	195.04251	40.0	TRUE	A	1.35700175E-5	27.0	5.4935407E-4	0.9993353	55.024136	0.11357156	0.9476998	0.0
SPIKE	S8:A>T	0	225847	0.0	9999.0	0.0	TRUE	A	5.0826475E-5	83.0	5.211923E-4	0.9975126	62.93194	0.1383734	0.97700816	0.0
SPIKE	I9:>G	2	225855	8.855239E-6	9999.0	39.972164	TRUE		NaN	NaN	NaN	NaN	NaN	NaN	NaN	NaN
SPIKE	S9:G>A	50	225855	2.2138098E-4	1051.7285	39.88	TRUE	G	6.146758E-6	26.0	1.4796731E-4	0.9996989	2181.3186	0.05340313	0.9820993	0.0
SPIKE	S9:G>C	3	225855	1.3282858E-5	7.6371937	39.666668	TRUE	G	6.7724344E-5	0.0	3.9605168E-4	0.996687	226.92683	0.067431174	0.9827621	1.0
SPIKE	S9:G>T	14	225855	6.198667E-5	214.56017	38.92857	TRUE	G	7.43494E-6	24.0	4.650455E-4	0.99963576	251.6557	0.069999985	0.978069	0.0
SPIKE	D9-10:G>	37	225855	1.6382193E-4	9999.0	39.972164	TRUE		NaN	NaN	NaN	NaN	NaN	NaN	NaN	NaN
SPIKE	D9-11:GA>	15	225855	6.641429E-5	9999.0	39.972164	TRUE		NaN	NaN	NaN	NaN	NaN	NaN	NaN	NaN
SPIKE	S10:A>G	10	225856	4.4276E-5	92.62297	39.8	TRUE	A	2.3788596E-5	55.0	6.064458E-4	0.998835	169.42049	0.0977465	0.97929245	0.0
SPIKE	S10:A>C	8	225856	3.54208E-5	63.703384	39.875	TRUE	A	2.7654758E-5	0.0	5.4935407E-4	0.99864584	55.02633	0.11357156	0.9476998	1.0
SPIKE	D10-11:A>	57	225856	2.523732E-4	9999.0	39.966305	TRUE		NaN	NaN	NaN	NaN	NaN	NaN	NaN	NaN
SPIKE	D10-12:AC>	1	225856	4.4276E-6	9999.0	39.966305	TRUE		NaN	NaN	NaN	NaN	NaN	NaN	NaN	NaN
SPIKE	S10:A>T	0	225856	0.0	9999.0	0.0	TRUE	A	3.8537455E-5	1.0	5.211923E-4	0.99811345	62.93445	0.1383734	0.97700816	1.0
SPIKE	S11:C>G	3	225857	1.3282741E-5	8.916074	40.0	TRUE	C	5.9024318E-5	0.0	4.9770524E-4	0.997112	205.21777	0.06499288	0.9836639	1.0
SPIKE	S11:C>T	8	225857	3.5420642E-5	6.660458	39.125	TRUE	C	2.398097E-4	936.0	4.7975336E-4	0.9883181	933.8679	0.057893906	0.9765252	0.0
SPIKE	D11-12:C>	40	225857	1.7710321E-4	9999.0	39.847763	TRUE		NaN	NaN	NaN	NaN	NaN	NaN	NaN	NaN
SPIKE	S11:C>A	0	225857	0.0	9999.0	0.0	TRUE	C	3.178458E-5	6.0	8.3489437E-4	0.9984438	94.65313	0.0759063	0.9790545	1.0
SPIKE	I12:>G	1	225859	4.427541E-6	9999.0	39.91324	TRUE		NaN	NaN	NaN	NaN	NaN	NaN	NaN	NaN
SPIKE	S12:G>A	52	225859	2.3023214E-4	464.56537	39.76923	TRUE	G	1.08748405E-4	460.0	1.4796731E-4	0.9946855	2181.3574	0.05340313	0.9820993	0.0
SPIKE	S12:G>C	7	225859	3.099279E-5	29.162205	40.0	TRUE	G	6.7724344E-5	7.0	3.9605168E-4	0.996687	226.93086	0.067431174	0.9827621	1.0
SPIKE	S12:G>T	18	225859	7.969574E-5	115.3401	39.444443	TRUE	G	7.796021E-5	6.0	4.650455E-4	0.9961872	251.66016	0.069999985	0.978069	1.0
SPIKE	D12-13:G>	28	225859	1.2397116E-4	9999.0	39.91324	TRUE		NaN	NaN	NaN	NaN	NaN	NaN	NaN	NaN
SPIKE	D12-14:GA>	1	225859	4.427541E-6	9999.0	39.91324	TRUE		NaN	NaN	NaN	NaN	NaN	NaN	NaN	NaN
SPIKE	S13:A>G	5	225859	2.2137705E-5	48.854652	39.0	TRUE	A	1.2975425E-5	30.0	6.064458E-4	0.99936444	169.42274	0.0977465	0.97929245	0.0
SPIKE	S13:A>C	14	225859	6.198558E-5	136.51385	39.857143	TRUE	A	2.7654758E-5	0.0	5.4935407E-4	0.99864584	55.02706	0.11357156	0.9476998	1.0
SPIKE	S13:A>T	3	225859	1.32826235E-5	13.267258	40.0	TRUE	A	3.8537455E-5	1.0	5.211923E-4	0.99811345	62.935284	0.1383734	0.97700816	1.0
SPIKE	D13-14:A>	10	225859	4.427541E-5	9999.0	39.95894	TRUE		NaN	NaN	NaN	NaN	NaN	NaN	NaN	NaN
SPIKE	S14:C>G	2	225859	8.855082E-6	22.940447	40.0	TRUE	C	5.7523084E-6	20.0	4.9770524E-4	0.9997182	205.21959	0.06499288	0.9836639	0.0
SPIKE	S14:C>T	10	225859	4.427541E-5	16.262064	39.9	TRUE	C	1.9804621E-4	773.0	4.7975336E-4	0.9903427	933.87616	0.057893906	0.9765252	0.0
SPIKE	D14-15:C>	12	225859	5.3130494E-5	9999.0	39.89443	TRUE		NaN	NaN	NaN	NaN	NaN	NaN	NaN	NaN
SPIKE	S14:C>A	0	225859	0.0	9999.0	0.0	TRUE	C	3.178458E-5	5.0	8.3489437E-4	0.9984438	94.65397	0.0759063	0.9790545	1.0
SPIKE	S15:A>G	7	225859	3.099279E-5	34.874	40.0	TRUE	A	5.4064272E-5	125.0	6.064458E-4	0.9973543	169.42274	0.0977465	0.97929245	0.0
SPIKE	S15:A>C	10	225859	4.427541E-5	144.03032	40.0	TRUE	A	7.0359315E-6	14.0	5.4935407E-4	0.9996553	55.02706	0.11357156	0.9476998	0.0
SPIKE	D15-16:A>	6	225859	2.6565247E-5	9999.0	39.95098	TRUE		NaN	NaN	NaN	NaN	NaN	NaN	NaN	NaN
SPIKE	I15:>A	2	225859	8.855082E-6	9999.0	39.95098	TRUE		NaN	NaN	NaN	NaN	NaN	NaN	NaN	NaN
SPIKE	S15:A>T	0	225859	0.0	9999.0	0.0	TRUE	A	1.0409689E-5	17.0	5.211923E-4	0.9994901	62.935284	0.1383734	0.97700816	0.0
SPIKE	S16:G>A	47	225859	2.0809443E-4	869.9148	39.68085	TRUE	G	1.0402022E-5	44.0	1.4796731E-4	0.99949044	2181.3574	0.05340313	0.9820993	0.0
SPIKE	S16:G>T	21	225859	9.2978364E-5	432.2694	39.095238	TRUE	G	3.0978367E-6	10.0	4.650455E-4	0.99984825	251.66016	0.069999985	0.978069	0.0
SPIKE	S16:G>C	6	225859	2.6565247E-5	22.813263	40.0	TRUE	G	6.7724344E-5	1.0	3.9605168E-4	0.996687	226.93086	0.067431174	0.9827621	1.0
SPIKE	D16-17:G>	9	225859	3.984787E-5	9999.0	39.975517	TRUE		NaN	NaN	NaN	NaN	NaN	NaN	NaN	NaN
SPIKE	S17:A>G	7	225859	3.099279E-5	89.94148	40.0	TRUE	A	7.785256E-6	18.0	6.064458E-4	0.9996186	169.42274	0.0977465	0.97929245	0.0
SPIKE	S17:A>C	9	225859	3.984787E-5	74.84462	39.444443	TRUE	A	2.7654758E-5	2.0	5.4935407E-4	0.99864584	55.02706	0.11357156	0.9476998	1.0
SPIKE	D17-18:A>	21	225859	9.2978364E-5	9999.0	39.980274	TRUE		NaN	NaN	NaN	NaN	NaN	NaN	NaN	NaN
SPIKE	S17:A>T	0	225859	0.0	9999.0	0.0	TRUE	A	3.8537455E-5	6.0	5.211923E-4	0.99811345	62.935284	0.1383734	0.97700816	1.0
SPIKE	S18:A>T	1	225859	4.427541E-6	3.5606313	40.0	TRUE	A	3.8537455E-5	4.0	5.211923E-4	0.99811345	62.935284	0.1383734	0.97700816	1.0
SPIKE	S18:A>C	10	225859	4.427541E-5	86.431915	39.8	TRUE	A	2.7654758E-5	4.0	5.4935407E-4	0.99864584	55.02706	0.11357156	0.9476998	1.0
SPIKE	S18:A>G	0	225859	0.0	9999.0	0.0	TRUE	A	1.3407939E-5	31.0	6.064458E-4	0.9993432	169.42274	0.0977465	0.97929245	0.0
SPIKE	S19:C>G	2	225859	8.855082E-6	4.99499	39.0	TRUE	C	5.9024318E-5	5.0	4.9770524E-4	0.997112	205.21959	0.06499288	0.9836639	1.0
SPIKE	S19:C>A	2	225859	8.855082E-6	24.652924	40.0	TRUE	C	4.701167E-6	14.0	8.3489437E-4	0.9997697	94.65397	0.0759063	0.9790545	0.0
SPIKE	S19:C>T	5	225859	2.2137705E-5	24.726246	37.6	TRUE	C	4.3811E-5	171.0	4.7975336E-4	0.99785554	933.87616	0.057893906	0.9765252	0.0
SPIKE	S20:C>G	1	225859	4.427541E-6	2.1505816	40.0	TRUE	C	5.9024318E-5	0.0	4.9770524E-4	0.997112	205.21959	0.06499288	0.9836639	1.0
SPIKE	S20:C>A	64	225859	2.8336263E-4	1116.6268	39.765625	TRUE	C	1.7797276E-5	53.0	8.3489437E-4	0.99912834	94.65397	0.0759063	0.9790545	0.0
SPIKE	S20:C>T	4	225859	1.7710165E-5	42.630974	40.0	TRUE	C	9.223369E-6	36.0	4.7975336E-4	0.99954814	933.87616	0.057893906	0.9765252	0.0
SPIKE	S21:A>G	7	225859	3.099279E-5	76.86819	40.0	TRUE	A	1.2110397E-5	28.0	6.064458E-4	0.99940675	169.42274	0.0977465	0.97929245	0.0
SPIKE	S21:A>T	1	225859	4.427541E-6	3.5606313	40.0	TRUE	A	3.8537455E-5	7.0	5.211923E-4	0.99811345	62.935284	0.1383734	0.97700816	1.0
SPIKE	S21:A>C	2	225859	8.855082E-6	10.195266	40.0	TRUE	A	2.7654758E-5	5.0	5.4935407E-4	0.99864584	55.02706	0.11357156	0.9476998	1.0
SPIKE	S22:A>T	225859	225859	1.0	Infinity	39.996365	FALSE	T	3.8537455E-5	0.0	5.211923E-4	0.99811345	62.935284	0.1383734	0.97700816	1.0
SPIKE	S22:A>G	0	225859	0.0	9999.0	0.0	FALSE	T	7.327773E-5	0.0	6.064458E-4	0.99641585	169.42274	0.0977465	0.97929245	1.0
SPIKE	S22:A>C	0	225859	0.0	9999.0	0.0	FALSE	T	2.7654758E-5	0.0	5.4935407E-4	0.99864584	55.02706	0.11357156	0.9476998	1.0
SPIKE	S23:A>G	0	225859	0.0	9999.0	0.0	TRUE	A	7.327773E-5	0.0	6.064458E-4	0.99641585	169.42274	0.0977465	0.97929245	1.0
SPIKE	S23:A>C	0	225859	0.0	9999.0	0.0	TRUE	A	2.7654758E-5	0.0	5.4935407E-4	0.99864584	55.02706	0.11357156	0.9476998	1.0
SPIKE	S23:A>T	0	225859	0.0	9999.0	0.0	TRUE	A	3.8537455E-5	3.0	5.211923E-4	0.99811345	62.935284	0.1383734	0.97700816	1.0
SPIKE	S24:A>T	225859	225859	1.0	Infinity	39.99641	FALSE	T	3.8537455E-5	0.0	5.211923E-4	0.99811345	62.935284	0.1383734	0.97700816	1.0
SPIKE	S24:A>G	0	225859	0.0	9999.0	0.0	FALSE	T	7.327773E-5	0.0	6.064458E-4	0.99641585	169.42274	0.0977465	0.97929245	1.0
SPIKE	S24:A>C	0	225859	0.0	9999.0	0.0	FALSE	T	2.7654758E-5	0.0	5.4935407E-4	0.99864584	55.02706	0.11357156	0.9476998	1.0
SPIKE	S25:A>C	225859	225859	1.0	Infinity	39.99636	FALSE	C	2.7654758E-5	0.0	5.4935407E-4	0.99864584	55.02706	0.11357156	0.9476998	1.0
SPIKE	S25:A>G	0	225859	0.0	9999.0	0.0	FALSE	C	7.327773E-5	0.0	6.064458E-4	0.99641585	169.42274	0.0977465	0.97929245	1.0
SPIKE	S25:A>T	0	225859	0.0	9999.0	0.0	FALSE	C	3.8537455E-5	3.0	5.211923E-4	0.99811345	62.935284	0.1383734	0.97700816	1.0
SPIKE	S26:T>C	1	225860	4.4275216E-6	5.960699	40.0	TRUE	T	2.068887E-5	59.0	6.0163875E-4	0.9989868	195.73116	0.07924748	0.9764899	0.0
SPIKE	S26:T>A	0	225860	0.0	9999.0	0.0	TRUE	T	4.1259846E-5	4.0	5.051497E-4	0.9979803	84.5131	0.11032205	0.983255	1.0
SPIKE	S26:T>G	0	225860	0.0	9999.0	0.0	TRUE	T	1.2705683E-4	5.0	3.0757484E-4	0.99379355	470.33084	0.061033387	0.98053324	1.0
SPIKE	S27:G>T	8	225860	3.5420173E-5	110.573586	37.375	TRUE	G	6.815211E-6	22.0	4.650455E-4	0.9996661	251.66127	0.069999985	0.978069	0.0
SPIKE	S27:G>A	0	225860	0.0	9999.0	0.0	TRUE	G	7.565073E-6	32.0	1.4796731E-4	0.9996294	2181.367	0.05340313	0.9820993	0.0
SPIKE	S27:G>C	0	225860	0.0	9999.0	0.0	TRUE	G	6.7724344E-5	0.0	3.9605168E-4	0.996687	226.93185	0.067431174	0.9827621	1.0
SPIKE	S28:G>A	2	225860	8.855043E-6	15.299695	40.0	TRUE	G	1.4420921E-5	61.0	1.4796731E-4	0.9992936	2181.367	0.05340313	0.9820993	0.0
SPIKE	S28:G>T	5	225860	2.2137607E-5	39.534683	39.2	TRUE	G	2.0445632E-5	66.0	4.650455E-4	0.99899864	251.66127	0.069999985	0.978069	0.0
SPIKE	S28:G>C	0	225860	0.0	9999.0	0.0	TRUE	G	6.7724344E-5	0.0	3.9605168E-4	0.996687	226.93185	0.067431174	0.9827621	1.0
SPIKE	S29:G>A	4	225860	1.7710086E-5	41.397163	40.0	TRUE	G	9.929158E-6	42.0	1.4796731E-4	0.99951357	2181.367	0.05340313	0.9820993	0.0
SPIKE	S29:G>T	4	225860	1.7710086E-5	10.213768	40.0	TRUE	G	7.796021E-5	4.0	4.650455E-4	0.9961872	251.66127	0.069999985	0.978069	1.0
SPIKE	S29:G>C	0	225860	0.0	9999.0	0.0	TRUE	G	6.7724344E-5	0.0	3.9605168E-4	0.996687	226.93185	0.067431174	0.9827621	1.0
SPIKE	S30:A>G	0	225860	0.0	9999.0	0.0	TRUE	A	5.6226595E-6	13.0	6.064458E-4	0.9997245	169.4235	0.0977465	0.97929245	0.0
SPIKE	S30:A>C	0	225860	0.0	9999.0	0.0	TRUE	A	2.7654758E-5	0.0	5.4935407E-4	0.99864584	55.027306	0.11357156	0.9476998	1.0
SPIKE	S30:A>T	0	225860	0.0	9999.0	0.0	TRUE	A	3.8537455E-5	2.0	5.211923E-4	0.99811345	62.935562	0.1383734	0.97700816	1.0
SPIKE	S31:T>C	1	225860	4.4275216E-6	11.48406	40.0	TRUE	T	5.6105414E-6	16.0	6.0163875E-4	0.9997251	195.73116	0.07924748	0.9764899	0.0
SPIKE	S31:T>A	0	225860	0.0	9999.0	0.0	TRUE	T	4.1259846E-5	3.0	5.051497E-4	0.9979803	84.5131	0.11032205	0.983255	1.0
SPIKE	S31:T>G	0	225860	0.0	9999.0	0.0	TRUE	T	1.2705683E-4	0.0	3.0757484E-4	0.99379355	470.33084	0.061033387	0.98053324	1.0
SPIKE	S32:C>T	6	225860	2.6565129E-5	35.09548	39.833332	TRUE	C	3.8686736E-5	151.0	4.7975336E-4	0.9981061	933.8803	0.057893906	0.9765252	0.0
SPIKE	S32:C>A	17	225860	7.526787E-5	311.35342	38.588234	TRUE	C	4.3653504E-6	13.0	8.3489437E-4	0.99978614	94.65439	0.0759063	0.9790545	0.0
SPIKE	S32:C>G	0	225860	0.0	9999.0	0.0	TRUE	C	5.9024318E-5	2.0	4.9770524E-4	0.997112	205.22049	0.06499288	0.9836639	1.0
SPIKE	S33:C>T	1	225860	4.4275216E-6	4.3344903	39.0	TRUE	C	3.1256834E-5	122.0	4.7975336E-4	0.9984696	933.8803	0.057893906	0.9765252	0.0
SPIKE	S33:C>A	60	225860	2.656513E-4	986.3351	39.6	TRUE	C	2.1155158E-5	63.0	8.3489437E-4	0.99896395	94.65439	0.0759063	0.9790545	0.0
SPIKE	S33:C>G	0	225860	0.0	9999.0	0.0	TRUE	C	5.9024318E-5	2.0	4.9770524E-4	0.997112	205.22049	0.06499288	0.9836639	1.0
SPIKE	S34:A>G	2	225860	8.855043E-6	7.3399134	40.0	TRUE	A	4.1088664E-5	95.0	6.064458E-4	0.9979887	169.4235	0.0977465	0.97929245	0.0
SPIKE	S34:A>C	0	225860	0.0	9999.0	0.0	TRUE	A	2.7654758E-5	6.0	5.4935407E-4	0.99864584	55.027306	0.11357156	0.9476998	1.0
SPIKE	S34:A>T	0	225860	0.0	9999.0	0.0	TRUE	A	3.8537455E-5	9.0	5.211923E-4	0.99811345	62.935562	0.1383734	0.97700816	1.0
SPIKE	S35:T>C	1	225860	4.4275216E-6	1.6244515	40.0	TRUE	T	7.118374E-5	203.0	6.0163875E-4	0.9965181	195.73116	0.07924748	0.9764899	0.0
SPIKE	S35:T>A	2	225860	8.855043E-6	19.377577	40.0	TRUE	T	8.787717E-6	18.0	5.051497E-4	0.9995695	84.5131	0.11032205	0.983255	0.0
SPIKE	S35:T>G	0	225860	0.0	9999.0	0.0	TRUE	T	5.6730137E-6	21.0	3.0757484E-4	0.99972206	470.33084	0.061033387	0.98053324	0.0
SPIKE	S36:T>C	1	225860	4.4275216E-6	6.0302014	40.0	TRUE	T	2.0338213E-5	58.0	6.0163875E-4	0.99900395	195.73116	0.07924748	0.9764899	0.0
SPIKE	S36:T>A	0	225860	0.0	9999.0	0.0	TRUE	T	4.1259846E-5	1.0	5.051497E-4	0.9979803	84.5131	0.11032205	0.983255	1.0
SPIKE	S36:T>G	0	225860	0.0	9999.0	0.0	TRUE	T	1.2705683E-4	1.0	3.0757484E-4	0.99379355	470.33084	0.061033387	0.98053324	1.0
SPIKE	S37:A>G	0	225860	0.0	9999.0	0.0	TRUE	A	4.0656152E-5	94.0	6.064458E-4	0.99800986	169.4235	0.0977465	0.97929245	0.0
SPIKE	S37:A>C	0	225860	0.0	9999.0	0.0	TRUE	A	2.7654758E-5	1.0	5.4935407E-4	0.99864584	55.027306	0.11357156	0.9476998	1.0
SPIKE	S37:A>T	0	225860	0.0	9999.0	0.0	TRUE	A	3.8537455E-5	1.0	5.211923E-4	0.99811345	62.935562	0.1383734	0.97700816	1.0
SPIKE	S38:T>A	0	225860	0.0	9999.0	0.0	TRUE	T	4.1259846E-5	8.0	5.051497E-4	0.9979803	84.5131	0.11032205	0.983255	1.0
SPIKE	S38:T>G	0	225860	0.0	9999.0	0.0	TRUE	T	1.2705683E-4	0.0	3.0757484E-4	0.99379355	470.33084	0.061033387	0.98053324	1.0
SPIKE	S38:T>C	0	225860	0.0	9999.0	0.0	TRUE	T	3.5065884E-6	10.0	6.0163875E-4	0.9998282	195.73116	0.07924748	0.9764899	0.0
SPIKE	S39:C>T	16	225860	7.0840346E-5	69.625595	40.0	TRUE	C	1.21696685E-4	475.0	4.7975336E-4	0.9940546	933.8803	0.057893906	0.9765252	0.0
SPIKE	S39:C>A	79	225860	3.497742E-4	1249.3976	39.126583	TRUE	C	3.178458E-5	6.0	8.3489437E-4	0.9984438	94.65439	0.0759063	0.9790545	1.0
SPIKE	S39:C>G	1	225860	4.4275216E-6	2.1505685	40.0	TRUE	C	5.9024318E-5	0.0	4.9770524E-4	0.997112	205.22049	0.06499288	0.9836639	1.0
SPIKE	S40:G>T	5	225860	2.2137607E-5	50.87951	37.8	TRUE	G	1.1771728E-5	38.0	4.650455E-4	0.9994233	251.66127	0.069999985	0.978069	0.0
SPIKE	S40:G>A	7	225860	3.099265E-5	38.25264	39.142857	TRUE	G	4.7518115E-5	201.0	1.4796731E-4	0.99767435	2181.367	0.05340313	0.9820993	0.0
SPIKE	S40:G>C	0	225860	0.0	9999.0	0.0	TRUE	G	6.7724344E-5	1.0	3.9605168E-4	0.996687	226.93185	0.067431174	0.9827621	1.0
SPIKE	S41:G>T	4	225860	1.7710086E-5	10.213768	38.0	TRUE	G	7.796021E-5	7.0	4.650455E-4	0.9961872	251.66127	0.069999985	0.978069	1.0
SPIKE	S41:G>A	6	225860	2.6565129E-5	53.435966	37.833332	TRUE	G	1.7967048E-5	76.0	1.4796731E-4	0.99912	2181.367	0.05340313	0.9820993	0.0
SPIKE	S41:G>C	0	225860	0.0	9999.0	0.0	TRUE	G	6.7724344E-5	1.0	3.9605168E-4	0.996687	226.93185	0.067431174	0.9827621	1.0
SPIKE	S42:C>T	28	225860	1.239706E-4	82.671104	39.82143	TRUE	C	2.966837E-4	1158.0	4.7975336E-4	0.9855676	933.8803	0.057893906	0.9765252	0.0
SPIKE	S42:C>A	12	225860	5.3130258E-5	103.91946	39.333332	TRUE	C	3.178458E-5	2.0	8.3489437E-4	0.9984438	94.65439	0.0759063	0.9790545	1.0
SPIKE	S42:C>G	0	225860	0.0	9999.0	0.0	TRUE	C	5.9024318E-5	3.0	4.9770524E-4	0.997112	205.22049	0.06499288	0.9836639	1.0
SPIKE	S43:G>T	6	225860	2.6565129E-5	19.958433	39.666668	TRUE	G	7.796021E-5	8.0	4.650455E-4	0.9961872	251.66127	0.069999985	0.978069	1.0
SPIKE	S43:G>A	9	225860	3.9847695E-5	56.86443	38.666668	TRUE	G	4.5626846E-5	193.0	1.4796731E-4	0.9977668	2181.367	0.05340313	0.9820993	0.0
SPIKE	S43:G>C	0	225860	0.0	9999.0	0.0	TRUE	G	6.7724344E-5	0.0	3.9605168E-4	0.996687	226.93185	0.067431174	0.9827621	1.0
SPIKE	S44:G>C	1	225860	4.4275216E-6	1.757838	40.0	TRUE	G	6.7724344E-5	0.0	3.9605168E-4	0.996687	226.93185	0.067431174	0.9827621	1.0
SPIKE	S44:G>T	3	225860	1.3282564E-5	6.4053984	39.333332	TRUE	G	7.796021E-5	8.0	4.650455E-4	0.9961872	251.66127	0.069999985	0.978069	1.0
SPIKE	S44:G>A	5	225860	2.2137607E-5	9.553685	38.8	TRUE	G	1.10875604E-4	469.0	1.4796731E-4	0.9945818	2181.367	0.05340313	0.9820993	0.0
SPIKE	S45:C>T	32	225860	1.4168069E-4	144.41483	39.25	TRUE	C	2.1341754E-4	833.0	4.7975336E-4	0.989597	933.8803	0.057893906	0.9765252	0.0
SPIKE	S45:C>A	18	225860	7.969539E-5	181.28633	39.72222	TRUE	C	3.178458E-5	9.0	8.3489437E-4	0.9984438	94.65439	0.0759063	0.9790545	1.0
SPIKE	S45:C>G	0	225860	0.0	9999.0	0.0	TRUE	C	5.9024318E-5	2.0	4.9770524E-4	0.997112	205.22049	0.06499288	0.9836639	1.0
SPIKE	S46:G>T	2	225860	8.855043E-6	3.4344165	40.0	TRUE	G	7.796021E-5	3.0	4.650455E-4	0.9961872	251.66127	0.069999985	0.978069	1.0
SPIKE	S46:G>A	8	225860	3.5420173E-5	11.954744	38.25	TRUE	G	1.773064E-4	750.0	1.4796731E-4	0.99134964	2181.367	0.05340313	0.9820993	0.0
SPIKE	S46:G>C	0	225860	0.0	9999.0	0.0	TRUE	G	6.7724344E-5	2.0	3.9605168E-4	0.996687	226.93185	0.067431174	0.9827621	1.0
SPIKE	S47:A>G	1	225860	4.4275216E-6	11.474748	40.0	TRUE	A	5.6226595E-6	13.0	6.064458E-4	0.9997245	169.4235	0.0977465	0.97929245	0.0
SPIKE	S47:A>C	0	225860	0.0	9999.0	0.0	TRUE	A	2.7654758E-5	0.0	5.4935407E-4	0.99864584	55.027306	0.11357156	0.9476998	1.0
SPIKE	S47:A>T	0	225860	0.0	9999.0	0.0	TRUE	A	3.8537455E-5	4.0	5.211923E-4	0.99811345	62.935562	0.1383734	0.97700816	1.0
SPIKE	S48:A>C	1	225860	4.4275216E-6	4.8050876	39.0	TRUE	A	2.7654758E-5	8.0	5.4935407E-4	0.99864584	55.027306	0.11357156	0.9476998	1.0
SPIKE	S48:A>G	2	225860	8.855043E-6	13.835702	38.0	TRUE	A	1.730049E-5	40.0	6.064458E-4	0.99915266	169.4235	0.0977465	0.97929245	0.0
SPIKE	S48:A>T	0	225860	0.0	9999.0	0.0	TRUE	A	1.9594621E-5	32.0	5.211923E-4	0.9990403	62.935562	0.1383734	0.97700816	0.0
SPIKE	I49:>T	1	225860	4.4275216E-6	9999.0	39.912285	TRUE		NaN	NaN	NaN	NaN	NaN	NaN	NaN	NaN
SPIKE	D49-50:T>	4	225860	1.7710086E-5	9999.0	39.912285	TRUE		NaN	NaN	NaN	NaN	NaN	NaN	NaN	NaN
SPIKE	S49:T>A	0	225860	0.0	9999.0	0.0	TRUE	T	6.3466846E-6	13.0	5.051497E-4	0.99968904	84.5131	0.11032205	0.983255	0.0
SPIKE	S49:T>G	0	225860	0.0	9999.0	0.0	TRUE	T	1.2705683E-4	7.0	3.0757484E-4	0.99379355	470.33084	0.061033387	0.98053324	1.0
SPIKE	S49:T>C	0	225860	0.0	9999.0	0.0	TRUE	T	1.2974377E-5	37.0	6.0163875E-4	0.99936444	195.73116	0.07924748	0.9764899	0.0
SPIKE	S50:T>A	1	225860	4.4275216E-6	3.3183343	38.0	TRUE	T	4.1259846E-5	2.0	5.051497E-4	0.9979803	84.5131	0.11032205	0.983255	1.0
SPIKE	S50:T>G	0	225860	0.0	9999.0	0.0	TRUE	T	1.2705683E-4	4.0	3.0757484E-4	0.99379355	470.33084	0.061033387	0.98053324	1.0
SPIKE	S50:T>C	0	225860	0.0	9999.0	0.0	TRUE	T	8.766471E-6	25.0	6.0163875E-4	0.99957055	195.73116	0.07924748	0.9764899	0.0
SPIKE	S51:T>A	0	225860	0.0	9999.0	0.0	TRUE	T	4.2962172E-5	88.0	5.051497E-4	0.9978971	84.5131	0.11032205	0.983255	0.0
SPIKE	S51:T>G	0	225860	0.0	9999.0	0.0	TRUE	T	1.2705683E-4	4.0	3.0757484E-4	0.99379355	470.33084	0.061033387	0.98053324	1.0
SPIKE	S51:T>C	0	225860	0.0	9999.0	0.0	TRUE	T	1.823426E-5	52.0	6.0163875E-4	0.99910694	195.73116	0.07924748	0.9764899	0.0
SPIKE	S52:A>G	1	225860	4.4275216E-6	1.6019845	40.0	TRUE	A	7.179703E-5	166.0	6.064458E-4	0.99648815	169.4235	0.0977465	0.97929245	0.0
SPIKE	S52:A>C	0	225860	0.0	9999.0	0.0	TRUE	A	4.3723096E-5	87.0	5.4935407E-4	0.99785984	55.027306	0.11357156	0.9476998	0.0
SPIKE	S52:A>T	0	225860	0.0	9999.0	0.0	TRUE	A	7.960315E-6	13.0	5.211923E-4	0.99961	62.935562	0.1383734	0.97700816	0.0
SPIKE	S53:C>T	18	225860	7.969539E-5	26.947004	39.333332	TRUE	C	3.3255218E-4	1298.0	4.7975336E-4	0.983837	933.8803	0.057893906	0.9765252	0.0
SPIKE	S53:C>G	5	225860	2.2137607E-5	57.39244	38.8	TRUE	C	8.628424E-6	30.0	4.9770524E-4	0.9995773	205.22049	0.06499288	0.9836639	0.0
SPIKE	S53:C>A	2	225860	8.855043E-6	24.652924	40.0	TRUE	C	4.7011463E-6	14.0	8.3489437E-4	0.9997697	94.65439	0.0759063	0.9790545	0.0
SPIKE	S54:C>T	6	225860	2.6565129E-5	38.750847	40.0	TRUE	C	3.3050255E-5	129.0	4.7975336E-4	0.99838185	933.8803	0.057893906	0.9765252	0.0
SPIKE	S54:C>A	100	225860	4.4275215E-4	1599.0555	40.0	TRUE	C	3.8280763E-5	114.0	8.3489437E-4	0.99812603	94.65439	0.0759063	0.9790545	0.0
SPIKE	S54:C>G	0	225860	0.0	9999.0	0.0	TRUE	C	5.9024318E-5	4.0	4.9770524E-4	0.997112	205.22049	0.06499288	0.9836639	1.0
SPIKE	S55:A>T	1	225860	4.4275216E-6	3.5606153	40.0	TRUE	A	3.8537455E-5	4.0	5.211923E-4	0.99811345	62.935562	0.1383734	0.97700816	1.0
SPIKE	S55:A>C	1	225860	4.4275216E-6	0.27453005	40.0	TRUE	A	1.5227699E-4	303.0	5.4935407E-4	0.99256617	55.027306	0.11357156	0.9476998	0.0
SPIKE	S55:A>G	7	225860	3.099265E-5	59.465294	40.0	TRUE	A	2.2058126E-5	51.0	6.064458E-4	0.9989197	169.4235	0.0977465	0.97929245	0.0
SPIKE	S56:C>T	8	225860	3.5420173E-5	59.758953	40.0	TRUE	C	3.1256834E-5	122.0	4.7975336E-4	0.9984696	933.8803	0.057893906	0.9765252	0.0
SPIKE	S56:C>A	10	225860	4.4275213E-5	111.54581	40.0	TRUE	C	1.5110828E-5	45.0	8.3489437E-4	0.9992598	94.65439	0.0759063	0.9790545	0.0
SPIKE	S56:C>G	0	225860	0.0	9999.0	0.0	TRUE	C	5.9024318E-5	8.0	4.9770524E-4	0.997112	205.22049	0.06499288	0.9836639	1.0
SPIKE	S57:C>T	7	225860	3.099265E-5	96.97907	40.0	TRUE	C	6.148885E-6	24.0	4.7975336E-4	0.99969876	933.8803	0.057893906	0.9765252	0.0
SPIKE	S57:C>G	1	225860	4.4275216E-6	2.1505685	40.0	TRUE	C	5.9024318E-5	0.0	4.9770524E-4	0.997112	205.22049	0.06499288	0.9836639	1.0
SPIKE	S57:C>A	102	225860	4.516072E-4	1528.0306	40.0	TRUE	C	4.9362035E-5	147.0	8.3489437E-4	0.99758416	94.65439	0.0759063	0.9790545	0.0
SPIKE	S58:A>T	1	225860	4.4275216E-6	2.071628	40.0	TRUE	A	6.062086E-5	99.0	5.211923E-4	0.997034	62.935562	0.1383734	0.97700816	0.0
SPIKE	S58:A>C	1	225860	4.4275216E-6	0.27453005	40.0	TRUE	A	1.5227699E-4	303.0	5.4935407E-4	0.99256617	55.027306	0.11357156	0.9476998	0.0
SPIKE	S58:A>G	4	225860	1.7710086E-5	36.41221	40.0	TRUE	A	1.340788E-5	31.0	6.064458E-4	0.9993432	169.4235	0.0977465	0.97929245	0.0
SPIKE	S59:T>C	3	225860	1.3282564E-5	7.2793145	40.0	TRUE	T	7.048243E-5	201.0	6.0163875E-4	0.9965523	195.73116	0.07924748	0.9764899	0.0
SPIKE	S59:T>A	0	225860	0.0	9999.0	0.0	TRUE	T	1.6257276E-4	333.0	5.051497E-4	0.9920656	84.5131	0.11032205	0.983255	0.0
SPIKE	S59:T>G	0	225860	0.0	9999.0	0.0	TRUE	T	3.5118658E-6	13.0	3.0757484E-4	0.9998279	470.33084	0.061033387	0.98053324	0.0
SPIKE	S60:T>C	4	225860	1.7710086E-5	21.3244	40.0	TRUE	T	3.4715224E-5	99.0	6.0163875E-4	0.9983004	195.73116	0.07924748	0.9764899	0.0
SPIKE	S60:T>A	0	225860	0.0	9999.0	0.0	TRUE	T	4.1259846E-5	5.0	5.051497E-4	0.9979803	84.5131	0.11032205	0.983255	1.0
SPIKE	S60:T>G	0	225860	0.0	9999.0	0.0	TRUE	T	2.5123347E-5	93.0	3.0757484E-4	0.9987697	470.33084	0.061033387	0.98053324	0.0
SPIKE	S61:G>T	4	225860	1.7710086E-5	7.540972	40.0	TRUE	G	9.8510776E-5	318.0	4.650455E-4	0.9951846	251.66127	0.069999985	0.978069	0.0
SPIKE	S61:G>A	5	225860	2.2137607E-5	28.950865	40.0	TRUE	G	3.498846E-5	148.0	1.4796731E-4	0.998287	2181.367	0.05340313	0.9820993	0.0
SPIKE	S61:G>C	0	225860	0.0	9999.0	0.0	TRUE	G	6.7724344E-5	4.0	3.9605168E-4	0.996687	226.93185	0.067431174	0.9827621	1.0
SPIKE	S62:A>T	1	225860	4.4275216E-6	3.5606153	40.0	TRUE	A	3.8537455E-5	1.0	5.211923E-4	0.99811345	62.935562	0.1383734	0.97700816	1.0
SPIKE	S62:A>G	3	225860	1.3282564E-5	1.5684116	40.0	TRUE	A	1.6521968E-4	382.0	6.064458E-4	0.9919369	169.4235	0.0977465	0.97929245	0.0
SPIKE	D62-63:A>	10	225860	4.4275213E-5	9999.0	40.0	TRUE		NaN	NaN	NaN	NaN	NaN	NaN	NaN	NaN
SPIKE	S62:A>C	0	225860	0.0	9999.0	0.0	TRUE	A	2.7654758E-5	1.0	5.4935407E-4	0.99864584	55.027306	0.11357156	0.9476998	1.0
SPIKE	S63:A>T	3	225860	1.3282564E-5	25.51446	40.0	TRUE	A	1.3471302E-5	22.0	5.211923E-4	0.9993401	62.935562	0.1383734	0.97700816	0.0
SPIKE	S63:A>G	3	225860	1.3282564E-5	33.05794	40.0	TRUE	A	7.3527085E-6	17.0	6.064458E-4	0.9996398	169.4235	0.0977465	0.97929245	0.0
SPIKE	S63:A>C	0	225860	0.0	9999.0	0.0	TRUE	A	2.7654758E-5	8.0	5.4935407E-4	0.99864584	55.027306	0.11357156	0.9476998	1.0
SPIKE	S64:A>G	1	225860	4.4275216E-6	9.621577	40.0	TRUE	A	8.650245E-6	20.0	6.064458E-4	0.9995762	169.4235	0.0977465	0.97929245	0.0
SPIKE	S64:A>C	1	225860	4.4275216E-6	11.547878	40.0	TRUE	A	5.528207E-6	11.0	5.4935407E-4	0.99972916	55.027306	0.11357156	0.9476998	0.0
SPIKE	S64:A>T	1	225860	4.4275216E-6	3.5606153	40.0	TRUE	A	3.8537455E-5	5.0	5.211923E-4	0.99811345	62.935562	0.1383734	0.97700816	1.0
SPIKE	S65:A>G	3	225860	1.3282564E-5	20.29576	40.0	TRUE	A	2.0760588E-5	48.0	6.064458E-4	0.99898326	169.4235	0.0977465	0.97929245	0.0
SPIKE	S65:A>C	1	225860	4.4275216E-6	0.15179814	40.0	TRUE	A	1.7941545E-4	357.0	5.4935407E-4	0.9912472	55.027306	0.11357156	0.9476998	0.0
SPIKE	S65:A>T	0	225860	0.0	9999.0	0.0	TRUE	A	3.8537455E-5	4.0	5.211923E-4	0.99811345	62.935562	0.1383734	0.97700816	1.0
SPIKE	S66:C>A	20	225860	8.855043E-5	241.79703	40.0	TRUE	C	2.1490954E-5	64.0	8.3489437E-4	0.9989475	94.65439	0.0759063	0.9790545	0.0
SPIKE	S66:C>G	2	225860	8.855043E-6	4.994963	40.0	TRUE	C	5.9024318E-5	9.0	4.9770524E-4	0.997112	205.22049	0.06499288	0.9836639	1.0
SPIKE	S66:C>T	9	225860	3.9847695E-5	47.6048	40.0	TRUE	C	5.9695423E-5	233.0	4.7975336E-4	0.9970792	933.8803	0.057893906	0.9765252	0.0
SPIKE	S67:C>A	74	225860	3.2763658E-4	732.6559	40.0	TRUE	C	1.2021503E-4	358.0	8.3489437E-4	0.9941268	94.65439	0.0759063	0.9790545	0.0
SPIKE	S67:C>T	8	225860	3.5420173E-5	76.978516	40.0	TRUE	C	1.8446655E-5	72.0	4.7975336E-4	0.9990965	933.8803	0.057893906	0.9765252	0.0
SPIKE	S67:C>G	0	225860	0.0	9999.0	0.0	TRUE	C	5.9024318E-5	1.0	4.9770524E-4	0.997112	205.22049	0.06499288	0.9836639	1.0
SPIKE	S68:A>G	4	225860	1.7710086E-5	2.3412097	40.0	TRUE	A	1.8165515E-4	420.0	6.064458E-4	0.9911384	169.4235	0.0977465	0.97929245	0.0
SPIKE	S68:A>C	1	225860	4.4275216E-6	3.365721	40.0	TRUE	A	4.070771E-5	81.0	5.4935407E-4	0.9980073	55.027306	0.11357156	0.9476998	0.0
SPIKE	S68:A>T	1	225860	4.4275216E-6	10.321764	40.0	TRUE	A	7.3479832E-6	12.0	5.211923E-4	0.99964	62.935562	0.1383734	0.97700816	0.0
SPIKE	I69:>CG	2	225860	8.855043E-6	9999.0	40.0	TRUE		NaN	NaN	NaN	NaN	NaN	NaN	NaN	NaN
SPIKE	S69:G>A	5	225860	2.2137607E-5	16.400274	40.0	TRUE	G	7.044974E-5	298.0	1.4796731E-4	0.9965539	2181.367	0.05340313	0.9820993	0.0
SPIKE	S69:G>T	7	225860	3.099265E-5	25.734163	40.0	TRUE	G	7.796021E-5	6.0	4.650455E-4	0.9961872	251.66127	0.069999985	0.978069	1.0
SPIKE	S69:G>C	0	225860	0.0	9999.0	0.0	TRUE	G	1.005725E-4	337.0	3.9605168E-4	0.99508405	226.93185	0.067431174	0.9827621	0.0
SPIKE	S70:C>A	12	225860	5.3130258E-5	103.91946	40.0	TRUE	C	3.178458E-5	7.0	8.3489437E-4	0.9984438	94.65439	0.0759063	0.9790545	1.0
SPIKE	S70:C>T	34	225860	1.5053574E-4	132.67952	40.0	TRUE	C	2.6722028E-4	1043.0	4.7975336E-4	0.9869916	933.8803	0.057893906	0.9765252	0.0
SPIKE	D70-71:C>	3	225860	1.3282564E-5	9999.0	40.0	TRUE		NaN	NaN	NaN	NaN	NaN	NaN	NaN	NaN
SPIKE	S70:C>G	0	225860	0.0	9999.0	0.0	TRUE	C	1.869492E-5	65.0	4.9770524E-4	0.99908435	205.22049	0.06499288	0.9836639	0.0
SPIKE	S71:C>A	82	225860	3.6305675E-4	1728.2769	40.0	TRUE	C	9.738089E-6	29.0	8.3489437E-4	0.9995229	94.65439	0.0759063	0.9790545	0.0
SPIKE	S71:C>T	6	225860	2.6565129E-5	67.45484	40.0	TRUE	C	1.0248142E-5	40.0	4.7975336E-4	0.99949795	933.8803	0.057893906	0.9765252	0.0
SPIKE	S71:C>G	0	225860	0.0	9999.0	0.0	TRUE	C	9.0598456E-5	315.0	4.9770524E-4	0.99557054	205.22049	0.06499288	0.9836639	0.0
SPIKE	S72:G>A	20	225860	8.855043E-5	98.37863	40.0	TRUE	G	1.2600575E-4	533.0	1.4796731E-4	0.99384475	2181.367	0.05340313	0.9820993	0.0
SPIKE	S72:G>T	2	225860	8.855043E-6	4.6768117	40.0	TRUE	G	6.226625E-5	201.0	4.650455E-4	0.9969536	251.66127	0.069999985	0.978069	0.0
SPIKE	D72-73:G>	2	225860	8.855043E-6	9999.0	39.999645	TRUE		NaN	NaN	NaN	NaN	NaN	NaN	NaN	NaN
SPIKE	S72:G>C	0	225860	0.0	9999.0	0.0	TRUE	G	2.1785734E-5	73.0	3.9605168E-4	0.9989331	226.93185	0.067431174	0.9827621	0.0
SPIKE	S73:T>G	1	225860	4.4275216E-6	1.0611539	40.0	TRUE	T	9.0227935E-5	334.0	3.0757484E-4	0.9955886	470.33084	0.061033387	0.98053324	0.0
SPIKE	S73:T>A	0	225860	0.0	9999.0	0.0	TRUE	T	4.1259846E-5	4.0	5.051497E-4	0.9979803	84.5131	0.11032205	0.983255	1.0
SPIKE	S73:T>C	0	225860	0.0	9999.0	0.0	TRUE	T	5.6105414E-6	16.0	6.0163875E-4	0.9997251	195.73116	0.07924748	0.9764899	0.0
SPIKE	S74:G>A	6	225860	2.6565129E-5	82.49959	40.0	TRUE	G	5.673805E-6	24.0	1.4796731E-4	0.999722	2181.367	0.05340313	0.9820993	0.0
SPIKE	S74:G>C	1	225860	4.4275216E-6	1.757838	40.0	TRUE	G	6.7724344E-5	6.0	3.9605168E-4	0.996687	226.93185	0.067431174	0.9827621	1.0
SPIKE	S74:G>T	10	225860	4.4275213E-5	83.46443	40.0	TRUE	G	2.9739102E-5	96.0	4.650455E-4	0.99854386	251.66127	0.069999985	0.978069	0.0
SPIKE	D74-75:G>	1	225860	4.4275216E-6	9999.0	40.0	TRUE		NaN	NaN	NaN	NaN	NaN	NaN	NaN	NaN
SPIKE	S75:G>A	5	225860	2.2137607E-5	36.029873	40.0	TRUE	G	2.4350078E-5	103.0	1.4796731E-4	0.99880755	2181.367	0.05340313	0.9820993	0.0
SPIKE	S75:G>C	2	225860	8.855043E-6	4.193723	40.0	TRUE	G	6.7724344E-5	6.0	3.9605168E-4	0.996687	226.93185	0.067431174	0.9827621	1.0
SPIKE	S75:G>T	2	225860	8.855043E-6	2.2092772	40.0	TRUE	G	1.01298814E-4	327.0	4.650455E-4	0.99504864	251.66127	0.069999985	0.978069	0.0
SPIKE	S76:T>C	2	225860	8.855043E-6	16.614088	40.0	TRUE	T	1.2273059E-5	35.0	6.0163875E-4	0.9993988	195.73116	0.07924748	0.9764899	0.0
SPIKE	S76:T>A	0	225860	0.0	9999.0	0.0	TRUE	T	4.1259846E-5	3.0	5.051497E-4	0.9979803	84.5131	0.11032205	0.983255	1.0
SPIKE	S76:T>G	0	225860	0.0	9999.0	0.0	TRUE	T	2.0530908E-5	76.0	3.0757484E-4	0.99899447	470.33084	0.061033387	0.98053324	0.0
SPIKE	S77:T>A	1	225860	4.4275216E-6	3.3183343	40.0	TRUE	T	4.1259846E-5	2.0	5.051497E-4	0.9979803	84.5131	0.11032205	0.983255	1.0
SPIKE	S77:T>C	2	225860	8.855043E-6	21.267624	40.0	TRUE	T	7.013177E-6	20.0	6.0163875E-4	0.99965644	195.73116	0.07924748	0.9764899	0.0
SPIKE	S77:T>G	0	225860	0.0	9999.0	0.0	TRUE	T	1.2705683E-4	7.0	3.0757484E-4	0.99379355	470.33084	0.061033387	0.98053324	1.0
SPIKE	S78:T>A	1	225860	4.4275216E-6	3.3183343	40.0	TRUE	T	4.1259846E-5	5.0	5.051497E-4	0.9979803	84.5131	0.11032205	0.983255	1.0
SPIKE	S78:T>G	0	225860	0.0	9999.0	0.0	TRUE	T	9.80621E-5	363.0	3.0757484E-4	0.9952065	470.33084	0.061033387	0.98053324	0.0
SPIKE	S78:T>C	0	225860	0.0	9999.0	0.0	TRUE	T	1.4727671E-5	42.0	6.0163875E-4	0.9992786	195.73116	0.07924748	0.9764899	0.0
SPIKE	S79:G>A	6	225860	2.6565129E-5	52.79657	40.0	TRUE	G	1.8439865E-5	78.0	1.4796731E-4	0.9990969	2181.367	0.05340313	0.9820993	0.0
SPIKE	S79:G>T	2	225860	8.855043E-6	16.333477	40.0	TRUE	G	1.2701074E-5	41.0	4.650455E-4	0.99937785	251.66127	0.069999985	0.978069	0.0
SPIKE	D79-96:GCGGCGATTTATCGTCG>	1	225860	4.4275216E-6	9999.0	39.999825	TRUE		NaN	NaN	NaN	NaN	NaN	NaN	NaN	NaN
SPIKE	S79:G>C	0	225860	0.0	9999.0	0.0	TRUE	G	1.0295998E-4	345.0	3.9605168E-4	0.99496764	226.93185	0.067431174	0.9827621	0.0
SPIKE	S80:C>A	12	225860	5.3130258E-5	103.91946	40.0	TRUE	C	3.178458E-5	3.0	8.3489437E-4	0.9984438	94.65439	0.0759063	0.9790545	1.0
SPIKE	S80:C>T	49	225860	2.1694855E-4	94.64462	40.0	TRUE	C	6.886751E-4	2688.0	4.7975336E-4	0.9668179	933.8803	0.057893906	0.9765252	0.0
SPIKE	S80:C>G	0	225860	0.0	9999.0	0.0	TRUE	C	1.11019064E-4	386.0	4.9770524E-4	0.99457484	205.22049	0.06499288	0.9836639	0.0
SPIKE	S81:G>A	11	225860	4.8702736E-5	73.53893	40.0	TRUE	G	4.846375E-5	205.0	1.4796731E-4	0.9976281	2181.367	0.05340313	0.9820993	0.0
SPIKE	S81:G>T	4	225860	1.7710086E-5	45.56786	40.0	TRUE	G	7.7445575E-6	25.0	4.650455E-4	0.9996206	251.66127	0.069999985	0.978069	0.0
SPIKE	S81:G>C	0	225860	0.0	9999.0	0.0	TRUE	G	1.2235823E-5	41.0	3.9605168E-4	0.9994006	226.93185	0.067431174	0.9827621	0.0
SPIKE	S82:G>A	5	225860	2.2137607E-5	19.50614	40.0	TRUE	G	5.8629317E-5	248.0	1.4796731E-4	0.9971313	2181.367	0.05340313	0.9820993	0.0
SPIKE	S82:G>T	2	225860	8.855043E-6	3.4344165	40.0	TRUE	G	7.796021E-5	3.0	4.650455E-4	0.9961872	251.66127	0.069999985	0.978069	1.0
SPIKE	S82:G>C	0	225860	0.0	9999.0	0.0	TRUE	G	1.005725E-4	337.0	3.9605168E-4	0.99508405	226.93185	0.067431174	0.9827621	0.0
SPIKE	S83:C>G	4	225860	1.7710086E-5	6.4879913	40.0	TRUE	C	1.0900576E-4	379.0	4.9770524E-4	0.99467295	205.22049	0.06499288	0.9836639	0.0
SPIKE	S83:C>A	15	225860	6.6412824E-5	141.14061	40.0	TRUE	C	3.178458E-5	7.0	8.3489437E-4	0.9984438	94.65439	0.0759063	0.9790545	1.0
SPIKE	S83:C>T	49	225860	2.1694855E-4	166.582	40.0	TRUE	C	4.3759565E-4	1708.0	4.7975336E-4	0.97878605	933.8803	0.057893906	0.9765252	0.0
SPIKE	S84:G>A	20	225860	8.855043E-5	66.82581	40.0	TRUE	G	1.9645548E-4	831.0	1.4796731E-4	0.99041986	2181.367	0.05340313	0.9820993	0.0
SPIKE	S84:G>T	1	225860	4.4275216E-6	1.394041	40.0	TRUE	G	7.796021E-5	4.0	4.650455E-4	0.9961872	251.66127	0.069999985	0.978069	1.0
SPIKE	S84:G>C	0	225860	0.0	9999.0	0.0	TRUE	G	1.46233015E-5	49.0	3.9605168E-4	0.99928373	226.93185	0.067431174	0.9827621	0.0
SPIKE	S85:A>G	1	225860	4.4275216E-6	5.1876764	40.0	TRUE	A	2.5085712E-5	58.0	6.064458E-4	0.99877155	169.4235	0.0977465	0.97929245	0.0
SPIKE	S85:A>T	1	225860	4.4275216E-6	0.12243036	40.0	TRUE	A	1.8921056E-4	309.0	5.211923E-4	0.99077153	62.935562	0.1383734	0.97700816	0.0
SPIKE	S85:A>C	0	225860	0.0	9999.0	0.0	TRUE	A	2.7654758E-5	5.0	5.4935407E-4	0.99864584	55.027306	0.11357156	0.9476998	1.0
SPIKE	S86:T>C	3	225860	1.3282564E-5	26.660215	38.666668	TRUE	T	1.2273059E-5	35.0	6.0163875E-4	0.9993988	195.73116	0.07924748	0.9764899	0.0
SPIKE	D86-87:T>	1	225860	4.4275216E-6	9999.0	39.909737	TRUE		NaN	NaN	NaN	NaN	NaN	NaN	NaN	NaN
SPIKE	S86:T>A	0	225860	0.0	9999.0	0.0	TRUE	T	2.6851358E-5	55.0	5.051497E-4	0.9986851	84.5131	0.11032205	0.983255	0.0
SPIKE	S86:T>G	0	225860	0.0	9999.0	0.0	TRUE	T	3.7820093E-6	14.0	3.0757484E-4	0.9998147	470.33084	0.061033387	0.98053324	0.0
SPIKE	S87:T>A	1	225860	4.4275216E-6	4.9919734	38.0	TRUE	T	2.636315E-5	54.0	5.051497E-4	0.998709	84.5131	0.11032205	0.983255	0.0
SPIKE	S87:T>C	1	225860	4.4275216E-6	6.3988814	40.0	TRUE	T	1.8584919E-5	53.0	6.0163875E-4	0.9990898	195.73116	0.07924748	0.9764899	0.0
SPIKE	S87:T>G	0	225860	0.0	9999.0	0.0	TRUE	T	8.914736E-6	33.0	3.0757484E-4	0.9995633	470.33084	0.061033387	0.98053324	0.0
SPIKE	S88:T>C	3	225860	1.3282564E-5	10.377915	40.0	TRUE	T	5.084553E-5	145.0	6.0163875E-4	0.9975117	195.73116	0.07924748	0.9764899	0.0
SPIKE	S88:T>A	0	225860	0.0	9999.0	0.0	TRUE	T	4.1259846E-5	7.0	5.051497E-4	0.9979803	84.5131	0.11032205	0.983255	1.0
SPIKE	S88:T>G	0	225860	0.0	9999.0	0.0	TRUE	T	1.2705683E-4	1.0	3.0757484E-4	0.99379355	470.33084	0.061033387	0.98053324	1.0
SPIKE	S89:A>G	8	225860	3.5420173E-5	54.22631	39.125	TRUE	A	3.7196056E-5	86.0	6.064458E-4	0.9981791	169.4235	0.0977465	0.97929245	0.0
SPIKE	S89:A>T	1	225860	4.4275216E-6	11.106763	40.0	TRUE	A	6.123319E-6	10.0	5.211923E-4	0.9997	62.935562	0.1383734	0.97700816	0.0
SPIKE	S89:A>C	0	225860	0.0	9999.0	0.0	TRUE	A	2.7654758E-5	1.0	5.4935407E-4	0.99864584	55.027306	0.11357156	0.9476998	1.0
SPIKE	S90:T>C	1	225860	4.4275216E-6	9.7393	40.0	TRUE	T	8.415812E-6	24.0	6.0163875E-4	0.9995877	195.73116	0.07924748	0.9764899	0.0
SPIKE	S90:T>A	0	225860	0.0	9999.0	0.0	TRUE	T	4.1259846E-5	7.0	5.051497E-4	0.9979803	84.5131	0.11032205	0.983255	1.0
SPIKE	S90:T>G	0	225860	0.0	9999.0	0.0	TRUE	T	1.2705683E-4	0.0	3.0757484E-4	0.99379355	470.33084	0.061033387	0.98053324	1.0
SPIKE	S91:C>A	106	225860	4.6931728E-4	1805.5752	39.320755	TRUE	C	3.178458E-5	8.0	8.3489437E-4	0.9984438	94.65439	0.0759063	0.9790545	1.0
SPIKE	S91:C>T	14	225860	6.19853E-5	48.859615	39.5	TRUE	C	1.3937472E-4	544.0	4.7975336E-4	0.9931939	933.8803	0.057893906	0.9765252	0.0
SPIKE	S91:C>G	0	225860	0.0	9999.0	0.0	TRUE	C	5.9024318E-5	1.0	4.9770524E-4	0.997112	205.22049	0.06499288	0.9836639	1.0
SPIKE	S92:G>A	11	225860	4.8702736E-5	23.693735	39.545456	TRUE	G	1.7565154E-4	743.0	1.4796731E-4	0.99143	2181.367	0.05340313	0.9820993	0.0
SPIKE	S92:G>T	4	225860	1.7710086E-5	10.213768	37.5	TRUE	G	7.796021E-5	3.0	4.650455E-4	0.9961872	251.66127	0.069999985	0.978069	1.0
SPIKE	S92:G>C	0	225860	0.0	9999.0	0.0	TRUE	G	6.7724344E-5	7.0	3.9605168E-4	0.996687	226.93185	0.067431174	0.9827621	1.0
SPIKE	S93:T>C	1	225860	4.4275216E-6	1.7215986	40.0	TRUE	T	6.863486E-5	9.0	6.0163875E-4	0.99664253	195.73116	0.07924748	0.9764899	1.0
SPIKE	S93:T>A	0	225860	0.0	9999.0	0.0	TRUE	T	4.1259846E-5	2.0	5.051497E-4	0.9979803	84.5131	0.11032205	0.983255	1.0
SPIKE	S93:T>G	0	225860	0.0	9999.0	0.0	TRUE	T	1.2705683E-4	0.0	3.0757484E-4	0.99379355	470.33084	0.061033387	0.98053324	1.0
SPIKE	S94:C>A	153	225860	6.774108E-4	2841.7344	39.464054	TRUE	C	3.178458E-5	8.0	8.3489437E-4	0.9984438	94.65439	0.0759063	0.9790545	1.0
SPIKE	S94:C>T	11	225860	4.8702736E-5	82.821205	38.909092	TRUE	C	3.919914E-5	153.0	4.7975336E-4	0.9980811	933.8803	0.057893906	0.9765252	0.0
SPIKE	S94:C>G	0	225860	0.0	9999.0	0.0	TRUE	C	5.9024318E-5	1.0	4.9770524E-4	0.997112	205.22049	0.06499288	0.9836639	1.0
SPIKE	S95:G>A	12	225860	5.3130258E-5	18.242157	39.416668	TRUE	G	2.3735416E-4	1004.0	1.4796731E-4	0.988437	2181.367	0.05340313	0.9820993	0.0
SPIKE	S95:G>T	2	225860	8.855043E-6	3.4344165	34.5	TRUE	G	7.796021E-5	4.0	4.650455E-4	0.9961872	251.66127	0.069999985	0.978069	1.0
SPIKE	S95:G>C	0	225860	0.0	9999.0	0.0	TRUE	G	6.7724344E-5	2.0	3.9605168E-4	0.996687	226.93185	0.067431174	0.9827621	1.0
SPIKE	S96:T>C	1	225860	4.4275216E-6	2.8235228	36.0	TRUE	T	4.7689602E-5	136.0	6.0163875E-4	0.99766594	195.73116	0.07924748	0.9764899	0.0
SPIKE	S96:T>A	0	225860	0.0	9999.0	0.0	TRUE	T	4.1259846E-5	4.0	5.051497E-4	0.9979803	84.5131	0.11032205	0.983255	1.0
SPIKE	S96:T>G	0	225860	0.0	9999.0	0.0	TRUE	T	1.2705683E-4	3.0	3.0757484E-4	0.99379355	470.33084	0.061033387	0.98053324	1.0
SPIKE	S97:C>T	8	225860	3.5420173E-5	40.113083	38.875	TRUE	C	5.8926813E-5	230.0	4.7975336E-4	0.99711674	933.8803	0.057893906	0.9765252	0.0
SPIKE	S97:C>A	102	225860	4.516072E-4	1721.092	39.17647	TRUE	C	3.178458E-5	5.0	8.3489437E-4	0.9984438	94.65439	0.0759063	0.9790545	1.0
SPIKE	S97:C>G	2	225860	8.855043E-6	4.994963	40.0	TRUE	C	5.9024318E-5	1.0	4.9770524E-4	0.997112	205.22049	0.06499288	0.9836639	1.0
SPIKE	S98:A>G	2	225860	8.855043E-6	15.891476	39.5	TRUE	A	1.340788E-5	31.0	6.064458E-4	0.9993432	169.4235	0.0977465	0.97929245	0.0
SPIKE	I98:>A	1	225860	4.4275216E-6	9999.0	39.971893	TRUE		NaN	NaN	NaN	NaN	NaN	NaN	NaN	NaN
SPIKE	S98:A>C	0	225860	0.0	9999.0	0.0	TRUE	A	2.7654758E-5	2.0	5.4935407E-4	0.99864584	55.027306	0.11357156	0.9476998	1.0
SPIKE	S98:A>T	0	225860	0.0	9999.0	0.0	TRUE	A	3.8537455E-5	3.0	5.211923E-4	0.99811345	62.935562	0.1383734	0.97700816	1.0
SPIKE	S99:T>A	0	225860	0.0	9999.0	0.0	TRUE	T	4.1259846E-5	4.0	5.051497E-4	0.9979803	84.5131	0.11032205	0.983255	1.0
SPIKE	S99:T>G	0	225860	0.0	9999.0	0.0	TRUE	T	1.2705683E-4	2.0	3.0757484E-4	0.99379355	470.33084	0.061033387	0.98053324	1.0
SPIKE	S99:T>C	0	225860	0.0	9999.0	0.0	TRUE	T	1.2273059E-5	35.0	6.0163875E-4	0.9993988	195.73116	0.07924748	0.9764899	0.0
SPIKE	S100:C>T	15	225860	6.6412824E-5	53.85535	39.666668	TRUE	C	1.4321778E-4	559.0	4.7975336E-4	0.9930069	933.8803	0.057893906	0.9765252	0.0
SPIKE	S100:C>A	61	225860	2.700788E-4	1250.332	39.34426	TRUE	C	8.394904E-6	25.0	8.3489437E-4	0.9995887	94.65439	0.0759063	0.9790545	0.0
SPIKE	S100:C>G	1	225860	4.4275216E-6	2.1505685	40.0	TRUE	C	5.9024318E-5	3.0	4.9770524E-4	0.997112	205.22049	0.06499288	0.9836639	1.0
SPIKE	S101:G>T	3	225860	1.3282564E-5	6.4053984	39.0	TRUE	G	7.796021E-5	1.0	4.650455E-4	0.9961872	251.66127	0.069999985	0.978069	1.0
SPIKE	S101:G>A	10	225860	4.4275213E-5	33.292763	39.5	TRUE	G	1.1205764E-4	474.0	1.4796731E-4	0.99452424	2181.367	0.05340313	0.9820993	0.0
SPIKE	S101:G>C	0	225860	0.0	9999.0	0.0	TRUE	G	6.7724344E-5	0.0	3.9605168E-4	0.996687	226.93185	0.067431174	0.9827621	1.0
SPIKE	S102:T>C	1	225860	4.4275216E-6	9.921808	40.0	TRUE	T	8.065153E-6	23.0	6.0163875E-4	0.9996049	195.73116	0.07924748	0.9764899	0.0
SPIKE	S102:T>A	0	225860	0.0	9999.0	0.0	TRUE	T	4.1259846E-5	1.0	5.051497E-4	0.9979803	84.5131	0.11032205	0.983255	1.0
SPIKE	S102:T>G	0	225860	0.0	9999.0	0.0	TRUE	T	1.2705683E-4	0.0	3.0757484E-4	0.99379355	470.33084	0.061033387	0.98053324	1.0
SPIKE	S103:G>T	5	225860	2.2137607E-5	73.59933	38.2	TRUE	G	4.0271702E-6	13.0	4.650455E-4	0.9998027	251.66127	0.069999985	0.978069	0.0
SPIKE	S103:G>A	3	225860	1.3282564E-5	24.482496	39.0	TRUE	G	1.4657329E-5	62.0	1.4796731E-4	0.99928206	2181.367	0.05340313	0.9820993	0.0
SPIKE	S103:G>C	0	225860	0.0	9999.0	0.0	TRUE	G	6.7724344E-5	1.0	3.9605168E-4	0.996687	226.93185	0.067431174	0.9827621	1.0
SPIKE	S104:G>T	1	225860	4.4275216E-6	1.394041	38.0	TRUE	G	7.796021E-5	7.0	4.650455E-4	0.9961872	251.66127	0.069999985	0.978069	1.0
SPIKE	S104:G>A	6	225860	2.6565129E-5	43.374107	38.333332	TRUE	G	2.7186981E-5	115.0	1.4796731E-4	0.99866873	2181.367	0.05340313	0.9820993	0.0
SPIKE	S104:G>C	0	225860	0.0	9999.0	0.0	TRUE	G	6.7724344E-5	0.0	3.9605168E-4	0.996687	226.93185	0.067431174	0.9827621	1.0
SPIKE	S105:C>T	35	225860	1.5496326E-4	102.7518	39.285713	TRUE	C	3.6457763E-4	1423.0	4.7975336E-4	0.9822943	933.8803	0.057893906	0.9765252	0.0
SPIKE	S105:C>A	19	225860	8.4122905E-5	195.00212	39.36842	TRUE	C	3.178458E-5	6.0	8.3489437E-4	0.9984438	94.65439	0.0759063	0.9790545	1.0
SPIKE	S105:C>G	0	225860	0.0	9999.0	0.0	TRUE	C	5.9024318E-5	2.0	4.9770524E-4	0.997112	205.22049	0.06499288	0.9836639	1.0
SPIKE	S106:G>T	8	225860	3.5420173E-5	106.21204	38.125	TRUE	G	7.7445575E-6	25.0	4.650455E-4	0.9996206	251.66127	0.069999985	0.978069	0.0
SPIKE	S106:G>A	5	225860	2.2137607E-5	13.957967	39.0	TRUE	G	8.203376E-5	347.0	1.4796731E-4	0.9959884	2181.367	0.05340313	0.9820993	0.0
SPIKE	S106:G>C	0	225860	0.0	9999.0	0.0	TRUE	G	6.7724344E-5	0.0	3.9605168E-4	0.996687	226.93185	0.067431174	0.9827621	1.0
SPIKE	S107:G>T	4	225860	1.7710086E-5	10.213768	39.25	TRUE	G	7.796021E-5	0.0	4.650455E-4	0.9961872	251.66127	0.069999985	0.978069	1.0
SPIKE	S107:G>A	17	225860	7.526787E-5	19.079865	39.52941	TRUE	G	3.706886E-4	1568.0	1.4796731E-4	0.98200023	2181.367	0.05340313	0.9820993	0.0
SPIKE	S107:G>C	0	225860	0.0	9999.0	0.0	TRUE	G	6.7724344E-5	3.0	3.9605168E-4	0.996687	226.93185	0.067431174	0.9827621	1.0
SPIKE	S108:C>T	19	225860	8.4122905E-5	34.95146	39.473682	TRUE	C	3.0590701E-4	1194.0	4.7975336E-4	0.9851223	933.8803	0.057893906	0.9765252	0.0
SPIKE	S108:C>A	21	225860	9.297795E-5	223.09117	39.238094	TRUE	C	3.178458E-5	3.0	8.3489437E-4	0.9984438	94.65439	0.0759063	0.9790545	1.0
SPIKE	S108:C>G	0	225860	0.0	9999.0	0.0	TRUE	C	5.9024318E-5	2.0	4.9770524E-4	0.997112	205.22049	0.06499288	0.9836639	1.0
SPIKE	S109:A>T	1	225860	4.4275216E-6	3.5606153	37.0	TRUE	A	3.8537455E-5	7.0	5.211923E-4	0.99811345	62.935562	0.1383734	0.97700816	1.0
SPIKE	S109:A>G	3	225860	1.3282564E-5	14.037318	40.0	TRUE	A	3.5898516E-5	83.0	6.064458E-4	0.9982425	169.4235	0.0977465	0.97929245	0.0
SPIKE	S109:A>C	0	225860	0.0	9999.0	0.0	TRUE	A	6.0307716E-6	12.0	5.4935407E-4	0.99970454	55.027306	0.11357156	0.9476998	0.0
SPIKE	S110:G>T	1	225860	4.4275216E-6	1.394041	40.0	TRUE	G	7.796021E-5	5.0	4.650455E-4	0.9961872	251.66127	0.069999985	0.978069	1.0
SPIKE	S110:G>A	2	225860	8.855043E-6	7.4117208	39.0	TRUE	G	4.0662268E-5	172.0	1.4796731E-4	0.9980095	2181.367	0.05340313	0.9820993	0.0
SPIKE	S110:G>C	0	225860	0.0	9999.0	0.0	TRUE	G	6.7724344E-5	0.0	3.9605168E-4	0.996687	226.93185	0.067431174	0.9827621	1.0
SPIKE	S111:C>T	40	225860	1.7710085E-4	106.00361	38.8	TRUE	C	4.5014962E-4	1757.0	4.7975336E-4	0.97818416	933.8803	0.057893906	0.9765252	0.0
SPIKE	S111:C>A	14	225860	6.19853E-5	128.44823	39.0	TRUE	C	3.178458E-5	3.0	8.3489437E-4	0.9984438	94.65439	0.0759063	0.9790545	1.0
SPIKE	S111:C>G	1	225860	4.4275216E-6	2.1505685	38.0	TRUE	C	5.9024318E-5	6.0	4.9770524E-4	0.997112	205.22049	0.06499288	0.9836639	1.0
SPIKE	S112:G>T	3	225858	1.3282682E-5	6.405473	39.333332	TRUE	G	7.796021E-5	7.0	4.650455E-4	0.9961872	251.65904	0.069999985	0.978069	1.0
SPIKE	S112:G>A	9	225858	3.9848048E-5	1.5925199	39.444443	TRUE	G	4.248299E-4	1797.0	1.4796731E-4	0.9793985	2181.3477	0.05340313	0.9820993	0.0
SPIKE	S112:G>C	0	225858	0.0	9999.0	0.0	TRUE	G	3.8796857E-6	13.0	3.9605168E-4	0.9998099	226.92986	0.067431174	0.9827621	0.0
SPIKE	S113:T>A	0	225858	0.0	9999.0	0.0	TRUE	T	4.1259846E-5	4.0	5.051497E-4	0.9979803	84.51235	0.11032205	0.983255	1.0
SPIKE	S113:T>G	0	225858	0.0	9999.0	0.0	TRUE	T	1.2705683E-4	8.0	3.0757484E-4	0.99379355	470.32666	0.061033387	0.98053324	1.0
SPIKE	S113:T>C	0	225858	0.0	9999.0	0.0	TRUE	T	1.998773E-5	57.0	6.0163875E-4	0.99902105	195.72942	0.07924748	0.9764899	0.0
SPIKE	S114:G>T	3	225858	1.3282682E-5	6.405473	39.333332	TRUE	G	7.796021E-5	2.0	4.650455E-4	0.9961872	251.65904	0.069999985	0.978069	1.0
SPIKE	S114:G>C	2	225858	8.855121E-6	4.193773	38.5	TRUE	G	6.7724344E-5	2.0	3.9605168E-4	0.996687	226.92986	0.067431174	0.9827621	1.0
SPIKE	S114:G>A	0	225858	0.0	9999.0	0.0	TRUE	G	1.0165657E-5	43.0	1.4796731E-4	0.999502	2181.3477	0.05340313	0.9820993	0.0
SPIKE	S115:A>G	5	225858	2.2137803E-5	17.550827	39.6	TRUE	A	6.5742446E-5	152.0	6.064458E-4	0.9967838	169.422	0.0977465	0.97929245	0.0
SPIKE	S115:A>C	0	225858	0.0	9999.0	0.0	TRUE	A	2.7654758E-5	2.0	5.4935407E-4	0.99864584	55.026817	0.11357156	0.9476998	1.0
SPIKE	S115:A>T	0	225858	0.0	9999.0	0.0	TRUE	A	3.8537455E-5	5.0	5.211923E-4	0.99811345	62.935005	0.1383734	0.97700816	1.0
SPIKE	S116:C>T	6	225858	2.6565363E-5	67.45484	37.0	TRUE	C	1.0248233E-5	40.0	4.7975336E-4	0.99949795	933.872	0.057893906	0.9765252	0.0
SPIKE	S116:C>G	1	225858	4.4275607E-6	2.1505947	36.0	TRUE	C	5.9024318E-5	0.0	4.9770524E-4	0.997112	205.21867	0.06499288	0.9836639	1.0
SPIKE	S116:C>A	8	225858	3.5420486E-5	109.408646	40.0	TRUE	C	7.051782E-6	21.0	8.3489437E-4	0.99965453	94.65355	0.0759063	0.9790545	0.0
SPIKE	S117:C>T	5	225858	2.2137803E-5	47.91228	39.2	TRUE	C	1.3578908E-5	53.0	4.7975336E-4	0.9993349	933.872	0.057893906	0.9765252	0.0
SPIKE	S117:C>G	1	225858	4.4275607E-6	2.1505947	38.0	TRUE	C	5.9024318E-5	2.0	4.9770524E-4	0.997112	205.21867	0.06499288	0.9836639	1.0
SPIKE	S117:C>A	51	225858	2.2580559E-4	425.14783	38.882355	TRUE	C	1.2357408E-4	368.0	8.3489437E-4	0.9939632	94.65355	0.0759063	0.9790545	0.0
SPIKE	S118:T>A	0	225858	0.0	9999.0	0.0	TRUE	T	4.5403605E-5	93.0	5.051497E-4	0.9977777	84.51235	0.11032205	0.983255	0.0
SPIKE	S118:T>G	0	225858	0.0	9999.0	0.0	TRUE	T	8.104377E-6	30.0	3.0757484E-4	0.999603	470.32666	0.061033387	0.98053324	0.0
SPIKE	S118:T>C	0	225858	0.0	9999.0	0.0	TRUE	T	1.0099064E-4	288.0	6.0163875E-4	0.99506366	195.72942	0.07924748	0.9764899	0.0
SPIKE	S119:A>G	7	225858	3.0992924E-5	71.18107	39.142857	TRUE	A	1.4705547E-5	34.0	6.064458E-4	0.9992797	169.422	0.0977465	0.97929245	0.0
SPIKE	S119:A>C	0	225858	0.0	9999.0	0.0	TRUE	A	2.7654758E-5	5.0	5.4935407E-4	0.99864584	55.026817	0.11357156	0.9476998	1.0
SPIKE	S119:A>T	0	225858	0.0	9999.0	0.0	TRUE	A	6.1233736E-6	10.0	5.211923E-4	0.9997	62.935005	0.1383734	0.97700816	0.0
SPIKE	S120:T>A	0	225858	0.0	9999.0	0.0	TRUE	T	4.1259846E-5	2.0	5.051497E-4	0.9979803	84.51235	0.11032205	0.983255	1.0
SPIKE	S120:T>G	0	225858	0.0	9999.0	0.0	TRUE	T	1.2705683E-4	9.0	3.0757484E-4	0.99379355	470.32666	0.061033387	0.98053324	1.0
SPIKE	S120:T>C	0	225858	0.0	9999.0	0.0	TRUE	T	8.7665485E-6	25.0	6.0163875E-4	0.99957055	195.72942	0.07924748	0.9764899	0.0
SPIKE	S121:G>T	4	225858	1.7710243E-5	10.213875	38.25	TRUE	G	7.796021E-5	8.0	4.650455E-4	0.9961872	251.65904	0.069999985	0.978069	1.0
SPIKE	S121:G>A	6	225858	2.6565363E-5	56.924885	39.333332	TRUE	G	1.5603102E-5	66.0	1.4796731E-4	0.99923575	2181.3477	0.05340313	0.9820993	0.0
SPIKE	S121:G>C	0	225858	0.0	9999.0	0.0	TRUE	G	6.7724344E-5	1.0	3.9605168E-4	0.996687	226.92986	0.067431174	0.9827621	1.0
SPIKE	S122:T>C	3	225858	1.3282682E-5	29.428782	37.666668	TRUE	T	9.818535E-6	28.0	6.0163875E-4	0.999519	195.72942	0.07924748	0.9764899	0.0
SPIKE	S122:T>A	0	225858	0.0	9999.0	0.0	TRUE	T	4.1259846E-5	2.0	5.051497E-4	0.9979803	84.51235	0.11032205	0.983255	1.0
SPIKE	S122:T>G	0	225858	0.0	9999.0	0.0	TRUE	T	1.2705683E-4	6.0	3.0757484E-4	0.99379355	470.32666	0.061033387	0.98053324	1.0
SPIKE	S123:G>T	2	225858	8.855121E-6	25.339428	38.0	TRUE	G	4.336991E-6	14.0	4.650455E-4	0.9997875	251.65904	0.069999985	0.978069	0.0
SPIKE	S123:G>A	6	225858	2.6565363E-5	50.688267	39.333332	TRUE	G	2.0094903E-5	85.0	1.4796731E-4	0.9990158	2181.3477	0.05340313	0.9820993	0.0
SPIKE	S123:G>C	0	225858	0.0	9999.0	0.0	TRUE	G	6.7724344E-5	2.0	3.9605168E-4	0.996687	226.92986	0.067431174	0.9827621	1.0
SPIKE	S124:T>A	0	225858	0.0	9999.0	0.0	TRUE	T	4.1259846E-5	5.0	5.051497E-4	0.9979803	84.51235	0.11032205	0.983255	1.0
SPIKE	S124:T>G	0	225858	0.0	9999.0	0.0	TRUE	T	2.971605E-6	11.0	3.0757484E-4	0.9998544	470.32666	0.061033387	0.98053324	0.0
SPIKE	S124:T>C	0	225858	0.0	9999.0	0.0	TRUE	T	2.2442364E-5	64.0	6.0163875E-4	0.99890095	195.72942	0.07924748	0.9764899	0.0
SPIKE	S125:G>T	3	225858	1.3282682E-5	41.741024	38.666668	TRUE	G	3.7174207E-6	12.0	4.650455E-4	0.99981785	251.65904	0.069999985	0.978069	0.0
SPIKE	S125:G>A	5	225858	2.2137803E-5	40.612133	38.4	TRUE	G	1.938567E-5	82.0	1.4796731E-4	0.99905056	2181.3477	0.05340313	0.9820993	0.0
SPIKE	S125:G>C	0	225858	0.0	9999.0	0.0	TRUE	G	6.7724344E-5	9.0	3.9605168E-4	0.996687	226.92986	0.067431174	0.9827621	1.0
SPIKE	S126:C>T	64	225858	2.833639E-4	189.95714	38.609375	TRUE	C	6.387211E-4	2493.0	4.7975336E-4	0.9691874	933.872	0.057893906	0.9765252	0.0
SPIKE	S126:C>G	1	225858	4.4275607E-6	2.1505947	40.0	TRUE	C	5.9024318E-5	9.0	4.9770524E-4	0.997112	205.21867	0.06499288	0.9836639	1.0
SPIKE	S126:C>A	18	225858	7.9696096E-5	181.287	38.88889	TRUE	C	3.178458E-5	3.0	8.3489437E-4	0.9984438	94.65355	0.0759063	0.9790545	1.0
SPIKE	S127:G>T	5	225858	2.2137803E-5	48.309956	37.6	TRUE	G	1.3320758E-5	43.0	4.650455E-4	0.9993475	251.65904	0.069999985	0.978069	0.0
SPIKE	S127:G>A	5	225858	2.2137803E-5	21.134878	38.2	TRUE	G	5.34288E-5	226.0	1.4796731E-4	0.99738544	2181.3477	0.05340313	0.9820993	0.0
SPIKE	S127:G>C	0	225858	0.0	9999.0	0.0	TRUE	G	6.7724344E-5	3.0	3.9605168E-4	0.996687	226.92986	0.067431174	0.9827621	1.0
SPIKE	S128:G>A	5	225858	2.2137803E-5	33.341476	38.0	TRUE	G	2.7896454E-5	118.0	1.4796731E-4	0.998634	2181.3477	0.05340313	0.9820993	0.0
SPIKE	S128:G>T	3	225858	1.3282682E-5	6.405473	39.333332	TRUE	G	7.796021E-5	3.0	4.650455E-4	0.9961872	251.65904	0.069999985	0.978069	1.0
SPIKE	S128:G>C	0	225858	0.0	9999.0	0.0	TRUE	G	6.7724344E-5	7.0	3.9605168E-4	0.996687	226.92986	0.067431174	0.9827621	1.0
SPIKE	S129:C>A	15	225858	6.641341E-5	141.14111	38.8	TRUE	C	3.178458E-5	2.0	8.3489437E-4	0.9984438	94.65355	0.0759063	0.9790545	1.0
SPIKE	S129:C>G	1	225858	4.4275607E-6	2.1505947	36.0	TRUE	C	5.9024318E-5	7.0	4.9770524E-4	0.997112	205.21867	0.06499288	0.9836639	1.0
SPIKE	S129:C>T	34	225858	1.5053706E-4	123.26836	36.82353	TRUE	C	2.8925636E-4	1129.0	4.7975336E-4	0.9859264	933.872	0.057893906	0.9765252	0.0
SPIKE	S130:G>A	3	225858	1.3282682E-5	6.63469	38.333332	TRUE	G	7.588781E-5	321.0	1.4796731E-4	0.9962884	2181.3477	0.05340313	0.9820993	0.0
SPIKE	S130:G>T	6	225858	2.6565363E-5	19.958609	36.833332	TRUE	G	7.796021E-5	9.0	4.650455E-4	0.9961872	251.65904	0.069999985	0.978069	1.0
SPIKE	S130:G>C	0	225858	0.0	9999.0	0.0	TRUE	G	6.7724344E-5	2.0	3.9605168E-4	0.996687	226.92986	0.067431174	0.9827621	1.0
SPIKE	S131:G>A	12	225858	5.3130727E-5	2.2971704	38.666668	TRUE	G	5.1064696E-4	2160.0	1.4796731E-4	0.97528875	2181.3477	0.05340313	0.9820993	0.0
SPIKE	S131:G>C	1	225858	4.4275607E-6	4.361263	40.0	TRUE	G	3.1037485E-5	104.0	3.9605168E-4	0.9984803	226.92986	0.067431174	0.9827621	0.0
SPIKE	S131:G>T	1	225858	4.4275607E-6	1.3940625	35.0	TRUE	G	7.796021E-5	9.0	4.650455E-4	0.9961872	251.65904	0.069999985	0.978069	1.0
SPIKE	S132:C>A	20	225858	8.855121E-5	208.94142	38.7	TRUE	C	3.178458E-5	7.0	8.3489437E-4	0.9984438	94.65355	0.0759063	0.9790545	1.0
SPIKE	S132:C>T	24	225858	1.06261454E-4	96.88549	35.583332	TRUE	C	1.8831127E-4	735.0	4.7975336E-4	0.99081516	933.872	0.057893906	0.9765252	0.0
SPIKE	S132:C>G	0	225858	0.0	9999.0	0.0	TRUE	C	5.9024318E-5	6.0	4.9770524E-4	0.997112	205.21867	0.06499288	0.9836639	1.0
SPIKE	S133:A>G	2	225857	8.855161E-6	9.957861	37.5	TRUE	A	2.8546188E-5	66.0	6.064458E-4	0.9986022	169.42123	0.0977465	0.97929245	0.0
SPIKE	S133:A>T	2	225857	8.855161E-6	7.7845273	36.5	TRUE	A	3.8537455E-5	7.0	5.211923E-4	0.99811345	62.934727	0.1383734	0.97700816	1.0
SPIKE	S133:A>C	0	225857	0.0	9999.0	0.0	TRUE	A	6.5334225E-6	13.0	5.4935407E-4	0.9996799	55.026573	0.11357156	0.9476998	0.0
SPIKE	S134:G>A	10	225857	4.4275803E-5	20.398659	37.2	TRUE	G	1.6997999E-4	719.0	1.4796731E-4	0.9917056	2181.338	0.05340313	0.9820993	0.0
SPIKE	S134:G>C	2	225857	8.855161E-6	20.418457	35.5	TRUE	G	7.759406E-6	26.0	3.9605168E-4	0.99961984	226.92885	0.067431174	0.9827621	0.0
SPIKE	S134:G>T	1	225857	4.4275803E-6	10.45428	32.0	TRUE	G	7.125088E-6	23.0	4.650455E-4	0.99965096	251.65793	0.069999985	0.978069	0.0
SPIKE	S135:C>A	0	225857	0.0	9999.0	0.0	TRUE	C	1.3465605E-4	401.0	8.3489437E-4	0.9934236	94.65313	0.0759063	0.9790545	0.0
SPIKE	S135:C>G	0	225857	0.0	9999.0	0.0	TRUE	C	9.779011E-6	34.0	4.9770524E-4	0.99952096	205.21777	0.06499288	0.9836639	0.0
SPIKE	S135:C>T	0	225857	0.0	9999.0	0.0	TRUE	C	7.132801E-4	2784.0	4.7975336E-4	0.965653	933.8679	0.057893906	0.9765252	0.0
SPIKE	S136:C>A	0	225857	0.0	9999.0	0.0	TRUE	C	9.536738E-5	284.0	8.3489437E-4	0.9953379	94.65313	0.0759063	0.9790545	0.0
SPIKE	S136:C>G	0	225857	0.0	9999.0	0.0	TRUE	C	5.1771235E-6	18.0	4.9770524E-4	0.9997464	205.21777	0.06499288	0.9836639	0.0
SPIKE	S136:C>T	0	225857	0.0	9999.0	0.0	TRUE	C	3.9788938E-4	1553.0	4.7975336E-4	0.98069227	933.8679	0.057893906	0.9765252	0.0
SPIKE	I137:>T	2	225857	8.855161E-6	9999.0	39.394825	TRUE		NaN	NaN	NaN	NaN	NaN	NaN	NaN	NaN
SPIKE	D137-138:T>	4	225857	1.7710321E-5	9999.0	39.394825	TRUE		NaN	NaN	NaN	NaN	NaN	NaN	NaN	NaN
SPIKE	S137:T>A	0	225857	0.0	9999.0	0.0	TRUE	T	1.2205324E-5	25.0	5.051497E-4	0.9994021	84.51198	0.11032205	0.983255	0.0
SPIKE	S137:T>G	0	225857	0.0	9999.0	0.0	TRUE	T	1.8775224E-4	695.0	3.0757484E-4	0.99084234	470.3246	0.061033387	0.98053324	0.0
SPIKE	S137:T>C	0	225857	0.0	9999.0	0.0	TRUE	T	2.2898326E-4	653.0	6.0163875E-4	0.98884255	195.72855	0.07924748	0.9764899	0.0
SPIKE	S138:G>A	0	225857	0.0	9999.0	0.0	TRUE	G	1.5532247E-4	657.0	1.4796731E-4	0.9924181	2181.338	0.05340313	0.9820993	0.0
SPIKE	S138:G>C	0	225857	0.0	9999.0	0.0	TRUE	G	7.460967E-6	25.0	3.9605168E-4	0.9996345	226.92885	0.067431174	0.9827621	0.0
SPIKE	S138:G>T	0	225857	0.0	9999.0	0.0	TRUE	G	6.536493E-5	211.0	4.650455E-4	0.9968023	251.65793	0.069999985	0.978069	0.0
SPIKE	S139:A>G	0	225857	0.0	9999.0	0.0	TRUE	A	1.3840577E-4	320.0	6.064458E-4	0.9932411	169.42123	0.0977465	0.97929245	0.0
SPIKE	S139:A>C	0	225857	0.0	9999.0	0.0	TRUE	A	2.7654758E-5	3.0	5.4935407E-4	0.99864584	55.026573	0.11357156	0.9476998	1.0
SPIKE	S139:A>T	0	225857	0.0	9999.0	0.0	TRUE	A	4.6844015E-4	765.0	5.211923E-4	0.97730786	62.934727	0.1383734	0.97700816	0.0
SPIKE	S140:T>A	0	225857	0.0	9999.0	0.0	TRUE	T	2.0016733E-4	410.0	5.051497E-4	0.99023974	84.51198	0.11032205	0.983255	0.0
SPIKE	S140:T>G	0	225857	0.0	9999.0	0.0	TRUE	T	3.26878E-5	121.0	3.0757484E-4	0.99839956	470.3246	0.061033387	0.98053324	0.0
SPIKE	S140:T>C	0	225857	0.0	9999.0	0.0	TRUE	T	1.7883838E-5	51.0	6.0163875E-4	0.99912405	195.72855	0.07924748	0.9764899	0.0
SPIKE	S141:T>A	0	225857	0.0	9999.0	0.0	TRUE	T	8.9001225E-4	1823.0	5.051497E-4	0.95732665	84.51198	0.11032205	0.983255	0.0
SPIKE	S141:T>G	0	225857	0.0	9999.0	0.0	TRUE	T	5.213839E-5	193.0	3.0757484E-4	0.9974485	470.3246	0.061033387	0.98053324	0.0
SPIKE	S141:T>C	0	225857	0.0	9999.0	0.0	TRUE	T	3.3313034E-5	95.0	6.0163875E-4	0.998369	195.72855	0.07924748	0.9764899	0.0
SPIKE	I142:>CTGATT	1	225857	4.4275803E-6	9999.0	39.353485	TRUE		NaN	NaN	NaN	NaN	NaN	NaN	NaN	NaN
SPIKE	S142:A>G	0	225857	0.0	9999.0	0.0	TRUE	A	0.0010639942	2460.0	6.064458E-4	0.94920003	169.42123	0.0977465	0.97929245	0.0
SPIKE	S142:A>C	0	225857	0.0	9999.0	0.0	TRUE	A	1.0302705E-4	205.0	5.4935407E-4	0.9949644	55.026573	0.11357156	0.9476998	0.0
SPIKE	S142:A>T	0	225857	0.0	9999.0	0.0	TRUE	A	3.147428E-4	514.0	5.211923E-4	0.9846959	62.934727	0.1383734	0.97700816	0.0
SPIKE	S143:G>A	0	225857	0.0	9999.0	0.0	TRUE	G	1.5153988E-4	641.0	1.4796731E-4	0.99260205	2181.338	0.05340313	0.9820993	0.0
SPIKE	S143:G>C	0	225857	0.0	9999.0	0.0	TRUE	G	9.0934266E-4	3047.0	3.9605168E-4	0.9564203	226.92885	0.067431174	0.9827621	0.0
SPIKE	S143:G>T	0	225857	0.0	9999.0	0.0	TRUE	G	1.5179535E-5	49.0	4.650455E-4	0.9992565	251.65793	0.069999985	0.978069	0.0
SPIKE	S144:C>A	0	225857	0.0	9999.0	0.0	TRUE	C	1.1753022E-5	35.0	8.3489437E-4	0.9994243	94.65313	0.0759063	0.9790545	0.0
SPIKE	S144:C>G	0	225857	0.0	9999.0	0.0	TRUE	C	1.9385452E-4	674.0	4.9770524E-4	0.9905461	205.21777	0.06499288	0.9836639	0.0
SPIKE	S144:C>T	0	225857	0.0	9999.0	0.0	TRUE	C	1.8293176E-4	714.0	4.7975336E-4	0.9910764	933.8679	0.057893906	0.9765252	0.0
SPIKE	S145:C>A	0	225857	0.0	9999.0	0.0	TRUE	C	1.611843E-5	48.0	8.3489437E-4	0.99921054	94.65313	0.0759063	0.9790545	0.0
SPIKE	S145:C>G	0	225857	0.0	9999.0	0.0	TRUE	C	7.909494E-5	275.0	4.9770524E-4	0.99613184	205.21777	0.06499288	0.9836639	0.0
SPIKE	S145:C>T	0	225857	0.0	9999.0	0.0	TRUE	C	9.249071E-5	361.0	4.7975336E-4	0.9954782	933.8679	0.057893906	0.9765252	0.0
SPIKE	S146:C>A	0	225857	0.0	9999.0	0.0	TRUE	C	1.1081421E-5	33.0	8.3489437E-4	0.9994572	94.65313	0.0759063	0.9790545	0.0
SPIKE	S146:C>G	0	225857	0.0	9999.0	0.0	TRUE	C	0.0010894969	3788.0	4.9770524E-4	0.9480146	205.21777	0.06499288	0.9836639	0.0
SPIKE	S146:C>T	0	225857	0.0	9999.0	0.0	TRUE	C	1.1273105E-4	440.0	4.7975336E-4	0.9944914	933.8679	0.057893906	0.9765252	0.0
SPIKE	S147:G>A	0	225857	0.0	9999.0	0.0	TRUE	G	4.3026925E-5	182.0	1.4796731E-4	0.9978939	2181.338	0.05340313	0.9820993	0.0
SPIKE	S147:G>C	0	225857	0.0	9999.0	0.0	TRUE	G	3.0649654E-4	1027.0	3.9605168E-4	0.9850939	226.92885	0.067431174	0.9827621	0.0
SPIKE	S147:G>T	0	225857	0.0	9999.0	0.0	TRUE	G	0.0013831964	4465.0	4.650455E-4	0.93446916	251.65793	0.069999985	0.978069	0.0
SPIKE	S148:T>A	0	225857	0.0	9999.0	0.0	TRUE	T	1.6111027E-5	33.0	5.051497E-4	0.9992109	84.51198	0.11032205	0.983255	0.0
SPIKE	S148:T>G	0	225857	0.0	9999.0	0.0	TRUE	T	0.0019493815	7216.0	3.0757484E-4	0.90890044	470.3246	0.061033387	0.98053324	0.0
SPIKE	S148:T>C	0	225857	0.0	9999.0	0.0	TRUE	T	1.17121606E-4	334.0	6.0163875E-4	0.9942775	195.72855	0.07924748	0.9764899	0.0
SPIKE	S149:G>A	0	225857	0.0	9999.0	0.0	TRUE	G	0.019986715	84542.0	1.4796731E-4	0.3755555	2181.338	0.05340313	0.9820993	0.0
SPIKE	S149:G>C	0	225857	0.0	9999.0	0.0	TRUE	G	0.0015187545	5089.0	3.9605168E-4	0.9282827	226.92885	0.067431174	0.9827621	0.0
SPIKE	S149:G>T	0	225857	0.0	9999.0	0.0	TRUE	G	4.903919E-4	1583.0	4.650455E-4	0.9762572	251.65793	0.069999985	0.978069	0.0
SPIKE	S150:C>A	0	225855	0.0	9999.0	0.0	TRUE	C	4.909449E-4	1462.0	8.3489437E-4	0.97623074	94.65229	0.0759063	0.9790545	0.0
SPIKE	S150:C>G	0	225855	0.0	9999.0	0.0	TRUE	C	5.519438E-4	1919.0	4.9770524E-4	0.9733172	205.21594	0.06499288	0.9836639	0.0
SPIKE	S150:C>T	0	225855	0.0	9999.0	0.0	TRUE	C	0.001865203	7280.0	4.7975336E-4	0.9126572	933.8596	0.057893906	0.9765252	0.0
SPIKE	S151:T>A	0	225847	0.0	9999.0	0.0	TRUE	T	4.1259846E-5	3.0	5.051497E-4	0.9979803	84.50824	0.11032205	0.983255	1.0
SPIKE	S151:T>G	0	225847	0.0	9999.0	0.0	TRUE	T	0.0020634749	7638.0	3.0757484E-4	0.9038333	470.30377	0.061033387	0.98053324	0.0
SPIKE	S151:T>C	0	225847	0.0	9999.0	0.0	TRUE	T	0.0014156912	4037.0	6.0163875E-4	0.93298244	195.7199	0.07924748	0.9764899	0.0
SPIKE	S152:G>A	0	225832	0.0	9999.0	0.0	TRUE	G	1.418627E-5	60.0	1.4796731E-4	0.9993051	2181.0964	0.05340313	0.9820993	0.0
SPIKE	S152:G>C	0	225832	0.0	9999.0	0.0	TRUE	G	1.0148038E-5	34.0	3.9605168E-4	0.9995029	226.90373	0.067431174	0.9827621	0.0
SPIKE	S152:G>T	0	225832	0.0	9999.0	0.0	TRUE	G	0.0012414516	4007.0	4.650455E-4	0.9409821	251.63007	0.069999985	0.978069	0.0
SPIKE	S153:G>A	0	225590	0.0	9999.0	0.0	TRUE	G	2.3669147E-6	10.0	1.4796731E-4	0.999884	2178.7593	0.05340313	0.9820993	0.0
SPIKE	S153:G>C	0	225590	0.0	9999.0	0.0	TRUE	G	5.378254E-6	18.0	3.9605168E-4	0.9997365	226.66058	0.067431174	0.9827621	0.0
SPIKE	S153:G>T	0	225590	0.0	9999.0	0.0	TRUE	G	9.614745E-6	31.0	4.650455E-4	0.999529	251.36043	0.069999985	0.978069	0.0
