#pipeline_block
reference	mutation	count	coverage	freq	score	cqs	has.reference	ancestral.allele	error.rate	minor.count.local	minor.fdr	minor.recall	minor.count.global	read.fraction.in.minors	q.filtered.read.fraction	global.est
SPIKE	S0:T>A	0	64655	0.0	9999.0	0.0	TRUE	T	1.3924515E-4	412.0	0.0016227949	0.9774226	666.63214	0.021887207	0.9805131	0.0
SPIKE	S0:T>G	0	64655	0.0	9999.0	0.0	TRUE	T	7.925736E-5	249.0	5.337164E-4	0.9870859	1772.7944	0.02059085	0.9735077	0.0
SPIKE	S0:T>C	0	64655	0.0	9999.0	0.0	TRUE	T	4.5000063E-4	1203.0	0.002043673	0.9288573	799.6708	0.024234725	0.97181684	0.0
SPIKE	S1:A>G	0	64719	0.0	9999.0	0.0	TRUE	A	2.0852993E-4	639.0	0.0012838622	0.9663793	1587.3676	0.021147415	0.9766914	0.0
SPIKE	S1:A>C	0	64719	0.0	9999.0	0.0	TRUE	A	8.723503E-5	263.0	0.0012303776	0.9857953	626.7269	0.021493226	0.95880204	0.0
SPIKE	S1:A>T	0	64719	0.0	9999.0	0.0	TRUE	A	4.765554E-4	1406.0	0.0015336758	0.92482096	725.0309	0.021969818	0.96729183	0.0
SPIKE	S2:G>A	0	65008	0.0	9999.0	0.0	TRUE	G	4.869354E-4	1518.0	0.0015813403	0.923248	1140.2168	0.020885924	0.9709654	0.0
SPIKE	S2:G>C	0	65008	0.0	9999.0	0.0	TRUE	G	1.2843264E-4	408.0	9.183048E-4	0.9791573	1806.3752	0.02048241	0.97641164	0.0
SPIKE	S2:G>T	0	65008	0.0	9999.0	0.0	TRUE	G	2.7006712E-5	86.0	0.0010779175	0.9955807	795.8575	0.02043659	0.9723073	0.0
SPIKE	S3:C>A	0	65142	0.0	9999.0	0.0	TRUE	C	2.0864652E-5	62.0	0.0017589994	0.99658406	521.5706	0.021960648	0.9740422	0.0
SPIKE	S3:C>G	0	65142	0.0	9999.0	0.0	TRUE	C	4.043942E-4	1277.0	9.758892E-4	0.9358307	1641.7638	0.020649007	0.97451884	0.0
SPIKE	S3:C>T	0	65142	0.0	9999.0	0.0	TRUE	C	3.4926672E-4	1015.0	0.0014818782	0.94432986	1201.1255	0.022448963	0.9786851	0.0
SPIKE	S4:G>A	28	65260	4.29053E-4	188.52248	39.214287	TRUE	G	3.6874413E-4	1154.0	0.0015813403	0.9413182	1144.6367	0.020885924	0.9709654	0.0
SPIKE	S4:G>C	22	65260	3.3711307E-4	88.609146	39.136364	TRUE	G	6.055043E-4	1931.0	9.183048E-4	0.9054686	1813.3776	0.02048241	0.97641164	0.0
SPIKE	S4:G>T	10	65260	1.5323322E-4	159.80081	38.6	TRUE	G	1.6892222E-5	54.0	0.0010779175	0.9972335	798.94257	0.02043659	0.9723073	0.0
SPIKE	S5:T>A	1	65296	1.5314874E-5	9.641231	36.0	TRUE	T	2.978437E-5	89.0	0.0016227949	0.99512726	673.2413	0.021887207	0.9805131	0.0
SPIKE	S5:T>C	13	65296	1.9909335E-4	41.459538	39.615383	TRUE	T	4.966973E-4	1341.0	0.002043673	0.9217711	807.5988	0.024234725	0.97181684	0.0
SPIKE	S5:T>G	0	65296	0.0	9999.0	0.0	TRUE	T	3.2683954E-4	1037.0	5.337164E-4	0.9478096	1790.3702	0.02059085	0.9735077	0.0
SPIKE	S6:G>A	30	65336	4.5916493E-4	374.833	37.066666	TRUE	G	9.670668E-5	303.0	0.0015813403	0.9842652	1145.9697	0.020885924	0.9709654	0.0
SPIKE	S6:G>C	4	65336	6.122199E-5	13.996092	39.5	TRUE	G	2.0045158E-4	640.0	9.183048E-4	0.9676604	1815.4894	0.02048241	0.97641164	0.0
SPIKE	S6:G>T	7	65336	1.0713848E-4	21.618858	39.857143	TRUE	G	3.2151624E-4	1029.0	0.0010779175	0.94863737	799.873	0.02043659	0.9723073	0.0
SPIKE	S7:A>G	19	65380	2.9060876E-4	67.92307	38.94737	TRUE	A	6.063435E-4	1877.0	0.0012838622	0.90534395	1603.58	0.021147415	0.9766914	0.0
SPIKE	S7:A>C	8	65380	1.2236158E-4	120.28278	39.25	TRUE	A	1.7730288E-5	54.0	0.0012303776	0.9970965	633.1279	0.021493226	0.95880204	0.0
SPIKE	S7:A>T	83	65380	0.0012695014	1239.0859	39.253014	TRUE	A	1.4158832E-4	422.0	0.0015336758	0.977047	732.4359	0.021969818	0.96729183	0.0
SPIKE	D7-8:A>	87	65380	0.0013306822	9999.0	39.43128	TRUE		NaN	NaN	NaN	NaN	NaN	NaN	NaN	NaN
SPIKE	S8:A>G	18	65390	2.7527145E-4	135.1407	39.444443	TRUE	A	2.0412919E-4	632.0	0.0012838622	0.96707696	1603.8252	0.021147415	0.9766914	0.0
SPIKE	S8:A>C	8	65390	1.2234287E-4	169.45467	39.75	TRUE	A	4.26775E-6	13.0	0.0012303776	0.99930036	633.22473	0.021493226	0.95880204	0.0
SPIKE	S8:A>T	76	65390	0.0011622573	1602.745	39.55263	TRUE	A	3.1198342E-5	93.0	0.0015336758	0.99489653	732.5479	0.021969818	0.96729183	0.0
SPIKE	I9:>G	1	65403	1.528982E-5	9999.0	39.57534	TRUE		NaN	NaN	NaN	NaN	NaN	NaN	NaN	NaN
SPIKE	S9:G>A	20	65403	3.0579636E-4	92.70398	39.65	TRUE	G	4.6996574E-4	1474.0	0.0015813403	0.925821	1147.1449	0.020885924	0.9709654	0.0
SPIKE	S9:G>C	4	65403	6.115928E-5	20.097998	39.0	TRUE	G	1.3016006E-4	416.0	9.183048E-4	0.97888	1817.3511	0.02048241	0.97641164	0.0
SPIKE	S9:G>T	6	65403	9.173891E-5	108.37932	39.0	TRUE	G	7.179104E-6	23.0	0.0010779175	0.99882334	800.69324	0.02043659	0.9723073	0.0
SPIKE	D9-10:G>	21	65403	3.2108618E-4	9999.0	39.57534	TRUE		NaN	NaN	NaN	NaN	NaN	NaN	NaN	NaN
SPIKE	D9-11:GA>	5	65403	7.644909E-5	9999.0	39.57534	TRUE		NaN	NaN	NaN	NaN	NaN	NaN	NaN	NaN
SPIKE	S10:A>G	4	65404	6.115834E-5	1.9129683	38.5	TRUE	A	6.7651755E-4	2095.0	0.0012838622	0.8949845	1604.1686	0.021147415	0.9766914	0.0
SPIKE	S10:A>C	10	65404	1.5289585E-4	178.81364	38.3	TRUE	A	1.08312E-5	33.0	0.0012303776	0.9982253	633.36035	0.021493226	0.95880204	0.0
SPIKE	S10:A>T	87	65404	0.0013301938	1551.1947	39.29885	TRUE	A	7.54637E-5	225.0	0.0015336758	0.9877002	732.7048	0.021969818	0.96729183	0.0
SPIKE	D10-11:A>	24	65404	3.6695003E-4	9999.0	39.54232	TRUE		NaN	NaN	NaN	NaN	NaN	NaN	NaN	NaN
SPIKE	I10:>A	1	65404	1.5289585E-5	9999.0	39.54232	TRUE		NaN	NaN	NaN	NaN	NaN	NaN	NaN	NaN
SPIKE	D10-12:AC>	5	65404	7.644793E-5	9999.0	39.54232	TRUE		NaN	NaN	NaN	NaN	NaN	NaN	NaN	NaN
SPIKE	S11:C>A	1	65404	1.5289585E-5	0.88429207	39.0	TRUE	C	3.4020626E-4	1015.0	0.0017589994	0.9457341	523.6684	0.021960648	0.9740422	0.0
SPIKE	S11:C>G	3	65404	4.5868754E-5	10.499651	36.666668	TRUE	C	1.7347364E-4	550.0	9.758892E-4	0.9719512	1648.367	0.020649007	0.97451884	0.0
SPIKE	S11:C>T	51	65404	7.797688E-4	401.22256	38.215687	TRUE	C	4.791319E-4	1398.0	0.0014818782	0.9244303	1205.9563	0.022448963	0.9786851	0.0
SPIKE	D11-12:C>	24	65404	3.6695003E-4	9999.0	39.339764	TRUE		NaN	NaN	NaN	NaN	NaN	NaN	NaN	NaN
SPIKE	S12:G>A	26	65407	3.9751097E-4	134.58263	39.46154	TRUE	G	5.113833E-4	1604.0	0.0015813403	0.9195537	1147.2151	0.020885924	0.9709654	0.0
SPIKE	S12:G>C	6	65407	9.17333E-5	6.734547	39.0	TRUE	G	5.9225457E-4	1893.0	9.183048E-4	0.9074383	1817.4623	0.02048241	0.97641164	0.0
SPIKE	S12:G>T	15	65407	2.2933325E-4	276.9498	38.666668	TRUE	G	1.3108866E-5	42.0	0.0010779175	0.99785244	800.7422	0.02043659	0.9723073	0.0
SPIKE	D12-13:G>	36	65407	5.503998E-4	9999.0	39.36753	TRUE		NaN	NaN	NaN	NaN	NaN	NaN	NaN	NaN
SPIKE	D12-14:GA>	1	65407	1.5288884E-5	9999.0	39.36753	TRUE		NaN	NaN	NaN	NaN	NaN	NaN	NaN	NaN
SPIKE	S13:A>G	5	65408	7.644325E-5	5.2358766	37.2	TRUE	A	5.4860767E-4	1699.0	0.0012838622	0.9139571	1604.2667	0.021147415	0.9766914	0.0
SPIKE	S13:A>C	11	65408	1.6817515E-4	169.63756	38.727272	TRUE	A	2.067648E-5	63.0	0.0012303776	0.9966148	633.39905	0.021493226	0.95880204	0.0
SPIKE	S13:A>T	85	65408	0.0012995353	1365.9691	39.22353	TRUE	A	1.11008696E-4	331.0	0.0015336758	0.9819593	732.7496	0.021969818	0.96729183	0.0
SPIKE	D13-14:A>	26	65408	3.975049E-4	9999.0	39.51911	TRUE		NaN	NaN	NaN	NaN	NaN	NaN	NaN	NaN
SPIKE	I14:>C	2	65408	3.05773E-5	9999.0	39.423756	TRUE		NaN	NaN	NaN	NaN	NaN	NaN	NaN	NaN
SPIKE	S14:C>A	1	65408	1.528865E-5	0.87307584	40.0	TRUE	C	3.4219638E-4	1021.0	0.0017589994	0.9454255	523.70044	0.021960648	0.9740422	0.0
SPIKE	S14:C>G	1	65408	1.528865E-5	1.7707312	40.0	TRUE	C	2.3275585E-4	738.0	9.758892E-4	0.9625474	1648.4678	0.020649007	0.97451884	0.0
SPIKE	S14:C>T	36	65408	5.503914E-4	359.0869	39.25	TRUE	C	2.0767967E-4	606.0	0.0014818782	0.96651405	1206.0302	0.022448963	0.9786851	0.0
SPIKE	D14-15:C>	22	65408	3.363503E-4	9999.0	39.423756	TRUE		NaN	NaN	NaN	NaN	NaN	NaN	NaN	NaN
SPIKE	D14-16:CA>	6	65408	9.17319E-5	9999.0	39.423756	TRUE		NaN	NaN	NaN	NaN	NaN	NaN	NaN	NaN
SPIKE	S15:A>G	3	65408	4.586595E-5	5.9741673	39.0	TRUE	A	2.835065E-4	878.0	0.0012838622	0.9545693	1604.2667	0.021147415	0.9766914	0.0
SPIKE	S15:A>C	6	65408	9.17319E-5	16.130894	39.0	TRUE	A	3.285263E-4	1001.0	0.0012303776	0.9475474	633.39905	0.021493226	0.95880204	0.0
SPIKE	S15:A>T	72	65408	0.0011007828	1253.3026	39.52778	TRUE	A	6.9422356E-5	207.0	0.0015336758	0.9886793	732.7496	0.021969818	0.96729183	0.0
SPIKE	D15-16:A>	26	65408	3.975049E-4	9999.0	39.463673	TRUE		NaN	NaN	NaN	NaN	NaN	NaN	NaN	NaN
SPIKE	I15:>A	1	65408	1.528865E-5	9999.0	39.463673	TRUE		NaN	NaN	NaN	NaN	NaN	NaN	NaN	NaN
SPIKE	I16:>G	1	65408	1.528865E-5	9999.0	39.397305	TRUE		NaN	NaN	NaN	NaN	NaN	NaN	NaN	NaN
SPIKE	S16:G>A	13	65408	1.9875244E-4	43.45864	39.846153	TRUE	G	4.7343675E-4	1485.0	0.0015813403	0.9252941	1147.2327	0.020885924	0.9709654	0.0
SPIKE	S16:G>T	20	65408	3.05773E-4	354.0678	39.6	TRUE	G	1.997511E-5	64.0	0.0010779175	0.99672943	800.75446	0.02043659	0.9723073	0.0
SPIKE	S16:G>C	12	65408	1.834638E-4	28.496271	39.083332	TRUE	G	6.022571E-4	1925.0	9.183048E-4	0.9059509	1817.49	0.02048241	0.97641164	0.0
SPIKE	D16-17:G>	21	65408	3.2106164E-4	9999.0	39.397305	TRUE		NaN	NaN	NaN	NaN	NaN	NaN	NaN	NaN
SPIKE	D16-18:GA>	14	65408	2.140411E-4	9999.0	39.397305	TRUE		NaN	NaN	NaN	NaN	NaN	NaN	NaN	NaN
SPIKE	S17:A>G	6	65408	9.17319E-5	6.892331	37.166668	TRUE	A	5.850954E-4	1812.0	0.0012838622	0.9085043	1604.2667	0.021147415	0.9766914	0.0
SPIKE	S17:A>T	96	65408	0.0014677104	1702.3689	39.208332	TRUE	A	8.484955E-5	253.0	0.0015336758	0.986181	732.7496	0.021969818	0.96729183	0.0
SPIKE	S17:A>C	14	65408	2.140411E-4	293.9212	39.357143	TRUE	A	6.8921604E-6	21.0	0.0012303776	0.9988703	633.39905	0.021493226	0.95880204	0.0
SPIKE	D17-18:A>	50	65408	7.644325E-4	9999.0	39.568783	TRUE		NaN	NaN	NaN	NaN	NaN	NaN	NaN	NaN
SPIKE	S18:A>G	4	65408	6.11546E-5	13.409358	39.25	TRUE	A	2.0923941E-4	648.0	0.0012838622	0.9662668	1604.2667	0.021147415	0.9766914	0.0
SPIKE	S18:A>T	30	65408	4.586595E-4	486.0427	39.366665	TRUE	A	4.058022E-5	121.0	0.0015336758	0.99336696	732.7496	0.021969818	0.96729183	0.0
SPIKE	S18:A>C	21	65408	3.2106164E-4	446.085	39.04762	TRUE	A	9.189547E-6	28.0	0.0012303776	0.998494	633.39905	0.021493226	0.95880204	0.0
SPIKE	S19:C>G	3	65408	4.586595E-5	22.82305	39.333332	TRUE	C	5.803127E-5	184.0	9.758892E-4	0.990528	1648.4678	0.020649007	0.97451884	0.0
SPIKE	S19:C>A	2	65408	3.05773E-5	2.1841035	39.5	TRUE	C	3.5191598E-4	1050.0	0.0017589994	0.94391966	523.70044	0.021960648	0.9740422	0.0
SPIKE	S19:C>T	15	65408	2.2932974E-4	132.40622	39.4	TRUE	C	1.2645841E-4	369.0	0.0014818782	0.9794744	1206.0302	0.022448963	0.9786851	0.0
SPIKE	D19-20:C>	13	65408	1.9875244E-4	9999.0	39.584347	TRUE		NaN	NaN	NaN	NaN	NaN	NaN	NaN	NaN
SPIKE	S20:C>G	21	65408	3.2106164E-4	294.34152	39.095238	TRUE	C	4.9200426E-5	156.0	9.758892E-4	0.9919636	1648.4678	0.020649007	0.97451884	0.0
SPIKE	S20:C>A	5	65408	7.644325E-5	38.2969	39.4	TRUE	C	7.507541E-5	224.0	0.0017589994	0.9877631	523.70044	0.021960648	0.9740422	0.0
SPIKE	S20:C>T	18	65408	2.751957E-4	151.70152	39.444443	TRUE	C	1.6209981E-4	473.0	0.0014818782	0.9737659	1206.0302	0.022448963	0.9786851	0.0
SPIKE	S21:A>G	9	65408	1.3759785E-4	26.027754	38.555557	TRUE	A	4.0879182E-4	1266.0	0.0012838622	0.93515605	1604.2667	0.021147415	0.9766914	0.0
SPIKE	S21:A>C	30	65408	4.586595E-4	217.27844	39.533333	TRUE	A	3.439516E-4	1048.0	0.0012303776	0.94515336	633.39905	0.021493226	0.95880204	0.0
SPIKE	S21:A>T	0	65408	0.0	9999.0	0.0	TRUE	A	4.795844E-5	143.0	0.0015336758	0.9921657	732.7496	0.021969818	0.96729183	0.0
SPIKE	S22:A>C	11	65408	1.6817515E-4	209.73749	40.0	TRUE	A	8.861349E-6	27.0	0.0012303776	0.9985478	633.39905	0.021493226	0.95880204	0.0
SPIKE	S22:A>G	0	65408	0.0	9999.0	0.0	TRUE	A	5.1801826E-4	0.0	0.0012838622	0.91855365	1604.2667	0.021147415	0.9766914	1.0
SPIKE	S22:A>T	0	65408	0.0	9999.0	0.0	TRUE	A	2.4574494E-4	0.0	0.0015336758	0.96049917	732.7496	0.021969818	0.96729183	1.0
SPIKE	S23:A>T	11	65408	1.6817515E-4	251.43582	40.0	TRUE	C	3.6891108E-6	11.0	0.0015336758	0.9993952	732.7496	0.021969818	0.96729183	0.0
SPIKE	S23:A>C	65370	65408	0.99941903	Infinity	39.79203	TRUE	C	2.0788037E-4	0.0	0.0012303776	0.9664822	633.39905	0.021493226	0.95880204	1.0
SPIKE	S23:A>G	0	65408	0.0	9999.0	0.0	TRUE	C	5.1801826E-4	0.0	0.0012838622	0.91855365	1604.2667	0.021147415	0.9766914	1.0
SPIKE	S24:A>G	11	65408	1.6817515E-4	245.28215	40.0	TRUE	T	4.197704E-6	13.0	0.0012838622	0.9993118	1604.2667	0.021147415	0.9766914	0.0
SPIKE	S24:A>T	65370	65408	0.99941903	Infinity	39.79203	TRUE	T	2.4574494E-4	0.0	0.0015336758	0.96049917	732.7496	0.021969818	0.96729183	1.0
SPIKE	S24:A>C	0	65408	0.0	9999.0	0.0	TRUE	T	3.0489604E-4	929.0	0.0012303776	0.9512266	633.39905	0.021493226	0.95880204	0.0
SPIKE	S25:A>G	65370	65408	0.99941903	Infinity	39.792015	TRUE	G	5.1801826E-4	0.0	0.0012838622	0.91855365	1604.2667	0.021147415	0.9766914	1.0
SPIKE	D25-26:A>	11	65408	1.6817515E-4	9999.0	39.7796	TRUE		NaN	NaN	NaN	NaN	NaN	NaN	NaN	NaN
SPIKE	S25:A>C	0	65408	0.0	9999.0	0.0	TRUE	G	4.5947736E-6	14.0	0.0012303776	0.9992467	633.39905	0.021493226	0.95880204	0.0
SPIKE	S25:A>T	0	65408	0.0	9999.0	0.0	TRUE	G	3.1558666E-4	941.0	0.0015336758	0.94956034	732.7496	0.021969818	0.96729183	0.0
SPIKE	S26:T>A	1	65413	1.5287482E-5	6.274661	40.0	TRUE	T	6.614334E-5	198.0	0.0016227949	0.98921114	674.4476	0.021887207	0.9805131	0.0
SPIKE	S26:T>C	3	65413	4.586244E-5	3.2687352	40.0	TRUE	T	4.115103E-4	1113.0	0.002043673	0.93473923	809.04596	0.024234725	0.97181684	0.0
SPIKE	S26:T>G	0	65413	0.0	9999.0	0.0	TRUE	T	3.3286182E-4	1058.0	5.337164E-4	0.9468739	1793.5782	0.02059085	0.9735077	0.0
SPIKE	S27:G>A	8	65413	1.2229985E-4	51.037113	39.0	TRUE	G	1.4217956E-4	446.0	0.0015813403	0.9769523	1147.3203	0.020885924	0.9709654	0.0
SPIKE	S27:G>T	5	65413	7.6437405E-5	13.091596	38.4	TRUE	G	2.9960374E-4	960.0	0.0010779175	0.9520526	800.8157	0.02043659	0.9723073	0.0
SPIKE	D27-28:G>	3	65413	4.586244E-5	9999.0	39.608456	TRUE		NaN	NaN	NaN	NaN	NaN	NaN	NaN	NaN
SPIKE	S27:G>C	0	65413	0.0	9999.0	0.0	TRUE	G	3.347355E-5	107.0	9.183048E-4	0.9945254	1817.629	0.02048241	0.97641164	0.0
SPIKE	S28:G>A	7	65413	1.0701237E-4	52.733814	39.142857	TRUE	G	9.659284E-5	303.0	0.0015813403	0.98428357	1147.3203	0.020885924	0.9709654	0.0
SPIKE	S28:G>T	4	65413	6.114993E-5	24.844969	38.75	TRUE	G	9.518661E-5	305.0	0.0010779175	0.9845106	800.8157	0.02043659	0.9723073	0.0
SPIKE	S28:G>C	6	65413	9.172488E-5	21.83358	38.166668	TRUE	G	2.4526415E-4	784.0	9.183048E-4	0.9605749	1817.629	0.02048241	0.97641164	0.0
SPIKE	S29:G>A	6	65413	9.172488E-5	47.025738	38.333332	TRUE	G	8.065343E-5	253.0	0.0015813403	0.9868599	1147.3203	0.020885924	0.9709654	0.0
SPIKE	S29:G>T	1	65413	1.5287482E-5	6.4922943	35.0	TRUE	G	6.272954E-5	201.0	0.0010779175	0.9897651	800.8157	0.02043659	0.9723073	0.0
SPIKE	S29:G>C	2	65413	3.0574964E-5	12.785999	40.0	TRUE	G	6.8198446E-5	218.0	9.183048E-4	0.9888778	1817.629	0.02048241	0.97641164	0.0
SPIKE	S30:A>G	7	65413	1.0701237E-4	25.300915	39.714287	TRUE	A	2.7412144E-4	849.0	0.0012838622	0.9560396	1604.3893	0.021147415	0.9766914	0.0
SPIKE	S30:A>T	1	65413	1.5287482E-5	6.0772877	40.0	TRUE	A	6.941705E-5	207.0	0.0015336758	0.9886802	732.8056	0.021969818	0.96729183	0.0
SPIKE	S30:A>C	0	65413	0.0	9999.0	0.0	TRUE	A	5.5789415E-6	17.0	0.0012303776	0.9990855	633.44745	0.021493226	0.95880204	0.0
SPIKE	S31:T>A	5	65413	7.6437405E-5	31.737265	37.6	TRUE	T	1.0455993E-4	313.0	0.0016227949	0.9829984	674.4476	0.021887207	0.9805131	0.0
SPIKE	S31:T>C	5	65413	7.6437405E-5	19.586603	38.6	TRUE	T	2.0150325E-4	545.0	0.002043673	0.96749353	809.04596	0.024234725	0.97181684	0.0
SPIKE	D31-32:T>	1	65413	1.5287482E-5	9999.0	39.696285	TRUE		NaN	NaN	NaN	NaN	NaN	NaN	NaN	NaN
SPIKE	S31:T>G	0	65413	0.0	9999.0	0.0	TRUE	T	3.7753705E-6	12.0	5.337164E-4	0.999381	1793.5782	0.02059085	0.9735077	0.0
SPIKE	S32:C>T	6	65413	9.172488E-5	33.93921	39.333332	TRUE	C	1.4049861E-4	410.0	0.0014818782	0.97722167	1206.1223	0.022448963	0.9786851	0.0
SPIKE	S32:C>A	4	65413	6.114993E-5	33.901093	38.25	TRUE	C	5.3956326E-5	161.0	0.0017589994	0.9911902	523.7404	0.021960648	0.9740422	0.0
SPIKE	S32:C>G	1	65413	1.5287482E-5	7.2177057	40.0	TRUE	C	5.266566E-5	167.0	9.758892E-4	0.9914	1648.5938	0.020649007	0.97451884	0.0
SPIKE	S33:C>T	8	65413	1.2229985E-4	42.95103	39.375	TRUE	C	1.8504694E-4	540.0	0.0014818782	0.97010815	1206.1223	0.022448963	0.9786851	0.0
SPIKE	S33:C>A	4	65413	6.114993E-5	70.10356	39.25	TRUE	C	6.3675166E-6	19.0	0.0017589994	0.99895626	523.7404	0.021960648	0.9740422	0.0
SPIKE	S33:C>G	5	65413	7.6437405E-5	27.567764	39.0	TRUE	C	1.2992966E-4	412.0	9.758892E-4	0.97891694	1648.5938	0.020649007	0.97451884	0.0
SPIKE	S34:A>C	3	65413	4.586244E-5	33.618793	39.666668	TRUE	A	2.4284804E-5	74.0	0.0012303776	0.9960252	633.44745	0.021493226	0.95880204	0.0
SPIKE	S34:A>T	4	65413	6.114993E-5	29.293465	39.5	TRUE	A	7.176449E-5	214.0	0.0015336758	0.9882996	732.8056	0.021969818	0.96729183	0.0
SPIKE	S34:A>G	18	65413	2.7517465E-4	98.27568	39.61111	TRUE	A	3.4418545E-4	1066.0	0.0012838622	0.9451171	1604.3893	0.021147415	0.9766914	0.0
SPIKE	S35:T>C	4	65413	6.114993E-5	13.31341	38.5	TRUE	T	2.1074651E-4	570.0	0.002043673	0.96602803	809.04596	0.024234725	0.97181684	0.0
SPIKE	S35:T>A	2	65413	3.0574964E-5	11.3669	39.5	TRUE	T	8.184403E-5	245.0	0.0016227949	0.9866673	674.4476	0.021887207	0.9805131	0.0
SPIKE	D35-36:T>	6	65413	9.172488E-5	9999.0	39.71084	TRUE		NaN	NaN	NaN	NaN	NaN	NaN	NaN	NaN
SPIKE	S35:T>G	0	65413	0.0	9999.0	0.0	TRUE	T	7.865355E-6	25.0	5.337164E-4	0.99871093	1793.5782	0.02059085	0.9735077	0.0
SPIKE	S36:T>C	5	65413	7.6437405E-5	14.631538	40.0	TRUE	T	2.7138236E-4	734.0	0.002043673	0.9564692	809.04596	0.024234725	0.97181684	0.0
SPIKE	S36:T>A	1	65413	1.5287482E-5	6.2131124	40.0	TRUE	T	6.714551E-5	201.0	0.0016227949	0.98904854	674.4476	0.021887207	0.9805131	0.0
SPIKE	S36:T>G	1	65413	1.5287482E-5	17.903818	40.0	TRUE	T	4.4045987E-6	14.0	5.337164E-4	0.9992779	1793.5782	0.02059085	0.9735077	0.0
SPIKE	S37:A>G	12	65413	1.8344977E-4	73.93116	39.083332	TRUE	A	2.0502604E-4	635.0	0.0012838622	0.96693474	1604.3893	0.021147415	0.9766914	0.0
SPIKE	D37-38:A>	1	65413	1.5287482E-5	9999.0	39.710793	TRUE		NaN	NaN	NaN	NaN	NaN	NaN	NaN	NaN
SPIKE	S37:A>C	0	65413	0.0	9999.0	0.0	TRUE	A	5.9071144E-6	18.0	0.0012303776	0.9990317	633.44745	0.021493226	0.95880204	0.0
SPIKE	S37:A>T	0	65413	0.0	9999.0	0.0	TRUE	A	3.8229682E-5	114.0	0.0015336758	0.9937499	732.8056	0.021969818	0.96729183	0.0
SPIKE	S38:T>C	4	65413	6.114993E-5	15.385069	40.0	TRUE	T	1.8079834E-4	489.0	0.002043673	0.97078437	809.04596	0.024234725	0.97181684	0.0
SPIKE	S38:T>A	2	65413	3.0574964E-5	13.067101	39.5	TRUE	T	6.580928E-5	197.0	0.0016227949	0.9892653	674.4476	0.021887207	0.9805131	0.0
SPIKE	S38:T>G	1	65413	1.5287482E-5	18.57309	39.0	TRUE	T	3.7753705E-6	12.0	5.337164E-4	0.999381	1793.5782	0.02059085	0.9735077	0.0
SPIKE	S39:C>T	4	65413	6.114993E-5	7.834716	39.5	TRUE	C	3.3102842E-4	966.0	0.0014818782	0.94715863	1206.1223	0.022448963	0.9786851	0.0
SPIKE	S39:C>A	6	65413	9.172488E-5	93.566505	38.666668	TRUE	C	1.2735033E-5	38.0	0.0017589994	0.99791366	523.7404	0.021960648	0.9740422	0.0
SPIKE	S39:C>G	1	65413	1.5287482E-5	8.080807	40.0	TRUE	C	4.2889398E-5	136.0	9.758892E-4	0.9929908	1648.5938	0.020649007	0.97451884	0.0
SPIKE	D39-40:C>	2	65413	3.0574964E-5	9999.0	39.64915	TRUE		NaN	NaN	NaN	NaN	NaN	NaN	NaN	NaN
SPIKE	S40:G>C	1	65413	1.5287482E-5	5.8442307	40.0	TRUE	G	7.3516676E-5	235.0	9.183048E-4	0.98801565	1817.629	0.02048241	0.97641164	0.0
SPIKE	S40:G>T	1	65413	1.5287482E-5	12.333051	34.0	TRUE	G	1.5916448E-5	51.0	0.0010779175	0.99739313	800.8157	0.02043659	0.9723073	0.0
SPIKE	S40:G>A	8	65413	1.2229985E-4	24.33139	38.625	TRUE	G	3.5799923E-4	1123.0	0.0015813403	0.94297844	1147.3203	0.020885924	0.9709654	0.0
SPIKE	S41:G>C	3	65413	4.586244E-5	12.616599	36.666668	TRUE	G	1.4140228E-4	452.0	9.183048E-4	0.9770768	1817.629	0.02048241	0.97641164	0.0
SPIKE	S41:G>T	1	65413	1.5287482E-5	11.630715	40.0	TRUE	G	1.8725234E-5	60.0	0.0010779175	0.99693376	800.8157	0.02043659	0.9723073	0.0
SPIKE	S41:G>A	4	65413	6.114993E-5	32.10676	36.5	TRUE	G	6.0250983E-5	189.0	0.0015813403	0.9901675	1147.3203	0.020885924	0.9709654	0.0
SPIKE	S42:C>T	8	65413	1.2229985E-4	20.352524	39.625	TRUE	C	4.1943975E-4	1224.0	0.0014818782	0.9335244	1206.1223	0.022448963	0.9786851	0.0
SPIKE	S42:C>A	5	65413	7.6437405E-5	76.643295	39.0	TRUE	C	1.2064768E-5	36.0	0.0017589994	0.99802333	523.7404	0.021960648	0.9740422	0.0
SPIKE	S42:C>G	3	65413	4.586244E-5	9.190938	39.333332	TRUE	C	1.980481E-4	628.0	9.758892E-4	0.9680419	1648.5938	0.020649007	0.97451884	0.0
SPIKE	D42-43:C>	5	65413	7.6437405E-5	9999.0	39.478207	TRUE		NaN	NaN	NaN	NaN	NaN	NaN	NaN	NaN
SPIKE	D42-44:CG>	3	65413	4.586244E-5	9999.0	39.478207	TRUE		NaN	NaN	NaN	NaN	NaN	NaN	NaN	NaN
SPIKE	S43:G>C	3	65413	4.586244E-5	18.032297	40.0	TRUE	G	8.696866E-5	278.0	9.183048E-4	0.98583835	1817.629	0.02048241	0.97641164	0.0
SPIKE	S43:G>T	1	65413	1.5287482E-5	12.779468	34.0	TRUE	G	1.4356013E-5	46.0	0.0010779175	0.99764836	800.8157	0.02043659	0.9723073	0.0
SPIKE	S43:G>A	7	65413	1.0701237E-4	27.999443	39.142857	TRUE	G	2.4514817E-4	769.0	0.0015813403	0.96059316	1147.3203	0.020885924	0.9709654	0.0
SPIKE	S44:G>C	2	65413	3.0574964E-5	2.2357268	40.0	TRUE	G	3.475618E-4	1111.0	9.183048E-4	0.94459397	1817.629	0.02048241	0.97641164	0.0
SPIKE	S44:G>T	2	65413	3.0574964E-5	20.803135	38.5	TRUE	G	2.5591153E-5	82.0	0.0010779175	0.9958118	800.8157	0.02043659	0.9723073	0.0
SPIKE	S44:G>A	4	65413	6.114993E-5	26.531567	39.5	TRUE	G	8.5435255E-5	268.0	0.0015813403	0.9860863	1147.3203	0.020885924	0.9709654	0.0
SPIKE	S45:C>T	8	65413	1.2229985E-4	50.58257	38.25	TRUE	C	1.4426808E-4	421.0	0.0014818782	0.97661775	1206.1223	0.022448963	0.9786851	0.0
SPIKE	S45:C>A	4	65413	6.114993E-5	64.05069	39.5	TRUE	C	9.048576E-6	27.0	0.0017589994	0.99851716	523.7404	0.021960648	0.9740422	0.0
SPIKE	S45:C>G	11	65413	1.681623E-4	52.541668	39.0	TRUE	C	2.7594282E-4	875.0	9.758892E-4	0.9557541	1648.5938	0.020649007	0.97451884	0.0
SPIKE	S46:G>C	4	65413	6.114993E-5	11.55324	38.5	TRUE	G	2.4151009E-4	772.0	9.183048E-4	0.9611665	1817.629	0.02048241	0.97641164	0.0
SPIKE	S46:G>T	4	65413	6.114993E-5	51.88911	38.5	TRUE	G	1.8413148E-5	59.0	0.0010779175	0.9969848	800.8157	0.02043659	0.9723073	0.0
SPIKE	S46:G>A	13	65413	1.9873725E-4	44.07984	39.46154	TRUE	G	4.6670603E-4	1464.0	0.0015813403	0.9263161	1147.3203	0.020885924	0.9709654	0.0
SPIKE	D46-47:G>	3	65413	4.586244E-5	9999.0	39.43554	TRUE		NaN	NaN	NaN	NaN	NaN	NaN	NaN	NaN
SPIKE	S47:A>T	5	65413	7.6437405E-5	44.249615	37.8	TRUE	A	5.600313E-5	167.0	0.0015336758	0.99085754	732.8056	0.021969818	0.96729183	0.0
SPIKE	S47:A>G	10	65413	1.5287481E-4	78.10268	39.1	TRUE	A	1.1720386E-4	363.0	0.0012838622	0.9809621	1604.3893	0.021147415	0.9766914	0.0
SPIKE	S47:A>C	0	65413	0.0	9999.0	0.0	TRUE	A	4.922595E-6	15.0	0.0012303776	0.999193	633.44745	0.021493226	0.95880204	0.0
SPIKE	S48:A>T	1	65413	1.5287482E-5	1.9986846	39.0	TRUE	A	2.1462276E-4	640.0	0.0015336758	0.9654141	732.8056	0.021969818	0.96729183	0.0
SPIKE	S48:A>C	1	65413	1.5287482E-5	15.381356	40.0	TRUE	A	7.876152E-6	24.0	0.0012303776	0.99870914	633.44745	0.021493226	0.95880204	0.0
SPIKE	S48:A>G	12	65413	1.8344977E-4	83.33855	38.666668	TRUE	A	1.6789534E-4	520.0	0.0012838622	0.9728408	1604.3893	0.021147415	0.9766914	0.0
SPIKE	S49:T>C	4	65413	6.114993E-5	15.161529	39.5	TRUE	T	1.8375617E-4	497.0	0.002043673	0.97031355	809.04596	0.024234725	0.97181684	0.0
SPIKE	S49:T>A	3	65413	4.586244E-5	23.01248	39.0	TRUE	T	5.7123794E-5	171.0	0.0016227949	0.99067545	674.4476	0.021887207	0.9805131	0.0
SPIKE	D49-50:T>	7	65413	1.0701237E-4	9999.0	39.63423	TRUE		NaN	NaN	NaN	NaN	NaN	NaN	NaN	NaN
SPIKE	S49:T>G	0	65413	0.0	9999.0	0.0	TRUE	T	6.9215125E-6	22.0	5.337164E-4	0.99886554	1793.5782	0.02059085	0.9735077	0.0
SPIKE	S50:T>C	7	65413	1.0701237E-4	32.908195	38.857143	TRUE	T	2.0150325E-4	545.0	0.002043673	0.96749353	809.04596	0.024234725	0.97181684	0.0
SPIKE	S50:T>A	6	65413	9.172488E-5	48.52154	39.333332	TRUE	T	7.5831E-5	227.0	0.0016227949	0.98764074	674.4476	0.021887207	0.9805131	0.0
SPIKE	S50:T>G	0	65413	0.0	9999.0	0.0	TRUE	T	7.550741E-6	24.0	5.337164E-4	0.9987624	1793.5782	0.02059085	0.9735077	0.0
SPIKE	S51:T>C	6	65413	9.172488E-5	18.45543	39.333332	TRUE	T	2.9060835E-4	786.0	0.002043673	0.95345813	809.04596	0.024234725	0.97181684	0.0
SPIKE	S51:T>G	1	65413	1.5287482E-5	13.806152	39.0	TRUE	T	1.1326111E-5	36.0	5.337164E-4	0.99814427	1793.5782	0.02059085	0.9735077	0.0
SPIKE	S51:T>A	12	65413	1.8344977E-4	36.99927	39.416668	TRUE	T	4.8037435E-4	1438.0	0.0016227949	0.92424196	674.4476	0.021887207	0.9805131	0.0
SPIKE	S52:A>T	1	65413	1.5287482E-5	8.959051	38.0	TRUE	A	3.48762E-5	104.0	0.0015336758	0.9942966	732.8056	0.021969818	0.96729183	0.0
SPIKE	S52:A>C	1	65413	1.5287482E-5	1.1921507	39.0	TRUE	A	2.933867E-4	894.0	0.0012303776	0.9530238	633.44745	0.021493226	0.95880204	0.0
SPIKE	S52:A>G	11	65413	1.681623E-4	56.90254	39.272728	TRUE	A	2.479685E-4	768.0	0.0012838622	0.960149	1604.3893	0.021147415	0.9766914	0.0
SPIKE	S53:C>T	10	65413	1.5287481E-4	75.04757	38.7	TRUE	C	1.2644875E-4	369.0	0.0014818782	0.979476	1206.1223	0.022448963	0.9786851	0.0
SPIKE	S53:C>G	14	65413	2.1402474E-4	70.810974	38.785713	TRUE	C	3.103174E-4	984.0	9.758892E-4	0.9503813	1648.5938	0.020649007	0.97451884	0.0
SPIKE	S53:C>A	3	65413	4.586244E-5	37.350224	39.333332	TRUE	C	1.8097153E-5	54.0	0.0017589994	0.99703646	523.7404	0.021960648	0.9740422	0.0
SPIKE	D53-54:C>	14	65413	2.1402474E-4	9999.0	39.473255	TRUE		NaN	NaN	NaN	NaN	NaN	NaN	NaN	NaN
SPIKE	S54:C>T	8	65415	1.2229611E-4	42.95103	40.0	TRUE	C	1.850413E-4	540.0	0.0014818782	0.97010905	1206.1592	0.022448963	0.9786851	0.0
SPIKE	S54:C>G	8	65415	1.2229611E-4	86.0238	40.0	TRUE	C	4.8564452E-5	154.0	9.758892E-4	0.99206704	1648.6442	0.020649007	0.97451884	0.0
SPIKE	S54:C>A	9	65415	1.3758312E-4	14.823767	40.0	TRUE	C	6.273488E-4	1872.0	0.0017589994	0.90223056	523.7565	0.021960648	0.9740422	0.0
SPIKE	S55:A>T	2	65415	3.057403E-5	14.162209	40.0	TRUE	A	5.7342768E-5	171.0	0.0015336758	0.99063987	732.828	0.021969818	0.96729183	0.0
SPIKE	S55:A>C	1	65415	1.5287014E-5	1.15377086E-4	40.0	TRUE	A	0.0017008687	5183.0	0.0012303776	0.75658345	633.46686	0.021493226	0.95880204	0.0
SPIKE	S55:A>G	9	65415	1.3758312E-4	25.557585	40.0	TRUE	A	4.1552825E-4	1287.0	0.0012838622	0.9341235	1604.4384	0.021147415	0.9766914	0.0
SPIKE	S56:C>T	10	65416	1.528678E-4	78.580284	40.0	TRUE	C	1.1582037E-4	338.0	0.0014818782	0.9811847	1206.1776	0.022448963	0.9786851	0.0
SPIKE	S56:C>G	8	65416	1.2229424E-4	47.279343	40.0	TRUE	C	1.6051251E-4	509.0	9.758892E-4	0.9740194	1648.6694	0.020649007	0.97451884	0.0
SPIKE	S56:C>A	5	65416	7.64339E-5	18.378862	40.0	TRUE	C	2.1615053E-4	645.0	0.0017589994	0.96517223	523.76447	0.021960648	0.9740422	0.0
SPIKE	D56-57:C>	12	65416	1.8344136E-4	9999.0	39.99818	TRUE		NaN	NaN	NaN	NaN	NaN	NaN	NaN	NaN
SPIKE	S57:C>T	12	65416	1.8344136E-4	82.08951	40.0	TRUE	C	1.723599E-4	503.0	0.0014818782	0.97212875	1206.1776	0.022448963	0.9786851	0.0
SPIKE	S57:C>G	3	65416	4.586034E-5	24.144157	40.0	TRUE	C	5.2032545E-5	165.0	9.758892E-4	0.99150294	1648.6694	0.020649007	0.97451884	0.0
SPIKE	S57:C>A	10	65416	1.528678E-4	8.655781	40.0	TRUE	C	9.547486E-4	2849.0	0.0017589994	0.85506415	523.76447	0.021960648	0.9740422	0.0
SPIKE	S58:A>T	1	65416	1.528678E-5	0.0040511684	40.0	TRUE	A	0.0011753411	3505.0	0.0015336758	0.82468325	732.8392	0.021969818	0.96729183	0.0
SPIKE	S58:A>C	2	65416	3.057356E-5	0.02185833	40.0	TRUE	A	0.0011734929	3576.0	0.0012303776	0.82493323	633.4765	0.021493226	0.95880204	0.0
SPIKE	S58:A>G	17	65416	2.5987526E-4	75.59265	40.0	TRUE	A	4.3069635E-4	1334.0	0.0012838622	0.9318027	1604.4629	0.021147415	0.9766914	0.0
SPIKE	D58-59:A>	1	65416	1.528678E-5	9999.0	39.997494	TRUE		NaN	NaN	NaN	NaN	NaN	NaN	NaN	NaN
SPIKE	S59:T>C	7	65417	1.0700582E-4	27.275673	40.0	TRUE	T	2.5251065E-4	683.0	0.002043673	0.95943403	809.0954	0.024234725	0.97181684	0.0
SPIKE	S59:T>A	4	65417	6.114619E-5	0.075688824	40.0	TRUE	T	0.0013862529	4150.0	0.0016227949	0.7966455	674.48883	0.021887207	0.9805131	0.0
SPIKE	S59:T>G	0	65417	0.0	9999.0	0.0	TRUE	T	8.179469E-6	26.0	5.337164E-4	0.9986595	1793.688	0.02059085	0.9735077	0.0
SPIKE	S60:T>C	6	65417	9.171928E-5	4.266042	40.0	TRUE	T	7.323918E-4	1981.0	0.002043673	0.88682085	809.0954	0.024234725	0.97181684	0.0
SPIKE	S60:T>G	1	65417	1.5286547E-5	0.026905697	40.0	TRUE	T	8.884162E-4	2824.0	5.337164E-4	0.8644168	1793.688	0.02059085	0.9735077	0.0
SPIKE	S60:T>A	5	65417	7.6432734E-5	45.995274	40.0	TRUE	T	5.1441675E-5	154.0	0.0016227949	0.991599	674.48883	0.021887207	0.9805131	0.0
SPIKE	S61:G>T	3	65417	4.585964E-5	0.17355415	40.0	TRUE	G	0.0010217112	3274.0	0.0010779175	0.84572536	800.8646	0.02043659	0.9723073	0.0
SPIKE	S61:G>C	1	65417	1.5286547E-5	6.057057	40.0	TRUE	G	6.975837E-5	223.0	9.183048E-4	0.9886248	1817.7401	0.02048241	0.97641164	0.0
SPIKE	S61:G>A	4	65417	6.114619E-5	0.3960136	40.0	TRUE	G	0.0010404612	3264.0	0.0015813403	0.84312874	1147.3905	0.020885924	0.9709654	0.0
SPIKE	D61-62:G>	1	65417	1.5286547E-5	9999.0	39.99708	TRUE		NaN	NaN	NaN	NaN	NaN	NaN	NaN	NaN
SPIKE	S62:A>T	6	65418	9.171788E-5	29.957314	40.0	TRUE	A	1.6766122E-4	500.0	0.0015336758	0.97287816	732.8616	0.021969818	0.96729183	0.0
SPIKE	S62:A>C	1	65418	1.5286312E-5	17.140966	40.0	TRUE	A	5.250367E-6	16.0	0.0012303776	0.9991393	633.4959	0.021493226	0.95880204	0.0
SPIKE	S62:A>G	9	65418	1.3757682E-4	1.2322112	40.0	TRUE	A	0.0015512989	4805.0	0.0012838622	0.7753715	1604.512	0.021147415	0.9766914	0.0
SPIKE	D62-63:A>	5	65418	7.643156E-5	9999.0	39.997097	TRUE		NaN	NaN	NaN	NaN	NaN	NaN	NaN	NaN
SPIKE	I62:>A	3	65418	4.585894E-5	9999.0	39.997097	TRUE		NaN	NaN	NaN	NaN	NaN	NaN	NaN	NaN
SPIKE	S63:A>T	5	65418	7.643156E-5	28.237408	40.0	TRUE	A	1.2541059E-4	374.0	0.0015336758	0.97964275	732.8616	0.021969818	0.96729183	0.0
SPIKE	S63:A>C	1	65418	1.5286312E-5	15.381356	40.0	TRUE	A	7.87555E-6	24.0	0.0012303776	0.99870926	633.4959	0.021493226	0.95880204	0.0
SPIKE	S63:A>G	9	65418	1.3757682E-4	43.809715	40.0	TRUE	A	2.3083844E-4	715.0	0.0012838622	0.96285015	1604.512	0.021147415	0.9766914	0.0
SPIKE	S64:A>G	11	65418	1.6814943E-4	63.66187	40.0	TRUE	A	2.1082169E-4	653.0	0.0012838622	0.9660161	1604.512	0.021147415	0.9766914	0.0
SPIKE	S64:A>T	2	65418	3.0572624E-5	16.25721	40.0	TRUE	A	4.4262564E-5	132.0	0.0015336758	0.9927672	732.8616	0.021969818	0.96729183	0.0
SPIKE	S64:A>C	0	65418	0.0	9999.0	0.0	TRUE	A	1.1485177E-5	35.0	0.0012303776	0.9981182	633.4959	0.021493226	0.95880204	0.0
SPIKE	S65:A>G	5	65418	7.643156E-5	24.62893	40.0	TRUE	A	1.5206281E-4	471.0	0.0012838622	0.9753701	1604.512	0.021147415	0.9766914	0.0
SPIKE	S65:A>C	4	65418	6.114525E-5	0.022784002	40.0	TRUE	A	0.0016197382	4936.0	0.0012303776	0.7667173	633.4959	0.021493226	0.95880204	0.0
SPIKE	S65:A>T	1	65418	1.5286312E-5	11.320433	40.0	TRUE	A	2.0119347E-5	60.0	0.0015336758	0.9967059	732.8616	0.021969818	0.96729183	0.0
SPIKE	D66-69:CCA>	1	65418	1.5286312E-5	9999.0	39.998226	TRUE		NaN	NaN	NaN	NaN	NaN	NaN	NaN	NaN
SPIKE	S66:C>A	3	65418	4.585894E-5	1.1118045	40.0	TRUE	C	6.4407534E-4	1922.0	0.0017589994	0.899759	523.78046	0.021960648	0.9740422	0.0
SPIKE	S66:C>G	4	65418	6.114525E-5	37.91888	40.0	TRUE	C	4.2255444E-5	134.0	9.758892E-4	0.9930941	1648.7198	0.020649007	0.97451884	0.0
SPIKE	S66:C>T	5	65418	7.643156E-5	34.2066	40.0	TRUE	C	9.2173745E-5	269.0	0.0014818782	0.9849972	1206.2145	0.022448963	0.9786851	0.0
SPIKE	D66-67:C>	7	65418	1.0700419E-4	9999.0	39.998226	TRUE		NaN	NaN	NaN	NaN	NaN	NaN	NaN	NaN
SPIKE	S67:C>A	9	65418	1.3757682E-4	0.43398482	40.0	TRUE	C	0.0018709014	5583.0	0.0017589994	0.73577726	523.78046	0.021960648	0.9740422	0.0
SPIKE	S67:C>G	2	65418	3.0572624E-5	17.613575	40.0	TRUE	C	3.7525355E-5	119.0	9.758892E-4	0.9938647	1648.7198	0.020649007	0.97451884	0.0
SPIKE	S67:C>T	7	65418	1.0700419E-4	39.431282	40.0	TRUE	C	1.5693523E-4	458.0	0.0014818782	0.974591	1206.2145	0.022448963	0.9786851	0.0
SPIKE	S68:A>G	13	65418	1.9872206E-4	0.52006316	40.0	TRUE	A	0.0024591559	7617.0	0.0012838622	0.6681106	1604.512	0.021147415	0.9766914	0.0
SPIKE	S68:A>C	1	65418	1.5286312E-5	0.33487102	40.0	TRUE	A	4.941908E-4	1506.0	0.0012303776	0.9221501	633.4959	0.021493226	0.95880204	0.0
SPIKE	S68:A>T	2	65418	3.0572624E-5	18.62854	40.0	TRUE	A	3.319692E-5	99.0	0.0015336758	0.9945705	732.8616	0.021969818	0.96729183	0.0
SPIKE	D68-69:A>	1	65418	1.5286312E-5	9999.0	39.99665	TRUE		NaN	NaN	NaN	NaN	NaN	NaN	NaN	NaN
SPIKE	S69:G>A	5	65418	7.643156E-5	3.6101246	40.0	TRUE	G	6.515534E-4	2044.0	0.0015813403	0.8986562	1147.408	0.020885924	0.9709654	0.0
SPIKE	S69:G>C	3	65418	4.585894E-5	1.4984394E-4	40.0	TRUE	G	0.0022488127	7189.0	9.183048E-4	0.6915601	1817.768	0.02048241	0.97641164	0.0
SPIKE	S69:G>T	3	65418	4.585894E-5	40.307064	40.0	TRUE	G	1.4354916E-5	46.0	0.0010779175	0.99764854	800.8769	0.02043659	0.9723073	0.0
SPIKE	S70:C>A	5	65418	7.643156E-5	58.33849	40.0	TRUE	C	2.848408E-5	85.0	0.0017589994	0.9953395	523.78046	0.021960648	0.9740422	0.0
SPIKE	S70:C>G	7	65418	1.0700419E-4	11.279405	40.0	TRUE	C	5.326078E-4	1689.0	9.758892E-4	0.9163585	1648.7198	0.020649007	0.97451884	0.0
SPIKE	S70:C>T	4	65418	6.114525E-5	30.191334	40.0	TRUE	C	6.784536E-5	198.0	0.0014818782	0.98893505	1206.2145	0.022448963	0.9786851	0.0
SPIKE	D70-71:C>	2	65418	3.0572624E-5	9999.0	39.999115	TRUE		NaN	NaN	NaN	NaN	NaN	NaN	NaN	NaN
SPIKE	S71:C>A	4	65418	6.114525E-5	41.44632	40.0	TRUE	C	3.41809E-5	102.0	0.0017589994	0.99441004	523.78046	0.021960648	0.9740422	0.0
SPIKE	S71:C>G	2	65418	3.0572624E-5	5.5462844E-4	40.0	TRUE	C	0.0017655838	5599.0	9.758892E-4	0.7485961	1648.7198	0.020649007	0.97451884	0.0
SPIKE	S71:C>T	19	65418	2.9043993E-4	87.3319	40.0	TRUE	C	4.5435832E-4	1326.0	0.0014818782	0.92819375	1206.2145	0.022448963	0.9786851	0.0
SPIKE	S72:G>A	19	65418	2.9043993E-4	87.05846	40.0	TRUE	G	4.5615115E-4	1431.0	0.0015813403	0.9279209	1147.408	0.020885924	0.9709654	0.0
SPIKE	S72:G>C	5	65418	7.643156E-5	3.0531776	40.0	TRUE	G	6.97573E-4	2230.0	9.183048E-4	0.89189935	1817.768	0.02048241	0.97641164	0.0
SPIKE	S72:G>T	3	65418	4.585894E-5	0.2234206	37.0	TRUE	G	9.723895E-4	3116.0	0.0010779175	0.85259396	800.8769	0.02043659	0.9723073	0.0
SPIKE	S73:T>A	3	65418	4.585894E-5	23.083376	40.0	TRUE	T	5.6785397E-5	170.0	0.0016227949	0.9907304	674.49915	0.021887207	0.9805131	0.0
SPIKE	S73:T>C	16	65418	2.44581E-4	53.62817	40.0	TRUE	T	5.597295E-4	1514.0	0.002043673	0.9122916	809.1078	0.024234725	0.97181684	0.0
SPIKE	D73-74:T>	1	65418	1.5286312E-5	9999.0	39.996696	TRUE		NaN	NaN	NaN	NaN	NaN	NaN	NaN	NaN
SPIKE	S73:T>G	0	65418	0.0	9999.0	0.0	TRUE	T	0.001943538	6178.0	5.337164E-4	0.7270644	1793.7153	0.02059085	0.9735077	0.0
SPIKE	S74:G>A	6	65418	9.171788E-5	34.878883	40.0	TRUE	G	1.3483713E-4	423.0	0.0015813403	0.97812945	1147.408	0.020885924	0.9709654	0.0
SPIKE	S74:G>T	2	65418	3.0572624E-5	2.2917316	40.0	TRUE	G	3.4295765E-4	1099.0	0.0010779175	0.94530743	800.8769	0.02043659	0.9723073	0.0
SPIKE	D74-75:G>	3	65418	4.585894E-5	9999.0	39.9985	TRUE		NaN	NaN	NaN	NaN	NaN	NaN	NaN	NaN
SPIKE	S74:G>C	0	65418	0.0	9999.0	0.0	TRUE	G	3.9101626E-5	125.0	9.183048E-4	0.9936079	1817.768	0.02048241	0.97641164	0.0
SPIKE	S75:G>A	7	65418	1.0700419E-4	53.967163	40.0	TRUE	G	9.244153E-5	290.0	0.0015813403	0.98495394	1147.408	0.020885924	0.9709654	0.0
SPIKE	S75:G>C	2	65418	3.0572624E-5	14.815125	40.0	TRUE	G	5.2865398E-5	169.0	9.183048E-4	0.9913676	1817.768	0.02048241	0.97641164	0.0
SPIKE	S75:G>T	0	65418	0.0	9999.0	0.0	TRUE	G	0.001777201	5695.0	0.0010779175	0.74717116	800.8769	0.02043659	0.9723073	0.0
SPIKE	S76:T>A	1	65418	1.5286312E-5	10.492075	40.0	TRUE	T	2.4384317E-5	73.0	0.0016227949	0.99600893	674.49915	0.021887207	0.9805131	0.0
SPIKE	S76:T>G	4	65418	6.114525E-5	4.485825	40.0	TRUE	T	4.668518E-4	1484.0	5.337164E-4	0.9262939	1793.7153	0.02059085	0.9735077	0.0
SPIKE	S76:T>C	4	65418	6.114525E-5	16.991447	40.0	TRUE	T	1.6119028E-4	436.0	0.002043673	0.97391117	809.1078	0.024234725	0.97181684	0.0
SPIKE	D76-77:T>	2	65418	3.0572624E-5	9999.0	39.99847	TRUE		NaN	NaN	NaN	NaN	NaN	NaN	NaN	NaN
SPIKE	S77:T>A	3	65418	4.585894E-5	16.331547	40.0	TRUE	T	1.0087759E-4	302.0	0.0016227949	0.98359215	674.49915	0.021887207	0.9805131	0.0
SPIKE	S77:T>C	7	65418	1.0700419E-4	29.616613	40.0	TRUE	T	2.2958523E-4	621.0	0.002043673	0.96304804	809.1078	0.024234725	0.97181684	0.0
SPIKE	S77:T>G	0	65418	0.0	9999.0	0.0	TRUE	T	3.2717377E-5	104.0	5.337164E-4	0.9946487	1793.7153	0.02059085	0.9735077	0.0
SPIKE	S78:T>A	4	65418	6.114525E-5	31.608665	40.0	TRUE	T	6.2129904E-5	186.0	0.0016227949	0.98986244	674.49915	0.021887207	0.9805131	0.0
SPIKE	S78:T>G	1	65418	1.5286312E-5	1.2217447E-5	40.0	TRUE	T	0.0020265898	6442.0	5.337164E-4	0.71722853	1793.7153	0.02059085	0.9735077	0.0
SPIKE	S78:T>C	7	65418	1.0700419E-4	11.575868	40.0	TRUE	T	5.238684E-4	1417.0	0.002043673	0.91767275	809.1078	0.024234725	0.97181684	0.0
SPIKE	S79:G>A	11	65417	1.6815201E-4	80.95009	40.0	TRUE	G	1.4121456E-4	443.0	0.0015813403	0.9771069	1147.3905	0.020885924	0.9709654	0.0
SPIKE	S79:G>C	3	65417	4.585964E-5	7.00613E-5	40.0	TRUE	G	0.0023714716	7581.0	9.183048E-4	0.6777876	1817.7401	0.02048241	0.97641164	0.0
SPIKE	S79:G>T	1	65417	1.5286547E-5	1.7552035	40.0	TRUE	G	2.3405111E-4	750.0	0.0010779175	0.962343	800.8646	0.02043659	0.9723073	0.0
SPIKE	S80:C>G	6	65416	9.172068E-5	5.974744E-4	40.0	TRUE	C	0.002749526	8719.0	9.758892E-4	0.6370404	1648.6694	0.020649007	0.97451884	0.0
SPIKE	S80:C>A	5	65416	7.64339E-5	74.38405	40.0	TRUE	C	1.3404683E-5	40.0	0.0017589994	0.99780405	523.76447	0.021960648	0.9740422	0.0
SPIKE	S80:C>T	13	65416	1.9872814E-4	42.63294	40.0	TRUE	C	4.8247064E-4	1408.0	0.0014818782	0.92392427	1206.1776	0.022448963	0.9786851	0.0
SPIKE	D80-81:C>	2	65416	3.057356E-5	9999.0	39.997494	TRUE		NaN	NaN	NaN	NaN	NaN	NaN	NaN	NaN
SPIKE	S81:G>A	16	65416	2.4458847E-4	94.61427	40.0	TRUE	G	2.7669553E-4	868.0	0.0015813403	0.95563614	1147.3729	0.020885924	0.9709654	0.0
SPIKE	S81:G>T	4	65416	6.114712E-5	38.981438	40.0	TRUE	G	3.963326E-5	127.0	0.0010779175	0.9935212	800.85236	0.02043659	0.9723073	0.0
SPIKE	S81:G>C	3	65416	4.586034E-5	5.8415174	40.0	TRUE	G	2.881096E-4	921.0	9.183048E-4	0.95384896	1817.7123	0.02048241	0.97641164	0.0
SPIKE	D81-82:G>	1	65416	1.528678E-5	9999.0	39.99835	TRUE		NaN	NaN	NaN	NaN	NaN	NaN	NaN	NaN
SPIKE	S82:G>A	5	65415	7.643507E-5	34.354572	40.0	TRUE	G	9.148943E-5	287.0	0.0015813403	0.9851077	1147.3553	0.020885924	0.9709654	0.0
SPIKE	S82:G>T	4	65415	6.114806E-5	48.985497	40.0	TRUE	G	2.1845439E-5	70.0	0.0010779175	0.9964238	800.84015	0.02043659	0.9723073	0.0
SPIKE	S82:G>C	3	65415	4.586104E-5	6.4777682E-6	40.0	TRUE	G	0.0027494396	8789.0	9.183048E-4	0.6370494	1817.6846	0.02048241	0.97641164	0.0
SPIKE	S83:C>G	12	65414	1.8344697E-4	0.025074951	40.0	TRUE	C	0.003166829	10042.0	9.758892E-4	0.5949012	1648.619	0.020649007	0.97451884	0.0
SPIKE	S83:C>A	8	65414	1.2229798E-4	122.20405	40.0	TRUE	C	1.6756367E-5	50.0	0.0017589994	0.99725574	523.7485	0.021960648	0.9740422	0.0
SPIKE	S83:C>T	14	65414	2.1402146E-4	57.997555	40.0	TRUE	C	3.988729E-4	1164.0	0.0014818782	0.9366785	1206.1407	0.022448963	0.9786851	0.0
SPIKE	S84:G>A	19	65414	2.904577E-4	2.5196488	40.0	TRUE	G	0.0026953137	8455.0	0.0015813403	0.64272946	1147.3379	0.020885924	0.9709654	0.0
SPIKE	S84:G>T	2	65414	3.0574494E-5	22.761734	40.0	TRUE	G	2.028536E-5	65.0	0.0010779175	0.9966787	800.8279	0.02043659	0.9723073	0.0
SPIKE	S84:G>C	1	65414	1.5287247E-5	2.8320875	40.0	TRUE	G	1.6423687E-4	525.0	9.183048E-4	0.9734247	1817.6567	0.02048241	0.97641164	0.0
SPIKE	S85:A>G	9	65414	1.3758523E-4	23.355669	40.0	TRUE	A	4.4943605E-4	1392.0	0.0012838622	0.92894334	1604.4138	0.021147415	0.9766914	0.0
SPIKE	S85:A>T	9	65414	1.3758523E-4	0.07087399	40.0	TRUE	A	0.0023551136	7023.0	0.0015336758	0.67960835	732.8168	0.021969818	0.96729183	0.0
SPIKE	S85:A>C	0	65414	0.0	9999.0	0.0	TRUE	A	3.609848E-6	11.0	0.0012303776	0.9994082	633.45715	0.021493226	0.95880204	0.0
SPIKE	S86:T>A	5	65412	7.643858E-5	21.336748	39.8	TRUE	T	1.8239806E-4	546.0	0.0016227949	0.9705297	674.43726	0.021887207	0.9805131	0.0
SPIKE	S86:T>C	4	65412	6.115086E-5	11.752397	39.0	TRUE	T	2.3774049E-4	643.0	0.002043673	0.9617609	809.03357	0.024234725	0.97181684	0.0
SPIKE	D86-87:T>	12	65412	1.8345258E-4	9999.0	39.55022	TRUE		NaN	NaN	NaN	NaN	NaN	NaN	NaN	NaN
SPIKE	S86:T>G	0	65412	0.0	9999.0	0.0	TRUE	T	1.0382428E-5	33.0	5.337164E-4	0.9982987	1793.5509	0.02059085	0.9735077	0.0
SPIKE	S87:T>A	3	65412	4.5863144E-5	24.204206	39.333332	TRUE	T	5.177967E-5	155.0	0.0016227949	0.99154407	674.43726	0.021887207	0.9805131	0.0
SPIKE	S87:T>C	2	65412	3.057543E-5	6.057745	39.0	TRUE	T	1.7192742E-4	465.0	0.002043673	0.9721977	809.03357	0.024234725	0.97181684	0.0
SPIKE	S87:T>G	0	65412	0.0	9999.0	0.0	TRUE	T	2.7371854E-5	87.0	5.337164E-4	0.99552107	1793.5509	0.02059085	0.9735077	0.0
SPIKE	S88:T>A	5	65412	7.643858E-5	40.34819	39.2	TRUE	T	6.781466E-5	203.0	0.0016227949	0.98894	674.43726	0.021887207	0.9805131	0.0
SPIKE	S88:T>C	6	65412	9.172629E-5	20.544437	38.666668	TRUE	T	2.6140362E-4	707.0	0.002043673	0.95803577	809.03357	0.024234725	0.97181684	0.0
SPIKE	S88:T>G	0	65412	0.0	9999.0	0.0	TRUE	T	6.9216185E-6	22.0	5.337164E-4	0.9988655	1793.5509	0.02059085	0.9735077	0.0
SPIKE	S89:A>G	9	65412	1.3758944E-4	44.657387	39.11111	TRUE	A	2.2504777E-4	697.0	0.0012838622	0.96376497	1604.3649	0.021147415	0.9766914	0.0
SPIKE	S89:A>T	5	65412	7.643858E-5	27.736856	37.4	TRUE	A	1.2877563E-4	384.0	0.0015336758	0.97910225	732.7944	0.021969818	0.96729183	0.0
SPIKE	S89:A>C	1	65412	1.5287715E-5	18.042374	39.0	TRUE	A	4.2663146E-6	13.0	0.0012303776	0.99930054	633.4378	0.021493226	0.95880204	0.0
SPIKE	D89-90:A>	1	65412	1.5287715E-5	9999.0	39.547024	TRUE		NaN	NaN	NaN	NaN	NaN	NaN	NaN	NaN
SPIKE	S90:T>A	2	65412	3.057543E-5	11.429952	39.0	TRUE	T	8.117716E-5	243.0	0.0016227949	0.98677516	674.43726	0.021887207	0.9805131	0.0
SPIKE	S90:T>C	1	65412	1.5287715E-5	3.0286126	35.0	TRUE	T	1.5491954E-4	419.0	0.002043673	0.97491324	809.03357	0.024234725	0.97181684	0.0
SPIKE	S90:T>G	0	65412	0.0	9999.0	0.0	TRUE	T	5.9777612E-6	19.0	5.337164E-4	0.9990201	1793.5509	0.02059085	0.9735077	0.0
SPIKE	S91:C>G	4	65412	6.115086E-5	36.729786	39.5	TRUE	C	4.5413E-5	144.0	9.758892E-4	0.99257994	1648.5686	0.020649007	0.97451884	0.0
SPIKE	S91:C>A	3	65412	4.5863144E-5	40.258415	39.333332	TRUE	C	1.4410915E-5	43.0	0.0017589994	0.9976394	523.7324	0.021960648	0.9740422	0.0
SPIKE	S91:C>T	4	65412	6.115086E-5	4.0961328	38.75	TRUE	C	4.8935384E-4	1428.0	0.0014818782	0.9228819	1206.1039	0.022448963	0.9786851	0.0
SPIKE	S92:G>A	13	65412	1.987403E-4	47.366776	39.076923	TRUE	G	4.3323988E-4	1359.0	0.0015813403	0.93141407	1147.3027	0.020885924	0.9709654	0.0
SPIKE	S92:G>C	1	65412	1.5287715E-5	1.6951921	40.0	TRUE	G	2.393239E-4	765.0	9.183048E-4	0.96151114	1817.6012	0.02048241	0.97641164	0.0
SPIKE	S92:G>T	0	65412	0.0	9999.0	0.0	TRUE	G	6.8660243E-6	22.0	0.0010779175	0.9988746	800.8034	0.02043659	0.9723073	0.0
SPIKE	S93:T>A	3	65412	4.5863144E-5	20.001102	38.666668	TRUE	T	7.349372E-5	220.0	0.0016227949	0.98801935	674.43726	0.021887207	0.9805131	0.0
SPIKE	S93:T>C	6	65412	9.172629E-5	34.303013	39.166668	TRUE	T	1.3828141E-4	374.0	0.002043673	0.9775771	809.03357	0.024234725	0.97181684	0.0
SPIKE	S93:T>G	0	65412	0.0	9999.0	0.0	TRUE	T	2.0135618E-5	64.0	5.337164E-4	0.9967032	1793.5509	0.02059085	0.9735077	0.0
SPIKE	S94:C>G	4	65412	6.115086E-5	21.367641	39.25	TRUE	C	1.1952449E-4	379.0	9.758892E-4	0.98058885	1648.5686	0.020649007	0.97451884	0.0
SPIKE	S94:C>A	11	65412	1.6816486E-4	176.7991	39.090908	TRUE	C	1.7762291E-5	53.0	0.0017589994	0.99709123	523.7324	0.021960648	0.9740422	0.0
SPIKE	S94:C>T	12	65412	1.8345258E-4	47.96821	37.916668	TRUE	C	3.670154E-4	1071.0	0.0014818782	0.9415851	1206.1039	0.022448963	0.9786851	0.0
SPIKE	D94-95:C>	1	65412	1.5287715E-5	9999.0	39.50543	TRUE		NaN	NaN	NaN	NaN	NaN	NaN	NaN	NaN
SPIKE	S95:G>A	16	65412	2.4460343E-4	67.16245	38.6875	TRUE	G	4.3865936E-4	1376.0	0.0015813403	0.9305866	1147.3027	0.020885924	0.9709654	0.0
SPIKE	S95:G>T	2	65412	3.057543E-5	29.648312	40.0	TRUE	G	9.050668E-6	29.0	0.0010779175	0.9985168	800.8034	0.02043659	0.9723073	0.0
SPIKE	S95:G>C	3	65412	4.5863144E-5	6.67143	38.0	TRUE	G	2.6090996E-4	834.0	9.183048E-4	0.9581133	1817.6012	0.02048241	0.97641164	0.0
SPIKE	D95-98:GTC>	1	65412	1.5287715E-5	9999.0	39.423958	TRUE		NaN	NaN	NaN	NaN	NaN	NaN	NaN	NaN
SPIKE	S96:T>C	2	65412	3.057543E-5	6.3587785	39.5	TRUE	T	1.6416295E-4	444.0	0.002043673	0.9734365	809.03357	0.024234725	0.97181684	0.0
SPIKE	S96:T>A	5	65412	7.643858E-5	37.061855	39.4	TRUE	T	7.984091E-5	239.0	0.0016227949	0.98699147	674.43726	0.021887207	0.9805131	0.0
SPIKE	S96:T>G	0	65412	0.0	9999.0	0.0	TRUE	T	1.2270141E-5	39.0	5.337164E-4	0.9979897	1793.5509	0.02059085	0.9735077	0.0
SPIKE	S97:C>T	4	65412	6.115086E-5	14.76473	39.0	TRUE	C	1.8916199E-4	552.0	0.0014818782	0.9694537	1206.1039	0.022448963	0.9786851	0.0
SPIKE	S97:C>A	7	65412	1.07014006E-4	138.44283	39.285713	TRUE	C	5.362201E-6	16.0	0.0017589994	0.999121	523.7324	0.021960648	0.9740422	0.0
SPIKE	S97:C>G	10	65412	1.5287715E-4	94.816635	39.4	TRUE	C	7.789591E-5	247.0	9.758892E-4	0.9873063	1648.5686	0.020649007	0.97451884	0.0
SPIKE	S98:A>G	15	65412	2.2931572E-4	56.68871	39.066666	TRUE	A	4.6817685E-4	1450.0	0.0012838622	0.9260926	1604.3649	0.021147415	0.9766914	0.0
SPIKE	I98:>GTC	1	65412	1.5287715E-5	9999.0	39.61085	TRUE		NaN	NaN	NaN	NaN	NaN	NaN	NaN	NaN
SPIKE	S98:A>C	0	65412	0.0	9999.0	0.0	TRUE	A	8.860807E-6	27.0	0.0012303776	0.9985479	633.4378	0.021493226	0.95880204	0.0
SPIKE	S98:A>T	0	65412	0.0	9999.0	0.0	TRUE	A	3.1187847E-5	93.0	0.0015336758	0.99489826	732.7944	0.021969818	0.96729183	0.0
SPIKE	S99:T>C	2	65412	3.057543E-5	6.141845	40.0	TRUE	T	1.69709E-4	459.0	0.002043673	0.97255147	809.03357	0.024234725	0.97181684	0.0
SPIKE	S99:T>A	5	65412	7.643858E-5	44.451973	39.0	TRUE	T	5.5454355E-5	166.0	0.0016227949	0.9909467	674.43726	0.021887207	0.9805131	0.0
SPIKE	S99:T>G	0	65412	0.0	9999.0	0.0	TRUE	T	5.642852E-4	8.0	5.337164E-4	0.91161025	1793.5509	0.02059085	0.9735077	1.0
SPIKE	S100:C>T	13	65412	1.987403E-4	48.341732	38.23077	TRUE	C	4.2390104E-4	1237.0	0.0014818782	0.93284166	1206.1039	0.022448963	0.9786851	0.0
SPIKE	S100:C>A	7	65412	1.07014006E-4	97.14622	39.57143	TRUE	C	2.1113667E-5	63.0	0.0017589994	0.99654335	523.7324	0.021960648	0.9740422	0.0
SPIKE	S100:C>G	5	65412	7.643858E-5	50.38251	39.0	TRUE	C	4.1628584E-5	132.0	9.758892E-4	0.9931962	1648.5686	0.020649007	0.97451884	0.0
SPIKE	D100-101:C>	1	65412	1.5287715E-5	9999.0	39.614567	TRUE		NaN	NaN	NaN	NaN	NaN	NaN	NaN	NaN
SPIKE	S101:G>C	2	65412	3.057543E-5	10.581084	38.5	TRUE	G	9.072409E-5	290.0	9.183048E-4	0.9852314	1817.6012	0.02048241	0.97641164	0.0
SPIKE	S101:G>T	3	65412	4.5863144E-5	52.391006	39.666668	TRUE	G	5.617656E-6	18.0	0.0010779175	0.9990791	800.8034	0.02043659	0.9723073	0.0
SPIKE	S101:G>A	19	65412	2.904666E-4	108.35386	39.210526	TRUE	G	3.382395E-4	1061.0	0.0015813403	0.9460392	1147.3027	0.020885924	0.9709654	0.0
SPIKE	D101-102:G>	1	65412	1.5287715E-5	9999.0	39.580215	TRUE		NaN	NaN	NaN	NaN	NaN	NaN	NaN	NaN
SPIKE	S102:T>C	7	65412	1.07014006E-4	23.538845	39.142857	TRUE	T	2.9541936E-4	799.0	0.002043673	0.95270616	809.03357	0.024234725	0.97181684	0.0
SPIKE	S102:T>A	6	65412	9.172629E-5	54.34385	38.5	TRUE	T	5.9797167E-5	179.0	0.0016227949	0.99024117	674.43726	0.021887207	0.9805131	0.0
SPIKE	D102-104:TG>	2	65412	3.057543E-5	9999.0	39.589462	TRUE		NaN	NaN	NaN	NaN	NaN	NaN	NaN	NaN
SPIKE	S102:T>G	0	65412	0.0	9999.0	0.0	TRUE	T	6.9216185E-6	22.0	5.337164E-4	0.9988655	1793.5509	0.02059085	0.9735077	0.0
SPIKE	S103:G>C	4	65412	6.115086E-5	29.67424	37.75	TRUE	G	7.007654E-5	224.0	9.183048E-4	0.98857325	1817.6012	0.02048241	0.97641164	0.0
SPIKE	S103:G>T	1	65412	1.5287715E-5	1.5808777	37.0	TRUE	G	2.4992434E-4	8.0	0.0010779175	0.959841	800.8034	0.02043659	0.9723073	1.0
SPIKE	S103:G>A	8	65412	1.2230172E-4	52.39857	39.375	TRUE	G	1.3612467E-4	427.0	0.0015813403	0.9779229	1147.3027	0.020885924	0.9709654	0.0
SPIKE	D103-104:G>	1	65412	1.5287715E-5	9999.0	39.699444	TRUE		NaN	NaN	NaN	NaN	NaN	NaN	NaN	NaN
SPIKE	S104:G>C	2	65412	3.057543E-5	11.779411	40.0	TRUE	G	7.758474E-5	248.0	9.183048E-4	0.9873567	1817.6012	0.02048241	0.97641164	0.0
SPIKE	S104:G>T	3	65412	4.5863144E-5	33.112152	38.0	TRUE	G	2.5279453E-5	81.0	0.0010779175	0.9958627	800.8034	0.02043659	0.9723073	0.0
SPIKE	S104:G>A	4	65412	6.115086E-5	31.43627	37.0	TRUE	G	6.2802246E-5	197.0	0.0015813403	0.9897533	1147.3027	0.020885924	0.9709654	0.0
SPIKE	S105:C>T	9	65412	1.3758944E-4	21.479897	39.333332	TRUE	C	4.814721E-4	1405.0	0.0014818782	0.92407554	1206.1039	0.022448963	0.9786851	0.0
SPIKE	S105:C>A	3	65412	4.5863144E-5	38.07867	38.333332	TRUE	C	1.7092016E-5	51.0	0.0017589994	0.99720085	523.7324	0.021960648	0.9740422	0.0
SPIKE	S105:C>G	4	65412	6.115086E-5	25.306288	38.75	TRUE	C	9.2402835E-5	293.0	9.758892E-4	0.9849602	1648.5686	0.020649007	0.97451884	0.0
SPIKE	D105-106:C>	6	65412	9.172629E-5	9999.0	39.53877	TRUE		NaN	NaN	NaN	NaN	NaN	NaN	NaN	NaN
SPIKE	D105-107:CG>	1	65412	1.5287715E-5	9999.0	39.53877	TRUE		NaN	NaN	NaN	NaN	NaN	NaN	NaN	NaN
SPIKE	S106:G>T	1	65412	1.5287715E-5	12.0859165	39.0	TRUE	G	1.6852968E-5	54.0	0.0010779175	0.99723995	800.8034	0.02043659	0.9723073	0.0
SPIKE	S106:G>A	17	65412	2.5989115E-4	92.53392	38.941177	TRUE	G	3.293133E-4	1033.0	0.0015813403	0.9474251	1147.3027	0.020885924	0.9709654	0.0
SPIKE	S106:G>C	0	65412	0.0	9999.0	0.0	TRUE	G	7.8210425E-5	250.0	9.183048E-4	0.9872554	1817.6012	0.02048241	0.97641164	0.0
SPIKE	S107:G>C	2	65412	3.057543E-5	4.137629	38.5	TRUE	G	2.3619548E-4	755.0	9.183048E-4	0.9620046	1817.6012	0.02048241	0.97641164	0.0
SPIKE	S107:G>T	5	65412	7.643858E-5	57.943825	38.2	TRUE	G	2.9024557E-5	93.0	0.0010779175	0.9952513	800.8034	0.02043659	0.9723073	0.0
SPIKE	S107:G>A	2	65412	3.057543E-5	12.084242	39.0	TRUE	G	7.459759E-5	234.0	0.0015813403	0.98784053	1147.3027	0.020885924	0.9709654	0.0
SPIKE	S108:C>T	3	65412	4.5863144E-5	9.835688	39.0	TRUE	C	1.8539246E-4	541.0	0.0014818782	0.9700532	1206.1039	0.022448963	0.9786851	0.0
SPIKE	S108:C>A	7	65412	1.07014006E-4	90.02051	39.42857	TRUE	C	2.6811005E-5	80.0	0.0017589994	0.9956126	523.7324	0.021960648	0.9740422	0.0
SPIKE	S108:C>G	7	65412	1.07014006E-4	42.675846	39.57143	TRUE	C	1.3907731E-4	441.0	9.758892E-4	0.9774495	1648.5686	0.020649007	0.97451884	0.0
SPIKE	S109:A>C	3	65412	4.5863144E-5	46.037003	38.666668	TRUE	A	9.188985E-6	28.0	0.0012303776	0.99849415	633.4378	0.021493226	0.95880204	0.0
SPIKE	S109:A>T	1	65412	1.5287715E-5	9.529552	39.0	TRUE	A	3.0517142E-5	91.0	0.0015336758	0.9950077	732.7944	0.021969818	0.96729183	0.0
SPIKE	S109:A>G	14	65412	2.1402801E-4	55.932003	39.285713	TRUE	A	4.158702E-4	1288.0	0.0012838622	0.9340711	1604.3649	0.021147415	0.9766914	0.0
SPIKE	S110:G>A	3	65412	4.5863144E-5	17.24901	39.0	TRUE	G	9.30876E-5	292.0	0.0015813403	0.9848496	1147.3027	0.020885924	0.9709654	0.0
SPIKE	S110:G>C	0	65412	0.0	9999.0	0.0	TRUE	G	1.4453287E-4	462.0	9.183048E-4	0.9765753	1817.6012	0.02048241	0.97641164	0.0
SPIKE	S110:G>T	0	65412	0.0	9999.0	0.0	TRUE	G	9.050668E-6	29.0	0.0010779175	0.9985168	800.8034	0.02043659	0.9723073	0.0
SPIKE	S111:C>T	6	65412	9.172629E-5	22.026543	38.333332	TRUE	C	2.429635E-4	709.0	0.0014818782	0.9609374	1206.1039	0.022448963	0.9786851	0.0
SPIKE	S111:C>A	5	65412	7.643858E-5	74.38405	39.2	TRUE	C	1.3405503E-5	40.0	0.0017589994	0.9978039	523.7324	0.021960648	0.9740422	0.0
SPIKE	S111:C>G	4	65412	6.115086E-5	30.657341	39.25	TRUE	C	6.5911925E-5	209.0	9.758892E-4	0.98924863	1648.5686	0.020649007	0.97451884	0.0
SPIKE	S112:G>T	1	65410	1.5288182E-5	10.499734	40.0	TRUE	G	2.434392E-5	78.0	0.0010779175	0.99601555	800.77893	0.02043659	0.9723073	0.0
SPIKE	S112:G>C	3	65410	4.5864548E-5	8.537375	36.666668	TRUE	G	2.1211315E-4	678.0	9.183048E-4	0.96581155	1817.5457	0.02048241	0.97641164	0.0
SPIKE	S112:G>A	14	65410	2.1403455E-4	66.249535	39.42857	TRUE	G	3.3888748E-4	1063.0	0.0015813403	0.94593865	1147.2677	0.020885924	0.9709654	0.0
SPIKE	D112-113:G>	1	65410	1.5288182E-5	9999.0	39.56279	TRUE		NaN	NaN	NaN	NaN	NaN	NaN	NaN	NaN
SPIKE	S113:T>C	2	65410	3.0576364E-5	1.2735194	40.0	TRUE	T	4.5257117E-4	1224.0	0.002043673	0.92846584	809.00885	0.024234725	0.97181684	0.0
SPIKE	S113:T>G	1	65410	1.5288182E-5	9.314418	40.0	TRUE	T	3.209212E-5	102.0	5.337164E-4	0.99475074	1793.4961	0.02059085	0.9735077	0.0
SPIKE	S113:T>A	1	65410	1.5288182E-5	7.685704	39.0	TRUE	T	4.7104237E-5	141.0	0.0016227949	0.9923047	674.4166	0.021887207	0.9805131	0.0
SPIKE	D113-115:TG>	2	65410	3.0576364E-5	9999.0	39.618164	TRUE		NaN	NaN	NaN	NaN	NaN	NaN	NaN	NaN
SPIKE	S114:G>T	1	65410	1.5288182E-5	14.930694	39.0	TRUE	G	8.7388435E-6	28.0	0.0010779175	0.9985679	800.77893	0.02043659	0.9723073	0.0
SPIKE	S114:G>A	6	65410	9.1729096E-5	24.613556	39.166668	TRUE	G	2.1455434E-4	673.0	0.0015813403	0.96542495	1147.2677	0.020885924	0.9709654	0.0
SPIKE	D114-115:G>	1	65410	1.5288182E-5	9999.0	39.64565	TRUE		NaN	NaN	NaN	NaN	NaN	NaN	NaN	NaN
SPIKE	S114:G>C	0	65410	0.0	9999.0	0.0	TRUE	G	1.3296178E-4	425.0	9.183048E-4	0.9784303	1817.5457	0.02048241	0.97641164	0.0
SPIKE	S115:A>T	3	65410	4.5864548E-5	17.356213	37.666668	TRUE	A	9.222495E-5	275.0	0.0015336758	0.9849889	732.772	0.021969818	0.96729183	0.0
SPIKE	S115:A>G	8	65410	1.2230546E-4	51.0622	39.25	TRUE	A	1.420718E-4	440.0	0.0012838622	0.97696954	1604.3158	0.021147415	0.9766914	0.0
SPIKE	D115-116:A>	1	65410	1.5288182E-5	9999.0	39.62365	TRUE		NaN	NaN	NaN	NaN	NaN	NaN	NaN	NaN
SPIKE	S115:A>C	0	65410	0.0	9999.0	0.0	TRUE	A	4.4633576E-5	136.0	0.0012303776	0.99270684	633.4184	0.021493226	0.95880204	0.0
SPIKE	S116:C>T	8	65410	1.2230546E-4	56.48364	38.375	TRUE	C	1.1960064E-4	349.0	0.0014818782	0.98057663	1206.067	0.022448963	0.9786851	0.0
SPIKE	S116:C>G	10	65410	1.5288182E-4	40.2695	39.2	TRUE	C	3.1569306E-4	1001.0	9.758892E-4	0.9495438	1648.5182	0.020649007	0.97451884	0.0
SPIKE	S116:C>A	2	65410	3.0576364E-5	33.632137	39.5	TRUE	C	5.697513E-6	17.0	0.0017589994	0.99906605	523.71643	0.021960648	0.9740422	0.0
SPIKE	D116-117:C>	4	65410	6.115273E-5	9999.0	39.619217	TRUE		NaN	NaN	NaN	NaN	NaN	NaN	NaN	NaN
SPIKE	S117:C>T	7	65410	1.0701727E-4	42.46656	39.285713	TRUE	C	1.4016236E-4	409.0	0.0014818782	0.97727555	1206.067	0.022448963	0.9786851	0.0
SPIKE	S117:C>G	2	65410	3.0576364E-5	17.613575	39.5	TRUE	C	3.7529946E-5	119.0	9.758892E-4	0.993864	1648.5182	0.020649007	0.97451884	0.0
SPIKE	S117:C>A	10	65410	1.5288182E-4	103.863045	39.3	TRUE	C	6.267264E-5	187.0	0.0017589994	0.98977435	523.71643	0.021960648	0.9740422	0.0
SPIKE	S118:T>C	4	65410	6.115273E-5	15.133906	39.25	TRUE	T	1.8413435E-4	498.0	0.002043673	0.97025335	809.00885	0.024234725	0.97181684	0.0
SPIKE	S118:T>A	3	65410	4.5864548E-5	15.538954	39.333332	TRUE	T	1.0823952E-4	324.0	0.0016227949	0.98240536	674.4166	0.021887207	0.9805131	0.0
SPIKE	D118-119:T>	4	65410	6.115273E-5	9999.0	39.644505	TRUE		NaN	NaN	NaN	NaN	NaN	NaN	NaN	NaN
SPIKE	S118:T>G	0	65410	0.0	9999.0	0.0	TRUE	T	7.551087E-6	24.0	5.337164E-4	0.99876237	1793.4961	0.02059085	0.9735077	0.0
SPIKE	S119:A>T	1	65410	1.5288182E-5	3.5496988	39.0	TRUE	A	1.3347466E-4	398.0	0.0015336758	0.978348	732.772	0.021969818	0.96729183	0.0
SPIKE	S119:A>G	10	65410	1.5288182E-4	56.35711	37.9	TRUE	A	2.0374388E-4	631.0	0.0012838622	0.9671381	1604.3158	0.021147415	0.9766914	0.0
SPIKE	S119:A>C	0	65410	0.0	9999.0	0.0	TRUE	A	6.2355734E-6	19.0	0.0012303776	0.9989779	633.4184	0.021493226	0.95880204	0.0
SPIKE	S120:T>C	6	65410	9.1729096E-5	12.261362	39.666668	TRUE	T	4.0894095E-4	1106.0	0.002043673	0.93513316	809.00885	0.024234725	0.97181684	0.0
SPIKE	S120:T>A	2	65410	3.0576364E-5	17.138994	39.0	TRUE	T	3.975464E-5	119.0	0.0016227949	0.9935014	674.4166	0.021887207	0.9805131	0.0
SPIKE	S120:T>G	0	65410	0.0	9999.0	0.0	TRUE	T	5.9779442E-5	190.0	5.337164E-4	0.9902441	1793.4961	0.02059085	0.9735077	0.0
SPIKE	S121:G>C	4	65410	6.115273E-5	18.127045	39.25	TRUE	G	1.489172E-4	476.0	9.183048E-4	0.9758734	1817.5457	0.02048241	0.97641164	0.0
SPIKE	S121:G>A	6	65410	9.1729096E-5	22.744083	39.0	TRUE	G	2.3463892E-4	736.0	0.0015813403	0.9622502	1147.2677	0.020885924	0.9709654	0.0
SPIKE	S121:G>T	0	65410	0.0	9999.0	0.0	TRUE	G	5.9299295E-5	190.0	0.0010779175	0.99032205	800.77893	0.02043659	0.9723073	0.0
SPIKE	S122:T>C	3	65410	4.5864548E-5	5.854871	38.0	TRUE	T	2.8766372E-4	778.0	0.002043673	0.9539187	809.00885	0.024234725	0.97181684	0.0
SPIKE	S122:T>G	1	65410	1.5288182E-5	6.298827	40.0	TRUE	T	6.5757384E-5	209.0	5.337164E-4	0.9892737	1793.4961	0.02059085	0.9735077	0.0
SPIKE	S122:T>A	4	65410	6.115273E-5	29.964773	38.75	TRUE	T	6.8818954E-5	206.0	0.0016227949	0.98877716	674.4166	0.021887207	0.9805131	0.0
SPIKE	S123:G>C	1	65410	1.5288182E-5	6.7805877	40.0	TRUE	G	5.8503185E-5	187.0	9.183048E-4	0.99045134	1817.5457	0.02048241	0.97641164	0.0
SPIKE	S123:G>A	9	65410	1.3759364E-4	46.60736	39.11111	TRUE	G	2.1232272E-4	666.0	0.0015813403	0.96577835	1147.2677	0.020885924	0.9709654	0.0
SPIKE	S123:G>T	0	65410	0.0	9999.0	0.0	TRUE	G	5.1496754E-5	165.0	0.0010779175	0.9915901	800.77893	0.02043659	0.9723073	0.0
SPIKE	S124:T>C	5	65410	7.644091E-5	6.0104055	37.0	TRUE	T	5.102518E-4	1380.0	0.002043673	0.91972435	809.00885	0.024234725	0.97181684	0.0
SPIKE	S124:T>A	5	65410	7.644091E-5	38.3615	38.6	TRUE	T	7.483226E-5	224.0	0.0016227949	0.9878025	674.4166	0.021887207	0.9805131	0.0
SPIKE	S124:T>G	0	65410	0.0	9999.0	0.0	TRUE	T	6.26111E-5	199.0	5.337164E-4	0.9897843	1793.4961	0.02059085	0.9735077	0.0
SPIKE	S125:G>T	2	65410	3.0576364E-5	28.035328	37.5	TRUE	G	1.0923554E-5	35.0	0.0010779175	0.99821013	800.77893	0.02043659	0.9723073	0.0
SPIKE	S125:G>A	8	65410	1.2230546E-4	57.443733	38.375	TRUE	G	1.1604425E-4	364.0	0.0015813403	0.9811487	1147.2677	0.020885924	0.9709654	0.0
SPIKE	S125:G>C	0	65410	0.0	9999.0	0.0	TRUE	G	1.6800112E-4	537.0	9.183048E-4	0.9728239	1817.5457	0.02048241	0.97641164	0.0
SPIKE	S126:C>T	7	65410	1.0701727E-4	23.676477	36.142857	TRUE	C	2.9368984E-4	857.0	0.0014818782	0.9529764	1206.067	0.022448963	0.9786851	0.0
SPIKE	S126:C>G	6	65410	9.1729096E-5	11.839095	39.0	TRUE	C	4.1945232E-4	1330.0	9.758892E-4	0.9335225	1648.5182	0.020649007	0.97451884	0.0
SPIKE	S126:C>A	4	65410	6.115273E-5	51.56488	38.5	TRUE	C	1.8768278E-5	56.0	0.0017589994	0.9969267	523.71643	0.021960648	0.9740422	0.0
SPIKE	D126-127:C>	3	65410	4.5864548E-5	9999.0	38.956764	TRUE		NaN	NaN	NaN	NaN	NaN	NaN	NaN	NaN
SPIKE	D126-128:CG>	2	65410	3.0576364E-5	9999.0	38.956764	TRUE		NaN	NaN	NaN	NaN	NaN	NaN	NaN	NaN
SPIKE	S127:G>T	1	65410	1.5288182E-5	14.088832	40.0	TRUE	G	1.0611453E-5	34.0	0.0010779175	0.9982612	800.77893	0.02043659	0.9723073	0.0
SPIKE	S127:G>A	11	65410	1.6817001E-4	52.151623	38.545456	TRUE	G	2.7863373E-4	874.0	0.0015813403	0.9553324	1147.2677	0.020885924	0.9709654	0.0
SPIKE	S127:G>C	0	65410	0.0	9999.0	0.0	TRUE	G	8.759835E-5	280.0	9.183048E-4	0.98573655	1817.5457	0.02048241	0.97641164	0.0
SPIKE	S128:G>A	4	65410	6.115273E-5	25.244791	38.25	TRUE	G	9.277164E-5	291.0	0.0015813403	0.9849006	1147.2677	0.020885924	0.9709654	0.0
SPIKE	S128:G>T	1	65410	1.5288182E-5	11.703297	33.0	TRUE	G	1.8413992E-5	59.0	0.0010779175	0.99698466	800.77893	0.02043659	0.9723073	0.0
SPIKE	S128:G>C	0	65410	0.0	9999.0	0.0	TRUE	G	3.8011427E-4	1215.0	9.183048E-4	0.9395646	1817.5457	0.02048241	0.97641164	0.0
SPIKE	S129:C>A	1	65410	1.5288182E-5	13.298204	40.0	TRUE	C	1.2735617E-5	38.0	0.0017589994	0.99791354	523.71643	0.021960648	0.9740422	0.0
SPIKE	S129:C>G	3	65410	4.5864548E-5	1.109309	39.0	TRUE	C	6.44632E-4	2044.0	9.758892E-4	0.89967686	1648.5182	0.020649007	0.97451884	0.0
SPIKE	S129:C>T	9	65410	1.3759364E-4	35.754547	36.11111	TRUE	C	2.960887E-4	864.0	0.0014818782	0.95260155	1206.067	0.022448963	0.9786851	0.0
SPIKE	D129-130:C>	4	65410	6.115273E-5	9999.0	38.93284	TRUE		NaN	NaN	NaN	NaN	NaN	NaN	NaN	NaN
SPIKE	S130:G>A	16	65410	2.446109E-4	57.26846	38.4375	TRUE	G	5.2347436E-4	1642.0	0.0015813403	0.91773206	1147.2677	0.020885924	0.9709654	0.0
SPIKE	S130:G>T	2	65410	3.0576364E-5	27.109055	35.0	TRUE	G	1.217196E-5	39.0	0.0010779175	0.9980058	800.77893	0.02043659	0.9723073	0.0
SPIKE	D130-131:G>	1	65410	1.5288182E-5	9999.0	39.008118	TRUE		NaN	NaN	NaN	NaN	NaN	NaN	NaN	NaN
SPIKE	D130-133:GGC>	2	65410	3.0576364E-5	9999.0	39.008118	TRUE		NaN	NaN	NaN	NaN	NaN	NaN	NaN	NaN
SPIKE	S130:G>C	0	65410	0.0	9999.0	0.0	TRUE	G	1.03553764E-4	331.0	9.183048E-4	0.98316056	1817.5457	0.02048241	0.97641164	0.0
SPIKE	S131:G>A	5	65410	7.644091E-5	31.975714	39.2	TRUE	G	1.03292135E-4	324.0	0.0015813403	0.98320276	1147.2677	0.020885924	0.9709654	0.0
SPIKE	S131:G>C	1	65410	1.5288182E-5	0.028838735	38.0	TRUE	G	8.7786064E-4	2806.0	9.183048E-4	0.86591446	1817.5457	0.02048241	0.97641164	0.0
SPIKE	S131:G>T	0	65410	0.0	9999.0	0.0	TRUE	G	2.6528633E-5	85.0	0.0010779175	0.99565876	800.77893	0.02043659	0.9723073	0.0
SPIKE	S132:C>A	4	65410	6.115273E-5	5.049805	39.0	TRUE	C	4.3770307E-4	1306.0	0.0017589994	0.93073255	523.71643	0.021960648	0.9740422	0.0
SPIKE	S132:C>G	6	65410	9.1729096E-5	29.248009	37.5	TRUE	C	1.7314235E-4	549.0	9.758892E-4	0.972004	1648.5182	0.020649007	0.97451884	0.0
SPIKE	S132:C>T	1	65410	1.5288182E-5	4.0356936	33.0	TRUE	C	1.1685908E-4	341.0	0.0014818782	0.9810176	1206.067	0.022448963	0.9786851	0.0
SPIKE	S133:A>G	0	65410	0.0	9999.0	0.0	TRUE	A	7.009952E-4	2171.0	0.0012838622	0.89139897	1604.3158	0.021147415	0.9766914	0.0
SPIKE	S133:A>C	0	65410	0.0	9999.0	0.0	TRUE	A	1.2241415E-4	373.0	0.0012303776	0.98012424	633.4184	0.021493226	0.95880204	0.0
SPIKE	S133:A>T	0	65410	0.0	9999.0	0.0	TRUE	A	2.4574494E-4	4.0	0.0015336758	0.96049917	732.772	0.021969818	0.96729183	1.0
SPIKE	S134:G>A	0	65410	0.0	9999.0	0.0	TRUE	G	2.977619E-4	934.0	0.0015813403	0.9523402	1147.2677	0.020885924	0.9709654	0.0
SPIKE	S134:G>C	0	65410	0.0	9999.0	0.0	TRUE	G	6.2163547E-4	1987.0	9.183048E-4	0.9030763	1817.5457	0.02048241	0.97641164	0.0
SPIKE	S134:G>T	0	65410	0.0	9999.0	0.0	TRUE	G	7.5840675E-5	243.0	0.0010779175	0.9876392	800.77893	0.02043659	0.9723073	0.0
SPIKE	S135:C>A	0	65410	0.0	9999.0	0.0	TRUE	C	3.7536556E-5	112.0	0.0017589994	0.9938629	523.71643	0.021960648	0.9740422	0.0
SPIKE	S135:C>G	0	65410	0.0	9999.0	0.0	TRUE	C	1.0375926E-4	329.0	9.758892E-4	0.9831274	1648.5182	0.020649007	0.97451884	0.0
SPIKE	S135:C>T	0	65410	0.0	9999.0	0.0	TRUE	C	9.766815E-5	285.0	0.0014818782	0.98411	1206.067	0.022448963	0.9786851	0.0
SPIKE	S136:C>A	0	65410	0.0	9999.0	0.0	TRUE	C	1.0925819E-4	326.0	0.0017589994	0.9822412	523.71643	0.021960648	0.9740422	0.0
SPIKE	S136:C>G	0	65410	0.0	9999.0	0.0	TRUE	C	4.4468256E-5	141.0	9.758892E-4	0.9927337	1648.5182	0.020649007	0.97451884	0.0
SPIKE	S136:C>T	0	65410	0.0	9999.0	0.0	TRUE	C	0.0013694102	3996.0	0.0014818782	0.79884905	1206.067	0.022448963	0.9786851	0.0
SPIKE	S137:T>A	0	65410	0.0	9999.0	0.0	TRUE	T	1.7271553E-4	517.0	0.0016227949	0.97207206	674.4166	0.021887207	0.9805131	0.0
SPIKE	S137:T>G	0	65410	0.0	9999.0	0.0	TRUE	T	9.8699E-4	3137.0	5.337164E-4	0.8505549	1793.4961	0.02059085	0.9735077	0.0
SPIKE	S137:T>C	0	65410	0.0	9999.0	0.0	TRUE	T	5.8050387E-5	157.0	0.002043673	0.9905249	809.00885	0.024234725	0.97181684	0.0
SPIKE	S138:G>A	0	65410	0.0	9999.0	0.0	TRUE	G	0.0018592584	5832.0	0.0015813403	0.7371835	1147.2677	0.020885924	0.9709654	0.0
SPIKE	S138:G>C	0	65410	0.0	9999.0	0.0	TRUE	G	6.2570252E-6	20.0	9.183048E-4	0.9989744	1817.5457	0.02048241	0.97641164	0.0
SPIKE	S138:G>T	0	65410	0.0	9999.0	0.0	TRUE	G	2.0692333E-4	663.0	0.0010779175	0.9666339	800.77893	0.02043659	0.9723073	0.0
SPIKE	S139:A>G	0	65410	0.0	9999.0	0.0	TRUE	A	6.360942E-5	197.0	0.0012838622	0.9896223	1604.3158	0.021147415	0.9766914	0.0
SPIKE	S139:A>C	0	65410	0.0	9999.0	0.0	TRUE	A	2.0788037E-4	7.0	0.0012303776	0.9664822	633.4184	0.021493226	0.95880204	1.0
SPIKE	S139:A>T	0	65410	0.0	9999.0	0.0	TRUE	A	0.0018502002	5517.0	0.0015336758	0.73827946	732.772	0.021969818	0.96729183	0.0
SPIKE	S140:T>A	0	65410	0.0	9999.0	0.0	TRUE	T	1.5300524E-4	458.0	0.0016227949	0.97521937	674.4166	0.021887207	0.9805131	0.0
SPIKE	S140:T>G	0	65410	0.0	9999.0	0.0	TRUE	T	1.0980539E-4	349.0	5.337164E-4	0.9821531	1793.4961	0.02059085	0.9735077	0.0
SPIKE	S140:T>C	0	65410	0.0	9999.0	0.0	TRUE	T	3.1798303E-5	86.0	0.002043673	0.99479866	809.00885	0.024234725	0.97181684	0.0
SPIKE	S141:T>A	0	65410	0.0	9999.0	0.0	TRUE	T	0.0036530837	10935.0	0.0016227949	0.54930264	674.4166	0.021887207	0.9805131	0.0
SPIKE	S141:T>G	0	65410	0.0	9999.0	0.0	TRUE	T	7.110607E-5	226.0	5.337164E-4	0.98840636	1793.4961	0.02059085	0.9735077	0.0
SPIKE	S141:T>C	0	65410	0.0	9999.0	0.0	TRUE	T	2.9764688E-4	805.0	0.002043673	0.9523582	809.00885	0.024234725	0.97181684	0.0
SPIKE	S142:A>G	0	65410	0.0	9999.0	0.0	TRUE	A	0.0033706536	10439.0	0.0012838622	0.57534397	1604.3158	0.021147415	0.9766914	0.0
SPIKE	S142:A>C	0	65410	0.0	9999.0	0.0	TRUE	A	2.5401756E-4	774.0	0.0012303776	0.9591969	633.4184	0.021493226	0.95880204	0.0
SPIKE	S142:A>T	0	65410	0.0	9999.0	0.0	TRUE	A	5.6005698E-5	167.0	0.0015336758	0.9908571	732.772	0.021969818	0.96729183	0.0
SPIKE	S143:G>A	0	65410	0.0	9999.0	0.0	TRUE	G	2.2985689E-4	721.0	0.0015813403	0.9630051	1147.2677	0.020885924	0.9709654	0.0
SPIKE	S143:G>C	0	65410	0.0	9999.0	0.0	TRUE	G	0.0044321637	14167.0	9.183048E-4	0.4834174	1817.5457	0.02048241	0.97641164	0.0
SPIKE	S143:G>T	0	65410	0.0	9999.0	0.0	TRUE	G	1.0299351E-5	33.0	0.0010779175	0.99831235	800.77893	0.02043659	0.9723073	0.0
SPIKE	S144:C>A	0	65410	0.0	9999.0	0.0	TRUE	C	1.5081652E-5	45.0	0.0017589994	0.9975297	523.71643	0.021960648	0.9740422	0.0
SPIKE	S144:C>G	0	65410	0.0	9999.0	0.0	TRUE	C	4.6328982E-4	1469.0	9.758892E-4	0.9268352	1648.5182	0.020649007	0.97451884	0.0
SPIKE	S144:C>T	0	65410	0.0	9999.0	0.0	TRUE	C	5.1404288E-5	150.0	0.0014818782	0.9916051	1206.067	0.022448963	0.9786851	0.0
SPIKE	S145:C>A	0	65410	0.0	9999.0	0.0	TRUE	C	3.4855373E-5	104.0	0.0017589994	0.9943	523.71643	0.021960648	0.9740422	0.0
SPIKE	S145:C>G	0	65410	0.0	9999.0	0.0	TRUE	C	2.248643E-4	713.0	9.758892E-4	0.96379393	1648.5182	0.020649007	0.97451884	0.0
SPIKE	S145:C>T	0	65410	0.0	9999.0	0.0	TRUE	C	2.3577434E-4	688.0	0.0014818782	0.96207106	1206.067	0.022448963	0.9786851	0.0
SPIKE	S146:C>A	0	65410	0.0	9999.0	0.0	TRUE	C	1.3741061E-5	41.0	0.0017589994	0.99774903	523.71643	0.021960648	0.9740422	0.0
SPIKE	S146:C>G	0	65410	0.0	9999.0	0.0	TRUE	C	0.0049536373	15707.0	9.758892E-4	0.44379324	1648.5182	0.020649007	0.97451884	0.0
SPIKE	S146:C>T	0	65410	0.0	9999.0	0.0	TRUE	C	4.3590835E-4	1272.0	0.0014818782	0.93100655	1206.067	0.022448963	0.9786851	0.0
SPIKE	S147:G>A	0	65410	0.0	9999.0	0.0	TRUE	G	5.6459993E-4	1771.0	0.0015813403	0.91156316	1147.2677	0.020885924	0.9709654	0.0
SPIKE	S147:G>C	0	65410	0.0	9999.0	0.0	TRUE	G	6.3978083E-4	2045.0	9.183048E-4	0.9003929	1817.5457	0.02048241	0.97641164	0.0
SPIKE	S147:G>T	0	65410	0.0	9999.0	0.0	TRUE	G	0.0046546827	14914.0	0.0010779175	0.46609402	800.77893	0.02043659	0.9723073	0.0
SPIKE	S148:T>A	0	65410	0.0	9999.0	0.0	TRUE	T	5.7126414E-5	171.0	0.0016227949	0.99067503	674.4166	0.021887207	0.9805131	0.0
SPIKE	S148:T>G	0	65410	0.0	9999.0	0.0	TRUE	T	0.005946167	18899.0	5.337164E-4	0.37712774	1793.4961	0.02059085	0.9735077	0.0
SPIKE	S148:T>C	0	65410	0.0	9999.0	0.0	TRUE	T	3.804704E-4	1029.0	0.002043673	0.9395097	809.00885	0.024234725	0.97181684	0.0
SPIKE	S149:G>A	0	65410	0.0	9999.0	0.0	TRUE	G	2.891542E-4	907.0	0.0015813403	0.9536855	1147.2677	0.020885924	0.9709654	0.0
SPIKE	S149:G>C	0	65410	0.0	9999.0	0.0	TRUE	G	0.0047737975	15259.0	9.183048E-4	0.4570773	1817.5457	0.02048241	0.97641164	0.0
SPIKE	S149:G>T	0	65410	0.0	9999.0	0.0	TRUE	G	6.416808E-4	2056.0	0.0010779175	0.9001124	800.77893	0.02043659	0.9723073	0.0
SPIKE	S150:C>A	0	65407	0.0	9999.0	0.0	TRUE	C	9.384569E-6	28.0	0.0017589994	0.99846214	523.6924	0.021960648	0.9740422	0.0
SPIKE	S150:C>G	0	65407	0.0	9999.0	0.0	TRUE	C	0.0018308514	5805.0	9.758892E-4	0.7406259	1648.4426	0.020649007	0.97451884	0.0
SPIKE	S150:C>T	0	65407	0.0	9999.0	0.0	TRUE	C	0.005782905	16874.0	0.0014818782	0.3873617	1206.0117	0.022448963	0.9786851	0.0
SPIKE	S151:T>A	0	65393	0.0	9999.0	0.0	TRUE	T	5.0123917E-6	15.0	0.0016227949	0.9991783	674.2414	0.021887207	0.9805131	0.0
SPIKE	S151:T>G	0	65393	0.0	9999.0	0.0	TRUE	T	0.0061573097	19565.0	5.337164E-4	0.3642923	1793.0299	0.02059085	0.9735077	0.0
SPIKE	S151:T>C	0	65393	0.0	9999.0	0.0	TRUE	T	5.6844996E-4	1537.0	0.002043673	0.9109878	808.7986	0.024234725	0.97181684	0.0
SPIKE	S152:G>A	0	65371	0.0	9999.0	0.0	TRUE	G	4.0288825E-4	1263.0	0.0015813403	0.9360619	1146.5836	0.020885924	0.9709654	0.0
SPIKE	S152:G>C	0	65371	0.0	9999.0	0.0	TRUE	G	1.3773668E-5	44.0	9.183048E-4	0.99774367	1816.4619	0.02048241	0.97641164	0.0
SPIKE	S152:G>T	0	65371	0.0	9999.0	0.0	TRUE	G	3.7568217E-4	1203.0	0.0010779175	0.9402478	800.30145	0.02043659	0.9723073	0.0
SPIKE	S153:G>A	0	65105	0.0	9999.0	0.0	TRUE	G	3.725047E-4	1163.0	0.0015813403	0.94073784	1141.9181	0.020885924	0.9709654	0.0
SPIKE	S153:G>C	0	65105	0.0	9999.0	0.0	TRUE	G	0.0012575819	4001.0	9.183048E-4	0.813635	1809.0706	0.02048241	0.97641164	0.0
SPIKE	S153:G>T	0	65105	0.0	9999.0	0.0	TRUE	G	6.2712734E-6	20.0	0.0010779175	0.99897206	797.045	0.02043659	0.9723073	0.0
