#pipeline_block
reference	mutation	count	coverage	freq	score	cqs	has.reference	ancestral.allele	error.rate	minor.count.local	minor.fdr	minor.recall	minor.count.global	read.fraction.in.minors	q.filtered.read.fraction	global.est
SPIKE	S0:T>A	0	286870	0.0	9999.0	0.0	TRUE	T	1.1637547E-5	37.0	5.0568406E-4	0.9994648	141.51811	0.09027438	0.9890369	0.0
SPIKE	S0:T>G	0	286870	0.0	9999.0	0.0	TRUE	T	4.0221275E-6	22.0	2.0817222E-4	0.999815	1047.5938	0.052457634	0.9865873	0.0
SPIKE	S0:T>C	0	286870	0.0	9999.0	0.0	TRUE	T	1.05361985E-4	406.0	4.634672E-4	0.99516505	486.8756	0.0744808	0.95776886	0.0
SPIKE	S1:A>G	0	287023	0.0	9999.0	0.0	TRUE	A	1.2959451E-4	562.0	4.4841884E-4	0.9940564	617.9236	0.06621583	0.9631549	0.0
SPIKE	S1:A>C	0	287023	0.0	9999.0	0.0	TRUE	A	4.7034114E-6	11.0	5.137596E-4	0.9997837	83.03367	0.122789204	0.9503134	0.0
SPIKE	S1:A>T	0	287023	0.0	9999.0	0.0	TRUE	A	2.5254658E-5	65.0	5.9536134E-4	0.99883896	109.102875	0.111584395	0.98180556	0.0
SPIKE	S2:G>A	0	287232	0.0	9999.0	0.0	TRUE	G	1.1071549E-4	491.0	5.4008386E-4	0.99492	399.47424	0.064802885	0.97438174	0.0
SPIKE	S2:G>C	0	287232	0.0	9999.0	0.0	TRUE	G	5.2865335E-6	27.0	2.9222862E-4	0.9997569	452.5405	0.056255758	0.9883976	0.0
SPIKE	S2:G>T	0	287232	0.0	9999.0	0.0	TRUE	G	5.2337373E-6	24.0	3.2624495E-4	0.99975926	387.15533	0.06265781	0.98796123	0.0
SPIKE	S3:C>A	0	287477	0.0	9999.0	0.0	TRUE	C	1.5753769E-5	7.0	0.0011756317	0.99927557	26.818415	0.16906953	0.96506184	1.0
SPIKE	S3:C>G	0	287477	0.0	9999.0	0.0	TRUE	C	1.5249187E-5	78.0	3.180102E-4	0.9992988	486.4918	0.05622032	0.98988754	0.0
SPIKE	S3:C>T	0	287477	0.0	9999.0	0.0	TRUE	C	1.3852358E-4	657.0	3.9191847E-4	0.9936482	761.81055	0.060636155	0.97986305	0.0
SPIKE	S4:G>A	91	287625	3.163842E-4	910.77106	39.76923	TRUE	G	1.12140486E-4	498.0	5.4008386E-4	0.9948548	400.0208	0.064802885	0.97438174	0.0
SPIKE	S4:G>C	5	287625	1.7383747E-5	48.115738	40.0	TRUE	G	1.05586205E-5	54.0	2.9222862E-4	0.9995144	453.1597	0.056255758	0.9883976	0.0
SPIKE	S4:G>T	2	287625	6.9534985E-6	18.31622	36.0	TRUE	G	7.839879E-6	36.0	3.2624495E-4	0.99963945	387.68506	0.06265781	0.98796123	0.0
SPIKE	S5:T>A	12	287771	4.1699823E-5	76.0738	39.833332	TRUE	T	4.451145E-5	5.0	5.0568406E-4	0.99795455	141.96259	0.09027438	0.9890369	1.0
SPIKE	S5:T>C	35	287771	1.21624485E-4	158.70804	39.771427	TRUE	T	1.8264202E-4	706.0	4.634672E-4	0.99163365	488.4048	0.0744808	0.95776886	0.0
SPIKE	S5:T>G	0	287771	0.0	9999.0	0.0	TRUE	T	1.7131648E-5	94.0	2.0817222E-4	0.99921227	1050.884	0.052457634	0.9865873	0.0
SPIKE	S6:G>A	83	287906	2.8828855E-4	1082.6876	39.807228	TRUE	G	4.9941547E-5	222.0	5.4008386E-4	0.99770534	400.41162	0.064802885	0.97438174	0.0
SPIKE	S6:G>C	1	287906	3.473356E-6	0.64528435	34.0	TRUE	G	8.860632E-5	0.0	2.9222862E-4	0.9959324	453.60242	0.056255758	0.9883976	1.0
SPIKE	S6:G>T	2	287906	6.946712E-6	15.145384	40.0	TRUE	G	1.15307785E-5	53.0	3.2624495E-4	0.9994697	388.0638	0.06265781	0.98796123	0.0
SPIKE	S7:A>G	6	288017	2.0832103E-5	20.805899	39.666668	TRUE	A	5.8598845E-5	255.0	4.4841884E-4	0.9973081	620.06354	0.06621583	0.9631549	0.0
SPIKE	S7:A>C	19	288017	6.596833E-5	337.8464	39.57895	TRUE	A	4.2610723E-6	10.0	5.137596E-4	0.999804	83.32123	0.122789204	0.9503134	0.0
SPIKE	D7-8:A>	210	288017	7.2912365E-4	9999.0	39.96654	TRUE		NaN	NaN	NaN	NaN	NaN	NaN	NaN	NaN
SPIKE	I7:>A	6	288017	2.0832103E-5	9999.0	39.96654	TRUE		NaN	NaN	NaN	NaN	NaN	NaN	NaN	NaN
SPIKE	S7:A>T	0	288017	0.0	9999.0	0.0	TRUE	A	4.239009E-5	7.0	5.9536134E-4	0.99805194	109.48071	0.111584395	0.98180556	1.0
SPIKE	S8:A>G	2	288039	6.943504E-6	1.0052252	40.0	TRUE	A	1.1282288E-4	491.0	4.4841884E-4	0.9948236	620.1109	0.06621583	0.9631549	0.0
SPIKE	S8:A>C	24	288039	8.332205E-5	376.27197	39.791668	TRUE	A	8.521493E-6	20.0	5.137596E-4	0.9996081	83.32759	0.122789204	0.9503134	0.0
SPIKE	S8:A>T	0	288039	0.0	9999.0	0.0	TRUE	A	6.1946034E-6	16.0	5.9536134E-4	0.9997151	109.48908	0.111584395	0.98180556	0.0
SPIKE	I9:>G	1	288055	3.4715592E-6	9999.0	39.95269	TRUE		NaN	NaN	NaN	NaN	NaN	NaN	NaN	NaN
SPIKE	S9:G>A	83	288055	2.8813942E-4	1055.1547	39.879517	TRUE	G	5.3962933E-5	240.0	5.4008386E-4	0.9975208	400.61884	0.064802885	0.97438174	0.0
SPIKE	S9:G>T	4	288055	1.3886237E-5	63.07696	35.75	TRUE	G	2.1744934E-6	10.0	3.2624495E-4	0.9999	388.26465	0.06265781	0.98796123	0.0
SPIKE	D9-10:G>	91	288055	3.159119E-4	9999.0	39.95269	TRUE		NaN	NaN	NaN	NaN	NaN	NaN	NaN	NaN
SPIKE	D9-11:GA>	35	288055	1.2150457E-4	9999.0	39.95269	TRUE		NaN	NaN	NaN	NaN	NaN	NaN	NaN	NaN
SPIKE	S9:G>C	0	288055	0.0	9999.0	0.0	TRUE	G	8.860632E-5	1.0	2.9222862E-4	0.9959324	453.83716	0.056255758	0.9883976	1.0
SPIKE	S10:A>G	16	288057	5.5544562E-5	34.303925	39.875	TRUE	A	1.865712E-4	812.0	4.4841884E-4	0.9914544	620.1496	0.06621583	0.9631549	0.0
SPIKE	S10:A>C	18	288057	6.2487634E-5	204.41377	39.88889	TRUE	A	1.8320066E-5	43.0	5.137596E-4	0.9991576	83.332794	0.122789204	0.9503134	0.0
SPIKE	S10:A>T	1	288057	3.4715351E-6	2.4188592	40.0	TRUE	A	4.239009E-5	8.0	5.9536134E-4	0.99805194	109.49592	0.111584395	0.98180556	1.0
SPIKE	D10-11:A>	85	288057	2.9508048E-4	9999.0	39.908726	TRUE		NaN	NaN	NaN	NaN	NaN	NaN	NaN	NaN
SPIKE	D10-12:AC>	7	288057	2.4300745E-5	9999.0	39.908726	TRUE		NaN	NaN	NaN	NaN	NaN	NaN	NaN	NaN
SPIKE	I11:>C	1	288060	3.471499E-6	9999.0	39.915077	TRUE		NaN	NaN	NaN	NaN	NaN	NaN	NaN	NaN
SPIKE	S11:C>A	1	288060	3.471499E-6	4.8037715	37.0	TRUE	C	2.1690683E-5	37.0	0.0011756317	0.99900275	26.872803	0.16906953	0.96506184	0.0
SPIKE	S11:C>G	10	288060	3.471499E-5	158.964	39.7	TRUE	C	3.9021343E-6	20.0	3.180102E-4	0.99982053	487.4784	0.05622032	0.98988754	0.0
SPIKE	S11:C>T	51	288060	1.7704644E-4	386.58545	39.568626	TRUE	C	1.167808E-4	555.0	3.9191847E-4	0.9946425	763.35547	0.060636155	0.97986305	0.0
SPIKE	D11-13:CG>	2	288060	6.942998E-6	9999.0	39.915077	TRUE		NaN	NaN	NaN	NaN	NaN	NaN	NaN	NaN
SPIKE	D11-12:C>	98	288060	3.402069E-4	9999.0	39.915077	TRUE		NaN	NaN	NaN	NaN	NaN	NaN	NaN	NaN
SPIKE	I12:>G	3	288063	1.0414388E-5	9999.0	39.863773	TRUE		NaN	NaN	NaN	NaN	NaN	NaN	NaN	NaN
SPIKE	S12:G>A	123	288063	4.2698992E-4	1806.4657	39.73171	TRUE	G	4.9689486E-5	221.0	5.4008386E-4	0.9977169	400.62997	0.064802885	0.97438174	0.0
SPIKE	S12:G>C	6	288063	2.0828777E-5	66.94309	39.666668	TRUE	G	8.199773E-6	42.0	2.9222862E-4	0.9996229	453.84976	0.056255758	0.9883976	0.0
SPIKE	S12:G>T	3	288063	1.0414388E-5	37.28226	38.0	TRUE	G	4.1314224E-6	19.0	3.2624495E-4	0.99981	388.27542	0.06265781	0.98796123	0.0
SPIKE	D12-13:G>	111	288063	3.853324E-4	9999.0	39.863773	TRUE		NaN	NaN	NaN	NaN	NaN	NaN	NaN	NaN
SPIKE	D12-14:GA>	13	288063	4.5129018E-5	9999.0	39.863773	TRUE		NaN	NaN	NaN	NaN	NaN	NaN	NaN	NaN
SPIKE	S13:A>G	12	288064	4.165741E-5	9.677353	39.833332	TRUE	A	2.564143E-4	1116.0	4.4841884E-4	0.9882742	620.1647	0.06621583	0.9631549	0.0
SPIKE	S13:A>C	13	288064	4.512886E-5	110.40622	40.0	TRUE	A	2.769245E-5	65.0	5.137596E-4	0.99872696	83.33482	0.122789204	0.9503134	0.0
SPIKE	D13-14:A>	69	288064	2.395301E-4	9999.0	39.87264	TRUE		NaN	NaN	NaN	NaN	NaN	NaN	NaN	NaN
SPIKE	I13:>A	3	288064	1.0414353E-5	9999.0	39.87264	TRUE		NaN	NaN	NaN	NaN	NaN	NaN	NaN	NaN
SPIKE	S13:A>T	0	288064	0.0	9999.0	0.0	TRUE	A	2.9034683E-5	75.0	5.9536134E-4	0.9986653	109.49858	0.111584395	0.98180556	0.0
SPIKE	I14:>C	3	288065	1.0414316E-5	9999.0	39.945293	TRUE		NaN	NaN	NaN	NaN	NaN	NaN	NaN	NaN
SPIKE	D14-16:CA>	18	288065	6.2485895E-5	9999.0	39.945293	TRUE		NaN	NaN	NaN	NaN	NaN	NaN	NaN	NaN
SPIKE	S14:C>G	3	288065	1.0414316E-5	3.1597137	40.0	TRUE	C	9.5110314E-5	3.0	3.180102E-4	0.9956345	487.48685	0.05622032	0.98988754	1.0
SPIKE	S14:C>T	42	288065	1.4580043E-4	410.51736	39.61905	TRUE	C	5.702171E-5	271.0	3.9191847E-4	0.99738044	763.3687	0.060636155	0.97986305	0.0
SPIKE	D14-15:C>	80	288065	2.777151E-4	9999.0	39.945293	TRUE		NaN	NaN	NaN	NaN	NaN	NaN	NaN	NaN
SPIKE	S14:C>A	0	288065	0.0	9999.0	0.0	TRUE	C	2.989745E-5	51.0	0.0011756317	0.99862564	26.87327	0.16906953	0.96506184	0.0
SPIKE	S15:A>G	5	288065	1.7357193E-5	4.748341	40.0	TRUE	A	1.3073407E-4	569.0	4.4841884E-4	0.99400425	620.1669	0.06621583	0.9631549	0.0
SPIKE	S15:A>C	25	288065	8.678597E-5	261.34122	39.72	TRUE	A	3.024857E-5	71.0	5.137596E-4	0.99860954	83.33511	0.122789204	0.9503134	0.0
SPIKE	D15-16:A>	81	288065	2.8118654E-4	9999.0	39.87883	TRUE		NaN	NaN	NaN	NaN	NaN	NaN	NaN	NaN
SPIKE	I15:>A	6	288065	2.0828633E-5	9999.0	39.87883	TRUE		NaN	NaN	NaN	NaN	NaN	NaN	NaN	NaN
SPIKE	S15:A>T	0	288065	0.0	9999.0	0.0	TRUE	A	5.8069168E-6	15.0	5.9536134E-4	0.9997329	109.49896	0.111584395	0.98180556	0.0
SPIKE	S16:G>A	107	288065	3.7144395E-4	1458.722	39.906544	TRUE	G	5.5534925E-5	247.0	5.4008386E-4	0.9974487	400.63275	0.064802885	0.97438174	0.0
SPIKE	S16:G>T	2	288065	6.9428775E-6	1.9620594	37.0	TRUE	G	8.4427884E-5	5.0	3.2624495E-4	0.99612385	388.2781	0.06265781	0.98796123	1.0
SPIKE	S16:G>C	2	288065	6.9428775E-6	1.7775593	40.0	TRUE	G	8.860632E-5	1.0	2.9222862E-4	0.9959324	453.8529	0.056255758	0.9883976	1.0
SPIKE	D16-17:G>	58	288065	2.0134344E-4	9999.0	39.95986	TRUE		NaN	NaN	NaN	NaN	NaN	NaN	NaN	NaN
SPIKE	D16-18:GA>	3	288065	1.0414316E-5	9999.0	39.95986	TRUE		NaN	NaN	NaN	NaN	NaN	NaN	NaN	NaN
SPIKE	S17:A>G	3	288065	1.0414316E-5	0.0701884	40.0	TRUE	A	2.711181E-4	1180.0	4.4841884E-4	0.987606	620.1669	0.06621583	0.9631549	0.0
SPIKE	S17:A>C	23	288065	7.984309E-5	301.88132	39.739132	TRUE	A	1.49112675E-5	35.0	5.137596E-4	0.9993143	83.33511	0.122789204	0.9503134	0.0
SPIKE	D17-18:A>	109	288065	3.7838682E-4	9999.0	39.892124	TRUE		NaN	NaN	NaN	NaN	NaN	NaN	NaN	NaN
SPIKE	S17:A>T	0	288065	0.0	9999.0	0.0	TRUE	A	1.8969262E-5	49.0	5.9536134E-4	0.9991278	109.49896	0.111584395	0.98180556	0.0
SPIKE	S18:A>G	10	288065	3.4714387E-5	12.886587	39.8	TRUE	A	1.7806486E-4	775.0	4.4841884E-4	0.99184245	620.1669	0.06621583	0.9631549	0.0
SPIKE	S18:A>C	64	288065	2.2217208E-4	1239.4562	39.96875	TRUE	A	8.94676E-6	21.0	5.137596E-4	0.99958855	83.33511	0.122789204	0.9503134	0.0
SPIKE	S18:A>T	0	288065	0.0	9999.0	0.0	TRUE	A	4.239009E-5	7.0	5.9536134E-4	0.99805194	109.49896	0.111584395	0.98180556	1.0
SPIKE	S19:C>G	7	288065	2.430007E-5	15.883149	39.857143	TRUE	C	9.5110314E-5	9.0	3.180102E-4	0.9956345	487.48685	0.05622032	0.98988754	1.0
SPIKE	S19:C>T	37	288065	1.2844324E-4	259.31354	39.72973	TRUE	C	1.0015621E-4	476.0	3.9191847E-4	0.9954034	763.3687	0.060636155	0.97986305	0.0
SPIKE	S19:C>A	0	288065	0.0	9999.0	0.0	TRUE	C	2.5793877E-5	44.0	0.0011756317	0.99881417	26.87327	0.16906953	0.96506184	0.0
SPIKE	S20:C>G	27	288066	9.372852E-5	164.77493	39.77778	TRUE	C	9.5110314E-5	4.0	3.180102E-4	0.9956345	487.48856	0.05622032	0.98988754	1.0
SPIKE	S20:C>T	15	288066	5.2071402E-5	91.63008	39.866665	TRUE	C	5.6600686E-5	269.0	3.9191847E-4	0.99739975	763.3714	0.060636155	0.97986305	0.0
SPIKE	S20:C>A	0	288066	0.0	9999.0	0.0	TRUE	C	5.8622245E-6	10.0	0.0011756317	0.99973035	26.873362	0.16906953	0.96506184	0.0
SPIKE	S21:A>G	12	288066	4.165712E-5	10.8857765	40.0	TRUE	A	2.4354593E-4	1060.0	4.4841884E-4	0.9888594	620.169	0.06621583	0.9631549	0.0
SPIKE	S21:A>C	10	288066	3.4714267E-5	58.37607	40.0	TRUE	A	4.3881577E-5	103.0	5.137596E-4	0.99798346	83.3354	0.122789204	0.9503134	0.0
SPIKE	S21:A>T	0	288066	0.0	9999.0	0.0	TRUE	A	5.41977E-6	14.0	5.9536134E-4	0.99975073	109.499344	0.111584395	0.98180556	0.0
SPIKE	S22:A>C	288063	288066	0.99998957	Infinity	39.993416	TRUE	C	3.5503774E-5	1.0	5.137596E-4	0.99836814	83.3354	0.122789204	0.9503134	1.0
SPIKE	S22:A>G	0	288066	0.0	9999.0	0.0	TRUE	C	1.4249021E-4	0.0	4.4841884E-4	0.9934669	620.169	0.06621583	0.9631549	1.0
SPIKE	S22:A>T	0	288066	0.0	9999.0	0.0	TRUE	C	4.239009E-5	0.0	5.9536134E-4	0.99805194	109.499344	0.111584395	0.98180556	1.0
SPIKE	S23:A>G	0	288066	0.0	9999.0	0.0	TRUE	A	1.4249021E-4	0.0	4.4841884E-4	0.9934669	620.169	0.06621583	0.9631549	1.0
SPIKE	S23:A>C	0	288066	0.0	9999.0	0.0	TRUE	A	1.2355007E-5	29.0	5.137596E-4	0.99943185	83.3354	0.122789204	0.9503134	0.0
SPIKE	S23:A>T	0	288066	0.0	9999.0	0.0	TRUE	A	4.239009E-5	0.0	5.9536134E-4	0.99805194	109.499344	0.111584395	0.98180556	1.0
SPIKE	S24:A>G	0	288066	0.0	9999.0	0.0	TRUE	A	1.4249021E-4	8.0	4.4841884E-4	0.9934669	620.169	0.06621583	0.9631549	1.0
SPIKE	S24:A>C	0	288066	0.0	9999.0	0.0	TRUE	A	3.5503774E-5	0.0	5.137596E-4	0.99836814	83.3354	0.122789204	0.9503134	1.0
SPIKE	S24:A>T	0	288066	0.0	9999.0	0.0	TRUE	A	4.239009E-5	0.0	5.9536134E-4	0.99805194	109.499344	0.111584395	0.98180556	1.0
SPIKE	S25:A>G	288063	288066	0.99998957	Infinity	39.993362	TRUE	G	1.4249021E-4	1.0	4.4841884E-4	0.9934669	620.169	0.06621583	0.9631549	1.0
SPIKE	S25:A>C	0	288066	0.0	9999.0	0.0	TRUE	G	3.5503774E-5	0.0	5.137596E-4	0.99836814	83.3354	0.122789204	0.9503134	1.0
SPIKE	S25:A>T	0	288066	0.0	9999.0	0.0	TRUE	G	4.239009E-5	7.0	5.9536134E-4	0.99805194	109.499344	0.111584395	0.98180556	1.0
SPIKE	S26:T>G	1	288066	3.4714267E-6	6.8937335	40.0	TRUE	T	1.292661E-5	71.0	2.0817222E-4	0.99940556	1051.9613	0.052457634	0.9865873	0.0
SPIKE	S26:T>C	8	288066	2.7771413E-5	5.1079674	40.0	TRUE	T	2.0984908E-4	812.0	4.634672E-4	0.9903934	488.90546	0.0744808	0.95776886	0.0
SPIKE	S26:T>A	0	288066	0.0	9999.0	0.0	TRUE	T	4.451145E-5	3.0	5.0568406E-4	0.99795455	142.10812	0.09027438	0.9890369	1.0
SPIKE	S27:G>A	9	288066	3.1242842E-5	51.628994	40.0	TRUE	G	4.1594838E-5	185.0	5.4008386E-4	0.9980885	400.63412	0.064802885	0.97438174	0.0
SPIKE	D27-28:G>	1	288066	3.4714267E-6	9999.0	39.97151	TRUE		NaN	NaN	NaN	NaN	NaN	NaN	NaN	NaN
SPIKE	S27:G>C	0	288066	0.0	9999.0	0.0	TRUE	G	8.860632E-5	0.0	2.9222862E-4	0.9959324	453.8545	0.056255758	0.9883976	1.0
SPIKE	S27:G>T	0	288066	0.0	9999.0	0.0	TRUE	G	6.0883485E-6	28.0	3.2624495E-4	0.99972	388.27948	0.06265781	0.98796123	0.0
SPIKE	S28:G>A	11	288066	3.8185695E-5	57.97477	38.0	TRUE	G	5.4860222E-5	244.0	5.4008386E-4	0.9974796	400.63412	0.064802885	0.97438174	0.0
SPIKE	S28:G>T	2	288066	6.9428534E-6	1.9620458	39.0	TRUE	G	8.4427884E-5	6.0	3.2624495E-4	0.99612385	388.27948	0.06265781	0.98796123	1.0
SPIKE	S28:G>C	0	288066	0.0	9999.0	0.0	TRUE	G	8.860632E-5	2.0	2.9222862E-4	0.9959324	453.8545	0.056255758	0.9883976	1.0
SPIKE	S29:G>A	17	288066	5.9014255E-5	98.57546	40.0	TRUE	G	6.81256E-5	303.0	5.4008386E-4	0.9968711	400.63412	0.064802885	0.97438174	0.0
SPIKE	S29:G>C	0	288066	0.0	9999.0	0.0	TRUE	G	8.860632E-5	4.0	2.9222862E-4	0.9959324	453.8545	0.056255758	0.9883976	1.0
SPIKE	S29:G>T	0	288066	0.0	9999.0	0.0	TRUE	G	8.4427884E-5	2.0	3.2624495E-4	0.99612385	388.27948	0.06265781	0.98796123	1.0
SPIKE	S30:A>G	1	288066	3.4714267E-6	0.023441786	40.0	TRUE	A	2.0655451E-4	899.0	4.4841884E-4	0.9905435	620.169	0.06621583	0.9631549	0.0
SPIKE	S30:A>C	0	288066	0.0	9999.0	0.0	TRUE	A	1.6615355E-5	39.0	5.137596E-4	0.999236	83.3354	0.122789204	0.9503134	0.0
SPIKE	S30:A>T	0	288066	0.0	9999.0	0.0	TRUE	A	4.239009E-5	5.0	5.9536134E-4	0.99805194	109.499344	0.111584395	0.98180556	1.0
SPIKE	S31:T>C	1	288066	3.4714267E-6	0.20301186	40.0	TRUE	T	1.3025115E-4	504.0	4.634672E-4	0.99402636	488.90546	0.0744808	0.95776886	0.0
SPIKE	S31:T>A	0	288066	0.0	9999.0	0.0	TRUE	T	4.451145E-5	6.0	5.0568406E-4	0.99795455	142.10812	0.09027438	0.9890369	1.0
SPIKE	S31:T>G	0	288066	0.0	9999.0	0.0	TRUE	T	2.366844E-6	13.0	2.0817222E-4	0.9998911	1051.9613	0.052457634	0.9865873	0.0
SPIKE	S32:C>T	4	288066	1.3885707E-5	13.455915	40.0	TRUE	C	4.7342583E-5	225.0	3.9191847E-4	0.9978246	763.3714	0.060636155	0.97986305	0.0
SPIKE	S32:C>A	4	288066	1.3885707E-5	29.834497	39.75	TRUE	C	1.5753769E-5	7.0	0.0011756317	0.99927557	26.873362	0.16906953	0.96506184	1.0
SPIKE	S32:C>G	0	288066	0.0	9999.0	0.0	TRUE	C	9.5110314E-5	1.0	3.180102E-4	0.9956345	487.48856	0.05622032	0.98988754	1.0
SPIKE	S33:C>T	9	288066	3.1242842E-5	54.10766	40.0	TRUE	C	3.8715712E-5	184.0	3.9191847E-4	0.9982207	763.3714	0.060636155	0.97986305	0.0
SPIKE	S33:C>A	4	288066	1.3885707E-5	29.834497	40.0	TRUE	C	1.5753769E-5	6.0	0.0011756317	0.99927557	26.873362	0.16906953	0.96506184	1.0
SPIKE	S33:C>G	0	288066	0.0	9999.0	0.0	TRUE	C	9.5110314E-5	0.0	3.180102E-4	0.9956345	487.48856	0.05622032	0.98988754	1.0
SPIKE	S34:A>C	1	288066	3.4714267E-6	10.835933	40.0	TRUE	A	5.1124166E-6	12.0	5.137596E-4	0.99976486	83.3354	0.122789204	0.9503134	0.0
SPIKE	S34:A>G	3	288066	1.041428E-5	7.641262	40.0	TRUE	A	5.307463E-5	231.0	4.4841884E-4	0.9975616	620.169	0.06621583	0.9631549	0.0
SPIKE	S34:A>T	0	288066	0.0	9999.0	0.0	TRUE	A	4.239009E-5	1.0	5.9536134E-4	0.99805194	109.499344	0.111584395	0.98180556	1.0
SPIKE	S35:T>C	3	288066	1.041428E-5	0.85395026	40.0	TRUE	T	1.5893742E-4	615.0	4.634672E-4	0.99271554	488.90546	0.0744808	0.95776886	0.0
SPIKE	S35:T>A	0	288066	0.0	9999.0	0.0	TRUE	T	3.4454465E-6	11.0	5.0568406E-4	0.9998415	142.10812	0.09027438	0.9890369	0.0
SPIKE	S35:T>G	0	288066	0.0	9999.0	0.0	TRUE	T	6.5543372E-6	36.0	2.0817222E-4	0.9996985	1051.9613	0.052457634	0.9865873	0.0
SPIKE	S36:T>C	4	288066	1.3885707E-5	28.566109	40.0	TRUE	T	1.7056698E-5	66.0	4.634672E-4	0.9992157	488.90546	0.0744808	0.95776886	0.0
SPIKE	S36:T>A	0	288066	0.0	9999.0	0.0	TRUE	T	4.451145E-5	0.0	5.0568406E-4	0.99795455	142.10812	0.09027438	0.9890369	1.0
SPIKE	S36:T>G	0	288066	0.0	9999.0	0.0	TRUE	T	1.9152525E-4	0.0	2.0817222E-4	0.9912285	1051.9613	0.052457634	0.9865873	1.0
SPIKE	S37:A>G	3	288066	1.041428E-5	7.335728	40.0	TRUE	A	5.4912714E-5	239.0	4.4841884E-4	0.9974772	620.169	0.06621583	0.9631549	0.0
SPIKE	S37:A>C	0	288066	0.0	9999.0	0.0	TRUE	A	3.9195194E-5	92.0	5.137596E-4	0.9981986	83.3354	0.122789204	0.9503134	0.0
SPIKE	S37:A>T	0	288066	0.0	9999.0	0.0	TRUE	A	4.239009E-5	0.0	5.9536134E-4	0.99805194	109.499344	0.111584395	0.98180556	1.0
SPIKE	S38:T>C	1	288066	3.4714267E-6	6.2829576	40.0	TRUE	T	1.4989219E-5	58.0	4.634672E-4	0.99931073	488.90546	0.0744808	0.95776886	0.0
SPIKE	S38:T>A	0	288066	0.0	9999.0	0.0	TRUE	T	4.451145E-5	1.0	5.0568406E-4	0.99795455	142.10812	0.09027438	0.9890369	1.0
SPIKE	S38:T>G	0	288066	0.0	9999.0	0.0	TRUE	T	2.366844E-6	13.0	2.0817222E-4	0.9998911	1051.9613	0.052457634	0.9865873	0.0
SPIKE	S39:C>T	4	288066	1.3885707E-5	10.110621	40.0	TRUE	C	6.1650564E-5	293.0	3.9191847E-4	0.99716806	763.3714	0.060636155	0.97986305	0.0
SPIKE	S39:C>A	7	288066	2.4299987E-5	62.139133	39.57143	TRUE	C	1.5753769E-5	2.0	0.0011756317	0.99927557	26.873362	0.16906953	0.96506184	1.0
SPIKE	S39:C>G	0	288066	0.0	9999.0	0.0	TRUE	C	9.5110314E-5	1.0	3.180102E-4	0.9956345	487.48856	0.05622032	0.98988754	1.0
SPIKE	S40:G>A	12	288066	4.165712E-5	53.998653	39.5	TRUE	G	7.23975E-5	322.0	5.4008386E-4	0.99667525	400.63412	0.064802885	0.97438174	0.0
SPIKE	S40:G>C	0	288066	0.0	9999.0	0.0	TRUE	G	8.860632E-5	0.0	2.9222862E-4	0.9959324	453.8545	0.056255758	0.9883976	1.0
SPIKE	S40:G>T	0	288066	0.0	9999.0	0.0	TRUE	G	2.3918512E-6	11.0	3.2624495E-4	0.99988997	388.27948	0.06265781	0.98796123	0.0
SPIKE	S41:G>C	1	288066	3.4714267E-6	0.6444032	40.0	TRUE	G	8.860632E-5	4.0	2.9222862E-4	0.9959324	453.8545	0.056255758	0.9883976	1.0
SPIKE	S41:G>A	16	288066	5.5542827E-5	99.805084	38.5625	TRUE	G	5.77831E-5	257.0	5.4008386E-4	0.9973455	400.63412	0.064802885	0.97438174	0.0
SPIKE	S41:G>T	0	288066	0.0	9999.0	0.0	TRUE	G	8.4427884E-5	2.0	3.2624495E-4	0.99612385	388.27948	0.06265781	0.98796123	1.0
SPIKE	S42:C>T	15	288066	5.2071402E-5	62.326878	39.666668	TRUE	C	9.552681E-5	454.0	3.9191847E-4	0.9956154	763.3714	0.060636155	0.97986305	0.0
SPIKE	S42:C>A	12	288066	4.165712E-5	153.1955	39.833332	TRUE	C	9.37956E-6	16.0	0.0011756317	0.99956864	26.873362	0.16906953	0.96506184	0.0
SPIKE	S42:C>G	0	288066	0.0	9999.0	0.0	TRUE	C	9.5110314E-5	4.0	3.180102E-4	0.9956345	487.48856	0.05622032	0.98988754	1.0
SPIKE	S43:G>A	22	288066	7.637139E-5	157.73497	39.909092	TRUE	G	6.0481143E-5	269.0	5.4008386E-4	0.9972217	400.63412	0.064802885	0.97438174	0.0
SPIKE	S43:G>C	0	288066	0.0	9999.0	0.0	TRUE	G	8.860632E-5	0.0	2.9222862E-4	0.9959324	453.8545	0.056255758	0.9883976	1.0
SPIKE	S43:G>T	0	288066	0.0	9999.0	0.0	TRUE	G	8.4427884E-5	0.0	3.2624495E-4	0.99612385	388.27948	0.06265781	0.98796123	1.0
SPIKE	S44:G>A	16	288066	5.5542827E-5	60.339703	40.0	TRUE	G	1.12418486E-4	500.0	5.4008386E-4	0.9948421	400.63412	0.064802885	0.97438174	0.0
SPIKE	S44:G>C	0	288066	0.0	9999.0	0.0	TRUE	G	8.860632E-5	2.0	2.9222862E-4	0.9959324	453.8545	0.056255758	0.9883976	1.0
SPIKE	S44:G>T	0	288066	0.0	9999.0	0.0	TRUE	G	8.4427884E-5	5.0	3.2624495E-4	0.99612385	388.27948	0.06265781	0.98796123	1.0
SPIKE	S45:C>T	10	288066	3.4714267E-5	15.397394	38.2	TRUE	C	1.6062209E-4	5.0	3.9191847E-4	0.9926386	763.3714	0.060636155	0.97986305	1.0
SPIKE	S45:C>A	17	288066	5.9014255E-5	200.37523	39.882355	TRUE	C	1.5753769E-5	5.0	0.0011756317	0.99927557	26.873362	0.16906953	0.96506184	1.0
SPIKE	S45:C>G	0	288066	0.0	9999.0	0.0	TRUE	C	9.5110314E-5	0.0	3.180102E-4	0.9956345	487.48856	0.05622032	0.98988754	1.0
SPIKE	S46:G>A	10	288066	3.4714267E-5	53.991184	39.5	TRUE	G	4.9239297E-5	219.0	5.4008386E-4	0.9977375	400.63412	0.064802885	0.97438174	0.0
SPIKE	S46:G>C	0	288066	0.0	9999.0	0.0	TRUE	G	8.860632E-5	1.0	2.9222862E-4	0.9959324	453.8545	0.056255758	0.9883976	1.0
SPIKE	S46:G>T	0	288066	0.0	9999.0	0.0	TRUE	G	8.4427884E-5	2.0	3.2624495E-4	0.99612385	388.27948	0.06265781	0.98796123	1.0
SPIKE	S47:A>G	0	288066	0.0	9999.0	0.0	TRUE	A	6.6630487E-6	29.0	4.4841884E-4	0.9996936	620.169	0.06621583	0.9631549	0.0
SPIKE	S47:A>C	0	288066	0.0	9999.0	0.0	TRUE	A	3.5503774E-5	1.0	5.137596E-4	0.99836814	83.3354	0.122789204	0.9503134	1.0
SPIKE	S47:A>T	0	288066	0.0	9999.0	0.0	TRUE	A	4.239009E-5	3.0	5.9536134E-4	0.99805194	109.499344	0.111584395	0.98180556	1.0
SPIKE	S48:A>G	1	288066	3.4714267E-6	4.86213	40.0	TRUE	A	2.1367709E-5	93.0	4.4841884E-4	0.9990176	620.169	0.06621583	0.9631549	0.0
SPIKE	S48:A>C	0	288066	0.0	9999.0	0.0	TRUE	A	5.538451E-6	13.0	5.137596E-4	0.99974525	83.3354	0.122789204	0.9503134	0.0
SPIKE	S48:A>T	0	288066	0.0	9999.0	0.0	TRUE	A	4.239009E-5	2.0	5.9536134E-4	0.99805194	109.499344	0.111584395	0.98180556	1.0
SPIKE	S49:T>C	3	288066	1.041428E-5	18.095385	40.0	TRUE	T	1.9641047E-5	76.0	4.634672E-4	0.99909693	488.90546	0.0744808	0.95776886	0.0
SPIKE	D49-50:T>	2	288066	6.9428534E-6	9999.0	39.91302	TRUE		NaN	NaN	NaN	NaN	NaN	NaN	NaN	NaN
SPIKE	S49:T>A	0	288066	0.0	9999.0	0.0	TRUE	T	4.451145E-5	2.0	5.0568406E-4	0.99795455	142.10812	0.09027438	0.9890369	1.0
SPIKE	S49:T>G	0	288066	0.0	9999.0	0.0	TRUE	T	3.2771686E-6	18.0	2.0817222E-4	0.99984926	1051.9613	0.052457634	0.9865873	0.0
SPIKE	S50:T>C	5	288066	1.7357133E-5	33.489014	39.8	TRUE	T	2.1708525E-5	84.0	4.634672E-4	0.9990019	488.90546	0.0744808	0.95776886	0.0
SPIKE	S50:T>A	0	288066	0.0	9999.0	0.0	TRUE	T	4.451145E-5	4.0	5.0568406E-4	0.99795455	142.10812	0.09027438	0.9890369	1.0
SPIKE	S50:T>G	0	288066	0.0	9999.0	0.0	TRUE	T	1.9152525E-4	7.0	2.0817222E-4	0.9912285	1051.9613	0.052457634	0.9865873	1.0
SPIKE	S51:T>C	7	288066	2.4299987E-5	68.45042	38.714287	TRUE	T	1.2663307E-5	49.0	4.634672E-4	0.99941766	488.90546	0.0744808	0.95776886	0.0
SPIKE	S51:T>A	0	288066	0.0	9999.0	0.0	TRUE	T	7.517338E-6	24.0	5.0568406E-4	0.99965423	142.10812	0.09027438	0.9890369	0.0
SPIKE	S51:T>G	0	288066	0.0	9999.0	0.0	TRUE	T	1.9152525E-4	0.0	2.0817222E-4	0.9912285	1051.9613	0.052457634	0.9865873	1.0
SPIKE	S52:A>G	5	288067	1.7357073E-5	21.264143	39.8	TRUE	A	4.158647E-5	181.0	4.4841884E-4	0.99808884	620.17114	0.06621583	0.9631549	0.0
SPIKE	S52:A>C	0	288067	0.0	9999.0	0.0	TRUE	A	2.0023563E-5	47.0	5.137596E-4	0.99907935	83.33569	0.122789204	0.9503134	0.0
SPIKE	S52:A>T	0	288067	0.0	9999.0	0.0	TRUE	A	4.239009E-5	0.0	5.9536134E-4	0.99805194	109.499725	0.111584395	0.98180556	1.0
SPIKE	S53:C>T	13	288067	4.512839E-5	65.0295	39.76923	TRUE	C	6.7331435E-5	320.0	3.9191847E-4	0.99690753	763.374	0.060636155	0.97986305	0.0
SPIKE	S53:C>G	1	288067	3.4714146E-6	0.5380364	40.0	TRUE	C	9.5110314E-5	2.0	3.180102E-4	0.9956345	487.49023	0.05622032	0.98988754	1.0
SPIKE	S53:C>A	4	288067	1.38856585E-5	29.834442	39.5	TRUE	C	1.5753769E-5	5.0	0.0011756317	0.99927557	26.873455	0.16906953	0.96506184	1.0
SPIKE	S54:C>T	13	288067	4.512839E-5	76.394585	40.0	TRUE	C	5.3444328E-5	254.0	3.9191847E-4	0.9975446	763.374	0.060636155	0.97986305	0.0
SPIKE	S54:C>A	7	288067	2.4299903E-5	58.0527	40.0	TRUE	C	1.8172834E-5	31.0	0.0011756317	0.9991644	26.873455	0.16906953	0.96506184	0.0
SPIKE	S54:C>G	0	288067	0.0	9999.0	0.0	TRUE	C	9.5110314E-5	1.0	3.180102E-4	0.9956345	487.49023	0.05622032	0.98988754	1.0
SPIKE	S55:A>T	1	288067	3.4714146E-6	6.469451	40.0	TRUE	A	1.4323628E-5	37.0	5.9536134E-4	0.9993413	109.499725	0.111584395	0.98180556	0.0
SPIKE	S55:A>C	2	288067	6.9428293E-6	0.67035156	40.0	TRUE	A	1.2994013E-4	305.0	5.137596E-4	0.9940406	83.33569	0.122789204	0.9503134	0.0
SPIKE	S55:A>G	25	288067	8.678537E-5	47.061275	40.0	TRUE	A	2.991469E-4	1302.0	4.4841884E-4	0.9863335	620.17114	0.06621583	0.9631549	0.0
SPIKE	S56:C>T	7	288067	2.4299903E-5	21.52514	40.0	TRUE	C	7.322294E-5	348.0	3.9191847E-4	0.9966374	763.374	0.060636155	0.97986305	0.0
SPIKE	S56:C>A	4	288067	1.38856585E-5	7.127015	40.0	TRUE	C	8.0312195E-5	137.0	0.0011756317	0.99631244	26.873455	0.16906953	0.96506184	0.0
SPIKE	S56:C>G	0	288067	0.0	9999.0	0.0	TRUE	C	9.5110314E-5	4.0	3.180102E-4	0.9956345	487.49023	0.05622032	0.98988754	1.0
SPIKE	S57:C>T	8	288067	2.7771317E-5	29.519676	40.0	TRUE	C	6.6910616E-5	318.0	3.9191847E-4	0.99692684	763.374	0.060636155	0.97986305	0.0
SPIKE	S57:C>A	5	288067	1.7357073E-5	34.044895	40.0	TRUE	C	2.1103935E-5	36.0	0.0011756317	0.9990297	26.873455	0.16906953	0.96506184	0.0
SPIKE	S57:C>G	0	288067	0.0	9999.0	0.0	TRUE	C	9.5110314E-5	0.0	3.180102E-4	0.9956345	487.49023	0.05622032	0.98988754	1.0
SPIKE	S58:A>G	9	288067	3.1242733E-5	14.937946	40.0	TRUE	A	1.4176161E-4	617.0	4.4841884E-4	0.9935002	620.17114	0.06621583	0.9631549	0.0
SPIKE	S58:A>C	0	288067	0.0	9999.0	0.0	TRUE	A	8.4354586E-5	198.0	5.137596E-4	0.9961272	83.33569	0.122789204	0.9503134	0.0
SPIKE	S58:A>T	0	288067	0.0	9999.0	0.0	TRUE	A	1.2775128E-5	33.0	5.9536134E-4	0.99941254	109.499725	0.111584395	0.98180556	0.0
SPIKE	S59:T>C	9	288067	3.1242733E-5	17.566492	40.0	TRUE	T	1.271495E-4	492.0	4.634672E-4	0.9941682	488.90714	0.0744808	0.95776886	0.0
SPIKE	S59:T>A	0	288067	0.0	9999.0	0.0	TRUE	T	6.139138E-5	196.0	5.0568406E-4	0.99718	142.10861	0.09027438	0.9890369	0.0
SPIKE	S59:T>G	0	288067	0.0	9999.0	0.0	TRUE	T	1.820643E-6	10.0	2.0817222E-4	0.99991626	1051.965	0.052457634	0.9865873	0.0
SPIKE	S60:T>C	4	288067	1.38856585E-5	13.763731	40.0	TRUE	T	4.6259673E-5	179.0	4.634672E-4	0.9978743	488.90714	0.0744808	0.95776886	0.0
SPIKE	S60:T>A	0	288067	0.0	9999.0	0.0	TRUE	T	4.451145E-5	8.0	5.0568406E-4	0.99795455	142.10861	0.09027438	0.9890369	1.0
SPIKE	S60:T>G	0	288067	0.0	9999.0	0.0	TRUE	T	5.643993E-6	31.0	2.0817222E-4	0.9997404	1051.965	0.052457634	0.9865873	0.0
SPIKE	S61:G>A	17	288067	5.9014048E-5	119.566986	40.0	TRUE	G	4.96888E-5	221.0	5.4008386E-4	0.9977169	400.63553	0.064802885	0.97438174	0.0
SPIKE	S61:G>C	0	288067	0.0	9999.0	0.0	TRUE	G	8.860632E-5	0.0	2.9222862E-4	0.9959324	453.85608	0.056255758	0.9883976	1.0
SPIKE	S61:G>T	0	288067	0.0	9999.0	0.0	TRUE	G	3.957413E-5	182.0	3.2624495E-4	0.9981812	388.28082	0.06265781	0.98796123	0.0
SPIKE	S62:A>G	1	288067	3.4714146E-6	1.305874	40.0	TRUE	A	6.341362E-5	276.0	4.4841884E-4	0.99708724	620.17114	0.06621583	0.9631549	0.0
SPIKE	D62-63:A>	5	288067	1.7357073E-5	9999.0	40.0	TRUE		NaN	NaN	NaN	NaN	NaN	NaN	NaN	NaN
SPIKE	S62:A>C	0	288067	0.0	9999.0	0.0	TRUE	A	3.5503774E-5	4.0	5.137596E-4	0.99836814	83.33569	0.122789204	0.9503134	1.0
SPIKE	S62:A>T	0	288067	0.0	9999.0	0.0	TRUE	A	9.291002E-6	24.0	5.9536134E-4	0.9995727	109.499725	0.111584395	0.98180556	0.0
SPIKE	S63:A>G	2	288067	6.9428293E-6	8.614078	40.0	TRUE	A	2.6881862E-5	117.0	4.4841884E-4	0.9987642	620.17114	0.06621583	0.9631549	0.0
SPIKE	S63:A>C	0	288067	0.0	9999.0	0.0	TRUE	A	3.5503774E-5	7.0	5.137596E-4	0.99836814	83.33569	0.122789204	0.9503134	1.0
SPIKE	S63:A>T	0	288067	0.0	9999.0	0.0	TRUE	A	6.1940013E-6	16.0	5.9536134E-4	0.9997151	109.499725	0.111584395	0.98180556	0.0
SPIKE	S64:A>G	1	288067	3.4714146E-6	0.8356704	40.0	TRUE	A	7.926703E-5	345.0	4.4841884E-4	0.99636036	620.17114	0.06621583	0.9631549	0.0
SPIKE	S64:A>C	1	288067	3.4714146E-6	7.081855	40.0	TRUE	A	1.2354964E-5	29.0	5.137596E-4	0.99943185	83.33569	0.122789204	0.9503134	0.0
SPIKE	S64:A>T	0	288067	0.0	9999.0	0.0	TRUE	A	4.645501E-6	12.0	5.9536134E-4	0.9997863	109.499725	0.111584395	0.98180556	0.0
SPIKE	S65:A>G	18	288067	6.2485466E-5	45.243053	40.0	TRUE	A	1.8196953E-4	792.0	4.4841884E-4	0.99166435	620.17114	0.06621583	0.9631549	0.0
SPIKE	S65:A>C	9	288067	3.1242733E-5	9.786614	40.0	TRUE	A	1.8021207E-4	423.0	5.137596E-4	0.9917445	83.33569	0.122789204	0.9503134	0.0
SPIKE	S65:A>T	0	288067	0.0	9999.0	0.0	TRUE	A	3.871251E-6	10.0	5.9536134E-4	0.99982196	109.499725	0.111584395	0.98180556	0.0
SPIKE	S66:C>A	2	288067	6.9428293E-6	6.633602	40.0	TRUE	C	3.5759447E-5	61.0	0.0011756317	0.9983564	26.873455	0.16906953	0.96506184	0.0
SPIKE	S66:C>T	5	288067	1.7357073E-5	15.759821	40.0	TRUE	C	5.7442132E-5	273.0	3.9191847E-4	0.9973611	763.374	0.060636155	0.97986305	0.0
SPIKE	S66:C>G	0	288067	0.0	9999.0	0.0	TRUE	C	9.5110314E-5	8.0	3.180102E-4	0.9956345	487.49023	0.05622032	0.98988754	1.0
SPIKE	S67:C>A	5	288067	1.7357073E-5	6.574427	40.0	TRUE	C	1.1020944E-4	188.0	0.0011756317	0.9949432	26.873455	0.16906953	0.96506184	0.0
SPIKE	S67:C>T	7	288067	2.4299903E-5	38.262554	40.0	TRUE	C	3.7242702E-5	177.0	3.9191847E-4	0.9982883	763.374	0.060636155	0.97986305	0.0
SPIKE	S67:C>G	0	288067	0.0	9999.0	0.0	TRUE	C	9.5110314E-5	0.0	3.180102E-4	0.9956345	487.49023	0.05622032	0.98988754	1.0
SPIKE	S68:A>G	23	288067	7.984254E-5	37.966755	40.0	TRUE	A	3.0282303E-4	1318.0	4.4841884E-4	0.9861667	620.17114	0.06621583	0.9631549	0.0
SPIKE	S68:A>C	4	288067	1.38856585E-5	11.62441	40.0	TRUE	A	5.4532255E-5	128.0	5.137596E-4	0.99749464	83.33569	0.122789204	0.9503134	0.0
SPIKE	S68:A>T	0	288067	0.0	9999.0	0.0	TRUE	A	1.8582004E-5	48.0	5.9536134E-4	0.99914557	109.499725	0.111584395	0.98180556	0.0
SPIKE	S69:G>A	13	288067	4.512839E-5	59.804787	40.0	TRUE	G	7.509529E-5	334.0	5.4008386E-4	0.9965516	400.63553	0.064802885	0.97438174	0.0
SPIKE	S69:G>C	0	288067	0.0	9999.0	0.0	TRUE	G	4.021738E-5	206.0	2.9222862E-4	0.9981517	453.85608	0.056255758	0.9883976	0.0
SPIKE	S69:G>T	0	288067	0.0	9999.0	0.0	TRUE	G	2.6092832E-6	12.0	3.2624495E-4	0.99987996	388.28082	0.06265781	0.98796123	0.0
SPIKE	S70:C>A	14	288067	4.8599806E-5	155.50864	40.0	TRUE	C	1.5753769E-5	3.0	0.0011756317	0.99927557	26.873455	0.16906953	0.96506184	1.0
SPIKE	S70:C>T	16	288067	5.5542634E-5	58.038273	40.0	TRUE	C	1.1719878E-4	557.0	3.9191847E-4	0.99462336	763.374	0.060636155	0.97986305	0.0
SPIKE	S70:C>G	0	288067	0.0	9999.0	0.0	TRUE	C	8.779589E-6	45.0	3.180102E-4	0.99959624	487.49023	0.05622032	0.98988754	0.0
SPIKE	S71:C>A	7	288067	2.4299903E-5	45.25339	40.0	TRUE	C	2.87248E-5	49.0	0.0011756317	0.9986795	26.873455	0.16906953	0.96506184	0.0
SPIKE	S71:C>T	7	288067	2.4299903E-5	19.163029	40.0	TRUE	C	8.142896E-5	387.0	3.9191847E-4	0.9962613	763.374	0.060636155	0.97986305	0.0
SPIKE	S71:C>G	0	288067	0.0	9999.0	0.0	TRUE	C	3.180162E-5	163.0	3.180102E-4	0.9985382	487.49023	0.05622032	0.98988754	0.0
SPIKE	S72:G>A	31	288067	1.0761385E-4	213.89874	40.0	TRUE	G	8.7686116E-5	390.0	5.4008386E-4	0.99597454	400.63553	0.064802885	0.97438174	0.0
SPIKE	S72:G>C	1	288067	3.4714146E-6	9.018883	40.0	TRUE	G	7.8092E-6	40.0	2.9222862E-4	0.9996408	453.85608	0.056255758	0.9883976	0.0
SPIKE	S72:G>T	1	288067	3.4714146E-6	4.9128904	40.0	TRUE	G	2.1091706E-5	97.0	3.2624495E-4	0.99903023	388.28082	0.06265781	0.98796123	0.0
SPIKE	S73:T>C	21	288067	7.2899704E-5	25.75653	40.0	TRUE	T	3.315707E-4	1283.0	4.634672E-4	0.98486346	488.90714	0.0744808	0.95776886	0.0
SPIKE	S73:T>A	0	288067	0.0	9999.0	0.0	TRUE	T	4.451145E-5	9.0	5.0568406E-4	0.99795455	142.10861	0.09027438	0.9890369	1.0
SPIKE	S73:T>G	0	288067	0.0	9999.0	0.0	TRUE	T	4.4605753E-5	245.0	2.0817222E-4	0.99795026	1051.965	0.052457634	0.9865873	0.0
SPIKE	S74:G>A	9	288067	3.1242733E-5	56.019146	40.0	TRUE	G	3.66483E-5	163.0	5.4008386E-4	0.9983156	400.63553	0.064802885	0.97438174	0.0
SPIKE	S74:G>C	0	288067	0.0	9999.0	0.0	TRUE	G	6.2473596E-6	32.0	2.9222862E-4	0.99971265	453.85608	0.056255758	0.9883976	0.0
SPIKE	S74:G>T	0	288067	0.0	9999.0	0.0	TRUE	G	1.1959215E-5	55.0	3.2624495E-4	0.99945	388.28082	0.06265781	0.98796123	0.0
SPIKE	S75:G>A	15	288067	5.207122E-5	76.1632	40.0	TRUE	G	7.4195945E-5	330.0	5.4008386E-4	0.9965928	400.63553	0.064802885	0.97438174	0.0
SPIKE	S75:G>C	0	288067	0.0	9999.0	0.0	TRUE	G	8.860632E-5	2.0	2.9222862E-4	0.9959324	453.85608	0.056255758	0.9883976	1.0
SPIKE	S75:G>T	0	288067	0.0	9999.0	0.0	TRUE	G	3.6095083E-5	166.0	3.2624495E-4	0.998341	388.28082	0.06265781	0.98796123	0.0
SPIKE	S76:T>G	5	288067	1.7357073E-5	23.565285	40.0	TRUE	T	3.6594924E-5	201.0	2.0817222E-4	0.9983181	1051.965	0.052457634	0.9865873	0.0
SPIKE	S76:T>C	3	288067	1.0414244E-5	0.75779706	40.0	TRUE	T	1.6462241E-4	637.0	4.634672E-4	0.99245596	488.90714	0.0744808	0.95776886	0.0
SPIKE	S76:T>A	0	288067	0.0	9999.0	0.0	TRUE	T	3.758656E-6	12.0	5.0568406E-4	0.99982715	142.10861	0.09027438	0.9890369	0.0
SPIKE	S77:T>C	2	288067	6.9428293E-6	7.488476	40.0	TRUE	T	3.152894E-5	122.0	4.634672E-4	0.9985507	488.90714	0.0744808	0.95776886	0.0
SPIKE	S77:T>A	0	288067	0.0	9999.0	0.0	TRUE	T	4.451145E-5	2.0	5.0568406E-4	0.99795455	142.10861	0.09027438	0.9890369	1.0
SPIKE	S77:T>G	0	288067	0.0	9999.0	0.0	TRUE	T	5.8260575E-6	32.0	2.0817222E-4	0.999732	1051.965	0.052457634	0.9865873	0.0
SPIKE	S78:T>C	5	288067	1.7357073E-5	43.51614	40.0	TRUE	T	1.318013E-5	51.0	4.634672E-4	0.9993939	488.90714	0.0744808	0.95776886	0.0
SPIKE	S78:T>A	0	288067	0.0	9999.0	0.0	TRUE	T	4.451145E-5	1.0	5.0568406E-4	0.99795455	142.10861	0.09027438	0.9890369	1.0
SPIKE	S78:T>G	0	288067	0.0	9999.0	0.0	TRUE	T	3.8779694E-5	213.0	2.0817222E-4	0.9982177	1051.965	0.052457634	0.9865873	0.0
SPIKE	S79:G>A	9	288067	3.1242733E-5	51.815464	40.0	TRUE	G	4.1369858E-5	184.0	5.4008386E-4	0.9980988	400.63553	0.064802885	0.97438174	0.0
SPIKE	S79:G>C	0	288067	0.0	9999.0	0.0	TRUE	G	3.865554E-5	198.0	2.9222862E-4	0.9982234	453.85608	0.056255758	0.9883976	0.0
SPIKE	S79:G>T	0	288067	0.0	9999.0	0.0	TRUE	G	1.0002253E-5	46.0	3.2624495E-4	0.99954003	388.28082	0.06265781	0.98796123	0.0
SPIKE	S80:C>A	11	288067	3.818556E-5	122.21201	40.0	TRUE	C	1.28968495E-5	22.0	0.0011756317	0.99940693	26.873455	0.16906953	0.96506184	0.0
SPIKE	S80:C>T	23	288067	7.984254E-5	86.84812	40.0	TRUE	C	1.5317902E-4	728.0	3.9191847E-4	0.9929785	763.374	0.060636155	0.97986305	0.0
SPIKE	S80:C>G	0	288067	0.0	9999.0	0.0	TRUE	C	3.765468E-5	193.0	3.180102E-4	0.9982694	487.49023	0.05622032	0.98988754	0.0
SPIKE	S81:G>A	24	288067	8.331395E-5	157.69353	40.0	TRUE	G	7.5994634E-5	338.0	5.4008386E-4	0.9965103	400.63553	0.064802885	0.97438174	0.0
SPIKE	S81:G>C	0	288067	0.0	9999.0	0.0	TRUE	G	8.860632E-5	9.0	2.9222862E-4	0.9959324	453.85608	0.056255758	0.9883976	1.0
SPIKE	S81:G>T	0	288067	0.0	9999.0	0.0	TRUE	G	8.915051E-6	41.0	3.2624495E-4	0.99959	388.28082	0.06265781	0.98796123	0.0
SPIKE	S82:G>A	21	288067	7.2899704E-5	101.51383	40.0	TRUE	G	1.0544817E-4	469.0	5.4008386E-4	0.9951611	400.63553	0.064802885	0.97438174	0.0
SPIKE	S82:G>C	0	288067	0.0	9999.0	0.0	TRUE	G	3.31891E-5	170.0	2.9222862E-4	0.9984745	453.85608	0.056255758	0.9883976	0.0
SPIKE	S82:G>T	0	288067	0.0	9999.0	0.0	TRUE	G	8.4427884E-5	7.0	3.2624495E-4	0.99612385	388.28082	0.06265781	0.98796123	1.0
SPIKE	S83:C>G	1	288067	3.4714146E-6	2.8698657	40.0	TRUE	C	3.6874273E-5	189.0	3.180102E-4	0.9983052	487.49023	0.05622032	0.98988754	0.0
SPIKE	S83:C>A	24	288067	8.331395E-5	313.23126	40.0	TRUE	C	1.5753769E-5	9.0	0.0011756317	0.99927557	26.873455	0.16906953	0.96506184	1.0
SPIKE	S83:C>T	11	288067	3.818556E-5	43.126583	40.0	TRUE	C	7.953526E-5	378.0	3.9191847E-4	0.9963481	763.374	0.060636155	0.97986305	0.0
SPIKE	S84:G>A	14	288067	4.8599806E-5	49.55296	40.0	TRUE	G	1.07696535E-4	479.0	5.4008386E-4	0.99505824	400.63553	0.064802885	0.97438174	0.0
SPIKE	S84:G>C	0	288067	0.0	9999.0	0.0	TRUE	G	1.9523E-6	10.0	2.9222862E-4	0.9999102	453.85608	0.056255758	0.9883976	0.0
SPIKE	S84:G>T	0	288067	0.0	9999.0	0.0	TRUE	G	8.4427884E-5	8.0	3.2624495E-4	0.99612385	388.28082	0.06265781	0.98796123	1.0
SPIKE	S85:A>G	1	288067	3.4714146E-6	4.542737	40.0	TRUE	A	2.320571E-5	101.0	4.4841884E-4	0.99893314	620.17114	0.06621583	0.9631549	0.0
SPIKE	S85:A>C	0	288067	0.0	9999.0	0.0	TRUE	A	3.5503774E-5	0.0	5.137596E-4	0.99836814	83.33569	0.122789204	0.9503134	1.0
SPIKE	S85:A>T	0	288067	0.0	9999.0	0.0	TRUE	A	6.542414E-5	169.0	5.9536134E-4	0.99699503	109.499725	0.111584395	0.98180556	0.0
SPIKE	S86:T>C	2	288067	6.9428293E-6	2.3981678	39.0	TRUE	T	7.597957E-5	294.0	4.634672E-4	0.99651104	488.90714	0.0744808	0.95776886	0.0
SPIKE	S86:T>A	0	288067	0.0	9999.0	0.0	TRUE	T	7.2040907E-6	23.0	5.0568406E-4	0.99966866	142.10861	0.09027438	0.9890369	0.0
SPIKE	S86:T>G	0	288067	0.0	9999.0	0.0	TRUE	T	5.2798646E-6	29.0	2.0817222E-4	0.9997572	1051.965	0.052457634	0.9865873	0.0
SPIKE	S87:T>C	3	288066	1.041428E-5	12.218948	39.333332	TRUE	T	3.3338092E-5	129.0	4.634672E-4	0.9984676	488.90546	0.0744808	0.95776886	0.0
SPIKE	S87:T>A	0	288066	0.0	9999.0	0.0	TRUE	T	4.451145E-5	7.0	5.0568406E-4	0.99795455	142.10812	0.09027438	0.9890369	1.0
SPIKE	S87:T>G	0	288066	0.0	9999.0	0.0	TRUE	T	1.0195636E-5	56.0	2.0817222E-4	0.9995311	1051.9613	0.052457634	0.9865873	0.0
SPIKE	S88:T>C	6	288066	2.082856E-5	40.26925	39.666668	TRUE	T	2.4292873E-5	94.0	4.634672E-4	0.9988831	488.90546	0.0744808	0.95776886	0.0
SPIKE	S88:T>A	0	288066	0.0	9999.0	0.0	TRUE	T	1.1589229E-5	37.0	5.0568406E-4	0.999467	142.10812	0.09027438	0.9890369	0.0
SPIKE	S88:T>G	0	288066	0.0	9999.0	0.0	TRUE	T	1.9152525E-4	3.0	2.0817222E-4	0.9912285	1051.9613	0.052457634	0.9865873	1.0
SPIKE	S89:A>G	1	288066	3.4714267E-6	6.053974	40.0	TRUE	A	1.585346E-5	69.0	4.4841884E-4	0.99927104	620.169	0.06621583	0.9631549	0.0
SPIKE	S89:A>C	0	288066	0.0	9999.0	0.0	TRUE	A	3.5503774E-5	1.0	5.137596E-4	0.99836814	83.3354	0.122789204	0.9503134	1.0
SPIKE	S89:A>T	0	288066	0.0	9999.0	0.0	TRUE	A	1.5485057E-5	40.0	5.9536134E-4	0.99928796	109.499344	0.111584395	0.98180556	0.0
SPIKE	S90:T>C	4	288066	1.3885707E-5	19.144098	39.5	TRUE	T	3.152905E-5	122.0	4.634672E-4	0.9985507	488.90546	0.0744808	0.95776886	0.0
SPIKE	S90:T>A	0	288066	0.0	9999.0	0.0	TRUE	T	4.451145E-5	5.0	5.0568406E-4	0.99795455	142.10812	0.09027438	0.9890369	1.0
SPIKE	S90:T>G	0	288066	0.0	9999.0	0.0	TRUE	T	4.551623E-6	25.0	2.0817222E-4	0.99979067	1051.9613	0.052457634	0.9865873	0.0
SPIKE	S91:C>A	14	288066	4.8599974E-5	155.50883	39.857143	TRUE	C	1.5753769E-5	0.0	0.0011756317	0.99927557	26.873362	0.16906953	0.96506184	1.0
SPIKE	S91:C>T	5	288066	1.7357133E-5	17.826342	40.0	TRUE	C	5.0709164E-5	241.0	3.9191847E-4	0.9976701	763.3714	0.060636155	0.97986305	0.0
SPIKE	S91:C>G	0	288066	0.0	9999.0	0.0	TRUE	C	9.5110314E-5	2.0	3.180102E-4	0.9956345	487.48856	0.05622032	0.98988754	1.0
SPIKE	S92:G>A	17	288066	5.9014255E-5	65.37192	39.882355	TRUE	G	1.1579104E-4	515.0	5.4008386E-4	0.9946878	400.63412	0.064802885	0.97438174	0.0
SPIKE	S92:G>C	0	288066	0.0	9999.0	0.0	TRUE	G	8.860632E-5	2.0	2.9222862E-4	0.9959324	453.8545	0.056255758	0.9883976	1.0
SPIKE	S92:G>T	0	288066	0.0	9999.0	0.0	TRUE	G	8.4427884E-5	5.0	3.2624495E-4	0.99612385	388.27948	0.06265781	0.98796123	1.0
SPIKE	S93:T>C	5	288066	1.7357133E-5	13.1059065	38.4	TRUE	T	6.796836E-5	263.0	4.634672E-4	0.9968783	488.90546	0.0744808	0.95776886	0.0
SPIKE	S93:T>A	0	288066	0.0	9999.0	0.0	TRUE	T	6.890893E-6	22.0	5.0568406E-4	0.9996831	142.10812	0.09027438	0.9890369	0.0
SPIKE	S93:T>G	0	288066	0.0	9999.0	0.0	TRUE	T	5.6440126E-6	31.0	2.0817222E-4	0.9997404	1051.9613	0.052457634	0.9865873	0.0
SPIKE	S94:C>A	15	288066	5.2071402E-5	170.18967	39.466667	TRUE	C	1.5753769E-5	5.0	0.0011756317	0.99927557	26.873362	0.16906953	0.96506184	1.0
SPIKE	S94:C>T	7	288066	2.4299987E-5	27.95851	39.0	TRUE	C	5.575904E-5	265.0	3.9191847E-4	0.9974384	763.3714	0.060636155	0.97986305	0.0
SPIKE	S94:C>G	0	288066	0.0	9999.0	0.0	TRUE	C	9.5110314E-5	1.0	3.180102E-4	0.9956345	487.48856	0.05622032	0.98988754	1.0
SPIKE	D95-97:GT>	1	288066	3.4714267E-6	9999.0	39.915684	TRUE		NaN	NaN	NaN	NaN	NaN	NaN	NaN	NaN
SPIKE	S95:G>A	11	288066	3.8185695E-5	36.150608	39.090908	TRUE	G	9.5780546E-5	426.0	5.4008386E-4	0.9956038	400.63412	0.064802885	0.97438174	0.0
SPIKE	S95:G>C	0	288066	0.0	9999.0	0.0	TRUE	G	8.860632E-5	3.0	2.9222862E-4	0.9959324	453.8545	0.056255758	0.9883976	1.0
SPIKE	S95:G>T	0	288066	0.0	9999.0	0.0	TRUE	G	8.4427884E-5	0.0	3.2624495E-4	0.99612385	388.27948	0.06265781	0.98796123	1.0
SPIKE	S96:T>C	6	288066	2.082856E-5	4.4542475	39.333332	TRUE	T	1.6333081E-4	632.0	4.634672E-4	0.9925149	488.90546	0.0744808	0.95776886	0.0
SPIKE	S96:T>A	0	288066	0.0	9999.0	0.0	TRUE	T	7.2041157E-6	23.0	5.0568406E-4	0.99966866	142.10812	0.09027438	0.9890369	0.0
SPIKE	S96:T>G	0	288066	0.0	9999.0	0.0	TRUE	T	6.0081425E-6	33.0	2.0817222E-4	0.9997237	1051.9613	0.052457634	0.9865873	0.0
SPIKE	S97:C>T	1	288066	3.4714267E-6	3.2451189	40.0	TRUE	C	3.30346E-5	157.0	3.9191847E-4	0.9984816	763.3714	0.060636155	0.97986305	0.0
SPIKE	S97:C>A	7	288066	2.4299987E-5	62.139133	39.714287	TRUE	C	1.5753769E-5	6.0	0.0011756317	0.99927557	26.873362	0.16906953	0.96506184	1.0
SPIKE	S97:C>G	0	288066	0.0	9999.0	0.0	TRUE	C	9.5110314E-5	0.0	3.180102E-4	0.9956345	487.48856	0.05622032	0.98988754	1.0
SPIKE	S98:A>G	6	288066	2.082856E-5	15.997908	39.5	TRUE	A	7.513162E-5	327.0	4.4841884E-4	0.9965499	620.169	0.06621583	0.9631549	0.0
SPIKE	I98:>GTC	1	288066	3.4714267E-6	9999.0	39.930504	TRUE		NaN	NaN	NaN	NaN	NaN	NaN	NaN	NaN
SPIKE	D98-101:ATC>	1	288066	3.4714267E-6	9999.0	39.930504	TRUE		NaN	NaN	NaN	NaN	NaN	NaN	NaN	NaN
SPIKE	S98:A>C	0	288066	0.0	9999.0	0.0	TRUE	A	3.5503774E-5	9.0	5.137596E-4	0.99836814	83.3354	0.122789204	0.9503134	1.0
SPIKE	S98:A>T	0	288066	0.0	9999.0	0.0	TRUE	A	4.239009E-5	1.0	5.9536134E-4	0.99805194	109.499344	0.111584395	0.98180556	1.0
SPIKE	S99:T>C	4	288066	1.3885707E-5	16.955492	40.0	TRUE	T	3.6697744E-5	142.0	4.634672E-4	0.9983133	488.90546	0.0744808	0.95776886	0.0
SPIKE	S99:T>A	0	288066	0.0	9999.0	0.0	TRUE	T	4.451145E-5	2.0	5.0568406E-4	0.99795455	142.10812	0.09027438	0.9890369	1.0
SPIKE	S99:T>G	0	288066	0.0	9999.0	0.0	TRUE	T	2.548909E-6	14.0	2.0817222E-4	0.99988276	1051.9613	0.052457634	0.9865873	0.0
SPIKE	S100:C>T	17	288066	5.9014255E-5	77.31692	39.17647	TRUE	C	9.5105985E-5	452.0	3.9191847E-4	0.9956347	763.3714	0.060636155	0.97986305	0.0
SPIKE	S100:C>A	12	288066	4.165712E-5	126.728485	39.333332	TRUE	C	1.5753769E-5	1.0	0.0011756317	0.99927557	26.873362	0.16906953	0.96506184	1.0
SPIKE	S100:C>G	1	288066	3.4714267E-6	0.53804135	40.0	TRUE	C	9.5110314E-5	3.0	3.180102E-4	0.9956345	487.48856	0.05622032	0.98988754	1.0
SPIKE	S101:G>C	1	288066	3.4714267E-6	0.6444032	40.0	TRUE	G	8.860632E-5	2.0	2.9222862E-4	0.9959324	453.8545	0.056255758	0.9883976	1.0
SPIKE	S101:G>T	1	288066	3.4714267E-6	0.72374743	40.0	TRUE	G	8.4427884E-5	2.0	3.2624495E-4	0.99612385	388.27948	0.06265781	0.98796123	1.0
SPIKE	S101:G>A	12	288066	4.165712E-5	53.197144	39.583332	TRUE	G	7.374652E-5	328.0	5.4008386E-4	0.9966134	400.63412	0.064802885	0.97438174	0.0
SPIKE	S102:T>C	12	288066	4.165712E-5	61.19685	39.333332	TRUE	T	6.150749E-5	238.0	4.634672E-4	0.9971747	488.90546	0.0744808	0.95776886	0.0
SPIKE	S102:T>A	0	288066	0.0	9999.0	0.0	TRUE	T	4.451145E-5	5.0	5.0568406E-4	0.99795455	142.10812	0.09027438	0.9890369	1.0
SPIKE	S102:T>G	0	288066	0.0	9999.0	0.0	TRUE	T	2.548909E-6	14.0	2.0817222E-4	0.99988276	1051.9613	0.052457634	0.9865873	0.0
SPIKE	S103:G>A	12	288066	4.165712E-5	104.742256	40.0	TRUE	G	2.450723E-5	109.0	5.4008386E-4	0.9988733	400.63412	0.064802885	0.97438174	0.0
SPIKE	S103:G>C	0	288066	0.0	9999.0	0.0	TRUE	G	8.860632E-5	3.0	2.9222862E-4	0.9959324	453.8545	0.056255758	0.9883976	1.0
SPIKE	S103:G>T	0	288066	0.0	9999.0	0.0	TRUE	G	8.4427884E-5	0.0	3.2624495E-4	0.99612385	388.27948	0.06265781	0.98796123	1.0
SPIKE	S104:G>A	10	288066	3.4714267E-5	37.41906	39.2	TRUE	G	7.779359E-5	346.0	5.4008386E-4	0.9964279	400.63412	0.064802885	0.97438174	0.0
SPIKE	S104:G>C	0	288066	0.0	9999.0	0.0	TRUE	G	8.860632E-5	2.0	2.9222862E-4	0.9959324	453.8545	0.056255758	0.9883976	1.0
SPIKE	S104:G>T	0	288066	0.0	9999.0	0.0	TRUE	G	8.4427884E-5	4.0	3.2624495E-4	0.99612385	388.27948	0.06265781	0.98796123	1.0
SPIKE	S105:C>T	9	288066	3.1242842E-5	24.897158	35.666668	TRUE	C	9.6578864E-5	459.0	3.9191847E-4	0.9955672	763.3714	0.060636155	0.97986305	0.0
SPIKE	S105:C>A	12	288066	4.165712E-5	136.80751	39.833332	TRUE	C	1.2896894E-5	22.0	0.0011756317	0.99940693	26.873362	0.16906953	0.96506184	0.0
SPIKE	S105:C>G	0	288066	0.0	9999.0	0.0	TRUE	C	9.5110314E-5	5.0	3.180102E-4	0.9956345	487.48856	0.05622032	0.98988754	1.0
SPIKE	S106:G>A	14	288066	4.8599974E-5	49.45352	39.714287	TRUE	G	1.0792175E-4	480.0	5.4008386E-4	0.9950479	400.63412	0.064802885	0.97438174	0.0
SPIKE	S106:G>C	0	288066	0.0	9999.0	0.0	TRUE	G	8.860632E-5	0.0	2.9222862E-4	0.9959324	453.8545	0.056255758	0.9883976	1.0
SPIKE	S106:G>T	0	288066	0.0	9999.0	0.0	TRUE	G	2.6092923E-6	12.0	3.2624495E-4	0.99987996	388.27948	0.06265781	0.98796123	0.0
SPIKE	S107:G>C	1	288066	3.4714267E-6	0.6444032	40.0	TRUE	G	8.860632E-5	4.0	2.9222862E-4	0.9959324	453.8545	0.056255758	0.9883976	1.0
SPIKE	S107:G>A	22	288066	7.637139E-5	91.623505	39.454544	TRUE	G	1.319793E-4	587.0	5.4008386E-4	0.9939473	400.63412	0.064802885	0.97438174	0.0
SPIKE	S107:G>T	0	288066	0.0	9999.0	0.0	TRUE	G	8.4427884E-5	4.0	3.2624495E-4	0.99612385	388.27948	0.06265781	0.98796123	1.0
SPIKE	S108:C>T	7	288066	2.4299987E-5	19.332972	39.714287	TRUE	C	8.0798E-5	384.0	3.9191847E-4	0.9962902	763.3714	0.060636155	0.97986305	0.0
SPIKE	S108:C>A	11	288066	3.8185695E-5	112.9882	39.727272	TRUE	C	1.5753769E-5	4.0	0.0011756317	0.99927557	26.873362	0.16906953	0.96506184	1.0
SPIKE	S108:C>G	0	288066	0.0	9999.0	0.0	TRUE	C	9.5110314E-5	1.0	3.180102E-4	0.9956345	487.48856	0.05622032	0.98988754	1.0
SPIKE	S109:A>G	6	288066	2.082856E-5	27.65559	40.0	TRUE	A	4.2275897E-5	184.0	4.4841884E-4	0.9980572	620.169	0.06621583	0.9631549	0.0
SPIKE	S109:A>C	0	288066	0.0	9999.0	0.0	TRUE	A	3.5503774E-5	3.0	5.137596E-4	0.99836814	83.3354	0.122789204	0.9503134	1.0
SPIKE	S109:A>T	0	288066	0.0	9999.0	0.0	TRUE	A	4.239009E-5	1.0	5.9536134E-4	0.99805194	109.499344	0.111584395	0.98180556	1.0
SPIKE	S110:G>A	11	288066	3.8185695E-5	46.538635	39.363636	TRUE	G	7.284718E-5	324.0	5.4008386E-4	0.9966546	400.63412	0.064802885	0.97438174	0.0
SPIKE	S110:G>C	0	288066	0.0	9999.0	0.0	TRUE	G	8.860632E-5	1.0	2.9222862E-4	0.9959324	453.8545	0.056255758	0.9883976	1.0
SPIKE	S110:G>T	0	288066	0.0	9999.0	0.0	TRUE	G	8.4427884E-5	3.0	3.2624495E-4	0.99612385	388.27948	0.06265781	0.98796123	1.0
SPIKE	S111:C>T	16	288066	5.5542827E-5	77.54228	39.625	TRUE	C	8.332294E-5	396.0	3.9191847E-4	0.99617445	763.3714	0.060636155	0.97986305	0.0
SPIKE	S111:C>A	14	288066	4.8599974E-5	155.50883	39.714287	TRUE	C	1.5753769E-5	3.0	0.0011756317	0.99927557	26.873362	0.16906953	0.96506184	1.0
SPIKE	S111:C>G	0	288066	0.0	9999.0	0.0	TRUE	C	9.5110314E-5	4.0	3.180102E-4	0.9956345	487.48856	0.05622032	0.98988754	1.0
SPIKE	S112:G>A	9	288065	3.1242947E-5	38.770695	39.555557	TRUE	G	6.1155864E-5	272.0	5.4008386E-4	0.9971908	400.63275	0.064802885	0.97438174	0.0
SPIKE	S112:G>C	0	288065	0.0	9999.0	0.0	TRUE	G	8.860632E-5	2.0	2.9222862E-4	0.9959324	453.8529	0.056255758	0.9883976	1.0
SPIKE	S112:G>T	0	288065	0.0	9999.0	0.0	TRUE	G	8.4427884E-5	0.0	3.2624495E-4	0.99612385	388.2781	0.06265781	0.98796123	1.0
SPIKE	S113:T>C	12	288065	4.1657266E-5	23.993937	39.25	TRUE	T	1.5557831E-4	602.0	4.634672E-4	0.99286896	488.90375	0.0744808	0.95776886	0.0
SPIKE	S113:T>A	0	288065	0.0	9999.0	0.0	TRUE	T	4.451145E-5	3.0	5.0568406E-4	0.99795455	142.10762	0.09027438	0.9890369	1.0
SPIKE	S113:T>G	0	288065	0.0	9999.0	0.0	TRUE	T	9.467409E-6	52.0	2.0817222E-4	0.9995646	1051.9576	0.052457634	0.9865873	0.0
SPIKE	S114:G>A	10	288065	3.4714387E-5	62.813423	39.4	TRUE	G	3.912177E-5	174.0	5.4008386E-4	0.998202	400.63275	0.064802885	0.97438174	0.0
SPIKE	S114:G>C	0	288065	0.0	9999.0	0.0	TRUE	G	8.860632E-5	2.0	2.9222862E-4	0.9959324	453.8529	0.056255758	0.9883976	1.0
SPIKE	S114:G>T	0	288065	0.0	9999.0	0.0	TRUE	G	8.4427884E-5	0.0	3.2624495E-4	0.99612385	388.2781	0.06265781	0.98796123	1.0
SPIKE	S115:A>G	17	288065	5.901446E-5	48.780415	39.764706	TRUE	A	1.5485898E-4	674.0	4.4841884E-4	0.9929018	620.1669	0.06621583	0.9631549	0.0
SPIKE	S115:A>C	0	288065	0.0	9999.0	0.0	TRUE	A	4.6863984E-6	11.0	5.137596E-4	0.99978447	83.33511	0.122789204	0.9503134	0.0
SPIKE	S115:A>T	0	288065	0.0	9999.0	0.0	TRUE	A	4.239009E-5	8.0	5.9536134E-4	0.99805194	109.49896	0.111584395	0.98180556	1.0
SPIKE	S116:C>T	4	288065	1.3885755E-5	16.907558	39.0	TRUE	C	3.6822137E-5	175.0	3.9191847E-4	0.9983076	763.3687	0.060636155	0.97986305	0.0
SPIKE	S116:C>A	4	288065	1.3885755E-5	29.834553	39.5	TRUE	C	1.5753769E-5	4.0	0.0011756317	0.99927557	26.87327	0.16906953	0.96506184	1.0
SPIKE	S116:C>G	0	288065	0.0	9999.0	0.0	TRUE	C	9.5110314E-5	0.0	3.180102E-4	0.9956345	487.48685	0.05622032	0.98988754	1.0
SPIKE	S117:C>T	6	288065	2.0828633E-5	24.210802	39.5	TRUE	C	4.965728E-5	236.0	3.9191847E-4	0.9977184	763.3687	0.060636155	0.97986305	0.0
SPIKE	S117:C>A	7	288065	2.430007E-5	79.12835	39.57143	TRUE	C	8.793368E-6	15.0	0.0011756317	0.9995956	26.87327	0.16906953	0.96506184	0.0
SPIKE	S117:C>G	0	288065	0.0	9999.0	0.0	TRUE	C	9.5110314E-5	0.0	3.180102E-4	0.9956345	487.48685	0.05622032	0.98988754	1.0
SPIKE	S118:T>C	2	288065	6.9428775E-6	0.46520308	38.0	TRUE	T	1.4524088E-4	562.0	4.634672E-4	0.9933412	488.90375	0.0744808	0.95776886	0.0
SPIKE	S118:T>A	1	288065	3.4714387E-6	6.023053	40.0	TRUE	T	1.59744E-5	51.0	5.0568406E-4	0.99926543	142.10762	0.09027438	0.9890369	0.0
SPIKE	S118:T>G	0	288065	0.0	9999.0	0.0	TRUE	T	5.0978356E-6	28.0	2.0817222E-4	0.9997655	1051.9576	0.052457634	0.9865873	0.0
SPIKE	S119:A>G	8	288065	2.777151E-5	19.467022	39.25	TRUE	A	9.8797274E-5	430.0	4.4841884E-4	0.99546564	620.1669	0.06621583	0.9631549	0.0
SPIKE	S119:A>C	0	288065	0.0	9999.0	0.0	TRUE	A	9.372797E-6	22.0	5.137596E-4	0.99956894	83.33511	0.122789204	0.9503134	0.0
SPIKE	S119:A>T	0	288065	0.0	9999.0	0.0	TRUE	A	4.239009E-5	8.0	5.9536134E-4	0.99805194	109.49896	0.111584395	0.98180556	1.0
SPIKE	S120:T>C	3	288065	1.0414316E-5	4.9118466	40.0	TRUE	T	7.365418E-5	285.0	4.634672E-4	0.9966176	488.90375	0.0744808	0.95776886	0.0
SPIKE	S120:T>A	0	288065	0.0	9999.0	0.0	TRUE	T	4.451145E-5	4.0	5.0568406E-4	0.99795455	142.10762	0.09027438	0.9890369	1.0
SPIKE	S120:T>G	0	288065	0.0	9999.0	0.0	TRUE	T	3.6413112E-6	20.0	2.0817222E-4	0.9998325	1051.9576	0.052457634	0.9865873	0.0
SPIKE	S121:G>A	14	288065	4.860014E-5	80.90868	38.785713	TRUE	G	5.8232978E-5	259.0	5.4008386E-4	0.9973249	400.63275	0.064802885	0.97438174	0.0
SPIKE	S121:G>C	0	288065	0.0	9999.0	0.0	TRUE	G	8.860632E-5	2.0	2.9222862E-4	0.9959324	453.8529	0.056255758	0.9883976	1.0
SPIKE	S121:G>T	0	288065	0.0	9999.0	0.0	TRUE	G	8.4427884E-5	7.0	3.2624495E-4	0.99612385	388.2781	0.06265781	0.98796123	1.0
SPIKE	S122:T>C	9	288065	3.1242947E-5	3.1675553	39.77778	TRUE	T	2.785937E-4	1078.0	4.634672E-4	0.9872665	488.90375	0.0744808	0.95776886	0.0
SPIKE	S122:T>A	0	288065	0.0	9999.0	0.0	TRUE	T	4.451145E-5	7.0	5.0568406E-4	0.99795455	142.10762	0.09027438	0.9890369	1.0
SPIKE	S122:T>G	0	288065	0.0	9999.0	0.0	TRUE	T	7.646753E-6	42.0	2.0817222E-4	0.99964833	1051.9576	0.052457634	0.9865873	0.0
SPIKE	S123:G>A	19	288065	6.5957334E-5	145.40836	39.736843	TRUE	G	4.676625E-5	208.0	5.4008386E-4	0.9978511	400.63275	0.064802885	0.97438174	0.0
SPIKE	S123:G>C	0	288065	0.0	9999.0	0.0	TRUE	G	8.860632E-5	3.0	2.9222862E-4	0.9959324	453.8529	0.056255758	0.9883976	1.0
SPIKE	S123:G>T	0	288065	0.0	9999.0	0.0	TRUE	G	8.4427884E-5	1.0	3.2624495E-4	0.99612385	388.2781	0.06265781	0.98796123	1.0
SPIKE	D124-126:TG>	1	288065	3.4714387E-6	9999.0	39.79778	TRUE		NaN	NaN	NaN	NaN	NaN	NaN	NaN	NaN
SPIKE	S124:T>C	3	288065	1.0414316E-5	0.2853473	38.666668	TRUE	T	2.0984981E-4	812.0	4.634672E-4	0.99039334	488.90375	0.0744808	0.95776886	0.0
SPIKE	S124:T>A	0	288065	0.0	9999.0	0.0	TRUE	T	4.451145E-5	6.0	5.0568406E-4	0.99795455	142.10762	0.09027438	0.9890369	1.0
SPIKE	S124:T>G	0	288065	0.0	9999.0	0.0	TRUE	T	3.8233766E-6	21.0	2.0817222E-4	0.99982417	1051.9576	0.052457634	0.9865873	0.0
SPIKE	S125:G>C	1	288065	3.4714387E-6	0.6444087	40.0	TRUE	G	8.860632E-5	2.0	2.9222862E-4	0.9959324	453.8529	0.056255758	0.9883976	1.0
SPIKE	S125:G>A	10	288065	3.4714387E-5	40.469883	39.7	TRUE	G	7.1273564E-5	317.0	5.4008386E-4	0.9967268	400.63275	0.064802885	0.97438174	0.0
SPIKE	S125:G>T	0	288065	0.0	9999.0	0.0	TRUE	G	8.4427884E-5	4.0	3.2624495E-4	0.99612385	388.2781	0.06265781	0.98796123	1.0
SPIKE	S126:C>T	13	288065	4.5128705E-5	52.323208	34.76923	TRUE	C	8.816271E-5	419.0	3.9191847E-4	0.9959527	763.3687	0.060636155	0.97986305	0.0
SPIKE	S126:C>G	1	288065	3.4714387E-6	5.141357	37.0	TRUE	C	1.990054E-5	102.0	3.180102E-4	0.999085	487.48685	0.05622032	0.98988754	0.0
SPIKE	S126:C>A	10	288065	3.4714387E-5	99.62122	39.8	TRUE	C	1.5753769E-5	4.0	0.0011756317	0.99927557	26.87327	0.16906953	0.96506184	1.0
SPIKE	S127:G>A	8	288065	2.777151E-5	38.10097	39.5	TRUE	G	4.9464306E-5	220.0	5.4008386E-4	0.9977272	400.63275	0.064802885	0.97438174	0.0
SPIKE	S127:G>C	0	288065	0.0	9999.0	0.0	TRUE	G	1.6594664E-5	85.0	2.9222862E-4	0.99923694	453.8529	0.056255758	0.9883976	0.0
SPIKE	S127:G>T	0	288065	0.0	9999.0	0.0	TRUE	G	8.4427884E-5	5.0	3.2624495E-4	0.99612385	388.2781	0.06265781	0.98796123	1.0
SPIKE	S128:G>A	11	288065	3.8185826E-5	36.23657	39.727272	TRUE	G	9.5556046E-5	425.0	5.4008386E-4	0.99561405	400.63275	0.064802885	0.97438174	0.0
SPIKE	S128:G>C	0	288065	0.0	9999.0	0.0	TRUE	G	8.860632E-5	7.0	2.9222862E-4	0.9959324	453.8529	0.056255758	0.9883976	1.0
SPIKE	S128:G>T	0	288065	0.0	9999.0	0.0	TRUE	G	2.6093014E-6	12.0	3.2624495E-4	0.99987996	388.2781	0.06265781	0.98796123	0.0
SPIKE	S129:C>A	16	288065	5.554302E-5	229.39973	39.3125	TRUE	C	8.207143E-6	14.0	0.0011756317	0.9996225	26.87327	0.16906953	0.96506184	0.0
SPIKE	S129:C>T	8	288065	2.777151E-5	24.897776	34.375	TRUE	C	7.9535814E-5	378.0	3.9191847E-4	0.996348	763.3687	0.060636155	0.97986305	0.0
SPIKE	S129:C>G	0	288065	0.0	9999.0	0.0	TRUE	C	1.8339713E-5	94.0	3.180102E-4	0.9991567	487.48685	0.05622032	0.98988754	0.0
SPIKE	S130:G>A	8	288065	2.777151E-5	26.328136	39.625	TRUE	G	7.532065E-5	335.0	5.4008386E-4	0.99654126	400.63275	0.064802885	0.97438174	0.0
SPIKE	S130:G>C	0	288065	0.0	9999.0	0.0	TRUE	G	1.6985126E-5	87.0	2.9222862E-4	0.999219	453.8529	0.056255758	0.9883976	0.0
SPIKE	S130:G>T	0	288065	0.0	9999.0	0.0	TRUE	G	8.4427884E-5	6.0	3.2624495E-4	0.99612385	388.2781	0.06265781	0.98796123	1.0
SPIKE	S131:G>A	16	288065	5.554302E-5	43.318924	39.5	TRUE	G	1.5491321E-4	689.0	5.4008386E-4	0.9928993	400.63275	0.064802885	0.97438174	0.0
SPIKE	S131:G>C	0	288065	0.0	9999.0	0.0	TRUE	G	1.9523136E-6	10.0	2.9222862E-4	0.9999102	453.8529	0.056255758	0.9883976	0.0
SPIKE	S131:G>T	0	288065	0.0	9999.0	0.0	TRUE	G	8.4427884E-5	1.0	3.2624495E-4	0.99612385	388.2781	0.06265781	0.98796123	1.0
SPIKE	S132:C>A	8	288065	2.777151E-5	74.15057	39.375	TRUE	C	1.5753769E-5	9.0	0.0011756317	0.99927557	26.87327	0.16906953	0.96506184	1.0
SPIKE	S132:C>T	17	288065	5.901446E-5	79.84375	39.0	TRUE	C	9.13189E-5	434.0	3.9191847E-4	0.9958081	763.3687	0.060636155	0.97986305	0.0
SPIKE	S132:C>G	0	288065	0.0	9999.0	0.0	TRUE	C	1.697399E-5	87.0	3.180102E-4	0.9992195	487.48685	0.05622032	0.98988754	0.0
SPIKE	S133:A>G	0	288065	0.0	9999.0	0.0	TRUE	A	9.879727E-6	43.0	4.4841884E-4	0.99954563	620.1669	0.06621583	0.9631549	0.0
SPIKE	S133:A>C	0	288065	0.0	9999.0	0.0	TRUE	A	5.7940924E-5	136.0	5.137596E-4	0.9973383	83.33511	0.122789204	0.9503134	0.0
SPIKE	S133:A>T	0	288065	0.0	9999.0	0.0	TRUE	A	4.239009E-5	2.0	5.9536134E-4	0.99805194	109.49896	0.111584395	0.98180556	1.0
SPIKE	S134:G>A	0	288065	0.0	9999.0	0.0	TRUE	G	2.3922736E-4	1064.0	5.4008386E-4	0.9890559	400.63275	0.064802885	0.97438174	0.0
SPIKE	S134:G>C	0	288065	0.0	9999.0	0.0	TRUE	G	4.0022427E-5	205.0	2.9222862E-4	0.99816066	453.8529	0.056255758	0.9883976	0.0
SPIKE	S134:G>T	0	288065	0.0	9999.0	0.0	TRUE	G	1.0437206E-5	48.0	3.2624495E-4	0.99952	388.2781	0.06265781	0.98796123	0.0
SPIKE	S135:C>A	0	288065	0.0	9999.0	0.0	TRUE	C	2.6966327E-5	46.0	0.0011756317	0.99876034	26.87327	0.16906953	0.96506184	0.0
SPIKE	S135:C>G	0	288065	0.0	9999.0	0.0	TRUE	C	1.346213E-5	69.0	3.180102E-4	0.99938095	487.48685	0.05622032	0.98988754	0.0
SPIKE	S135:C>T	0	288065	0.0	9999.0	0.0	TRUE	C	2.2493064E-4	1069.0	3.9191847E-4	0.9897065	763.3687	0.060636155	0.97986305	0.0
SPIKE	S136:C>A	0	288065	0.0	9999.0	0.0	TRUE	C	3.1656124E-5	54.0	0.0011756317	0.9985449	26.87327	0.16906953	0.96506184	0.0
SPIKE	S136:C>G	0	288065	0.0	9999.0	0.0	TRUE	C	1.8339713E-5	94.0	3.180102E-4	0.9991567	487.48685	0.05622032	0.98988754	0.0
SPIKE	S136:C>T	0	288065	0.0	9999.0	0.0	TRUE	C	2.2303694E-4	1060.0	3.9191847E-4	0.98979276	763.3687	0.060636155	0.97986305	0.0
SPIKE	S137:T>A	0	288065	0.0	9999.0	0.0	TRUE	T	3.414136E-5	109.0	5.0568406E-4	0.9984307	142.10762	0.09027438	0.9890369	0.0
SPIKE	S137:T>G	0	288065	0.0	9999.0	0.0	TRUE	T	1.0596216E-4	582.0	2.0817222E-4	0.9951376	1051.9576	0.052457634	0.9865873	0.0
SPIKE	S137:T>C	0	288065	0.0	9999.0	0.0	TRUE	T	4.6776866E-5	181.0	4.634672E-4	0.9978506	488.90375	0.0744808	0.95776886	0.0
SPIKE	S138:G>A	0	288065	0.0	9999.0	0.0	TRUE	G	3.2196764E-4	1432.0	5.4008386E-4	0.98529863	400.63275	0.064802885	0.97438174	0.0
SPIKE	S138:G>C	0	288065	0.0	9999.0	0.0	TRUE	G	6.2474032E-6	32.0	2.9222862E-4	0.99971265	453.8529	0.056255758	0.9883976	0.0
SPIKE	S138:G>T	0	288065	0.0	9999.0	0.0	TRUE	G	8.2410435E-5	379.0	3.2624495E-4	0.9962163	388.2781	0.06265781	0.98796123	0.0
SPIKE	S139:A>G	0	288065	0.0	9999.0	0.0	TRUE	A	9.4202056E-5	410.0	4.4841884E-4	0.9956761	620.1669	0.06621583	0.9631549	0.0
SPIKE	S139:A>C	0	288065	0.0	9999.0	0.0	TRUE	A	3.5503774E-5	8.0	5.137596E-4	0.99836814	83.33511	0.122789204	0.9503134	1.0
SPIKE	S139:A>T	0	288065	0.0	9999.0	0.0	TRUE	A	8.164525E-4	2109.0	5.9536134E-4	0.9631397	109.49896	0.111584395	0.98180556	0.0
SPIKE	S140:T>A	0	288065	0.0	9999.0	0.0	TRUE	T	2.2708705E-4	725.0	5.0568406E-4	0.98960835	142.10762	0.09027438	0.9890369	0.0
SPIKE	S140:T>G	0	288065	0.0	9999.0	0.0	TRUE	T	3.9144095E-5	215.0	2.0817222E-4	0.998201	1051.9576	0.052457634	0.9865873	0.0
SPIKE	S140:T>C	0	288065	0.0	9999.0	0.0	TRUE	T	2.9720108E-5	115.0	4.634672E-4	0.9986338	488.90375	0.0744808	0.95776886	0.0
SPIKE	S141:T>A	0	288065	0.0	9999.0	0.0	TRUE	T	0.0010812476	3452.0	5.0568406E-4	0.95147926	142.10762	0.09027438	0.9890369	0.0
SPIKE	S141:T>G	0	288065	0.0	9999.0	0.0	TRUE	T	1.00864316E-4	554.0	2.0817222E-4	0.995371	1051.9576	0.052457634	0.9865873	0.0
SPIKE	S141:T>C	0	288065	0.0	9999.0	0.0	TRUE	T	7.4171054E-5	287.0	4.634672E-4	0.99659395	488.90375	0.0744808	0.95776886	0.0
SPIKE	S142:A>G	0	288065	0.0	9999.0	0.0	TRUE	A	0.0011398449	4961.0	4.4841884E-4	0.94891804	620.1669	0.06621583	0.9631549	0.0
SPIKE	S142:A>C	0	288065	0.0	9999.0	0.0	TRUE	A	3.6383493E-4	854.0	5.137596E-4	0.98340285	83.33511	0.122789204	0.9503134	0.0
SPIKE	S142:A>T	0	288065	0.0	9999.0	0.0	TRUE	A	3.205418E-4	828.0	5.9536134E-4	0.98536325	109.49896	0.111584395	0.98180556	0.0
SPIKE	S143:G>A	0	288065	0.0	9999.0	0.0	TRUE	G	2.9161456E-4	1297.0	5.4008386E-4	0.9866753	400.63275	0.064802885	0.97438174	0.0
SPIKE	S143:G>C	0	288065	0.0	9999.0	0.0	TRUE	G	0.0014390503	7371.0	2.9222862E-4	0.9359471	453.8529	0.056255758	0.9883976	0.0
SPIKE	S143:G>T	0	288065	0.0	9999.0	0.0	TRUE	G	2.6093014E-5	120.0	3.2624495E-4	0.99880046	388.2781	0.06265781	0.98796123	0.0
SPIKE	S144:C>A	0	288065	0.0	9999.0	0.0	TRUE	C	1.5241837E-5	26.0	0.0011756317	0.9992991	26.87327	0.16906953	0.96506184	0.0
SPIKE	S144:C>G	0	288065	0.0	9999.0	0.0	TRUE	C	2.807537E-4	1439.0	3.180102E-4	0.9871684	487.48685	0.05622032	0.98988754	0.0
SPIKE	S144:C>T	0	288065	0.0	9999.0	0.0	TRUE	C	1.5928203E-4	757.0	3.9191847E-4	0.9926998	763.3687	0.060636155	0.97986305	0.0
SPIKE	S145:C>A	0	288065	0.0	9999.0	0.0	TRUE	C	1.6414286E-5	28.0	0.0011756317	0.9992452	26.87327	0.16906953	0.96506184	0.0
SPIKE	S145:C>G	0	288065	0.0	9999.0	0.0	TRUE	C	2.3022194E-4	1180.0	3.180102E-4	0.98946565	487.48685	0.05622032	0.98988754	0.0
SPIKE	S145:C>T	0	288065	0.0	9999.0	0.0	TRUE	C	2.5817577E-4	1227.0	3.9191847E-4	0.98819417	763.3687	0.060636155	0.97986305	0.0
SPIKE	S146:C>A	0	288065	0.0	9999.0	0.0	TRUE	C	1.0552041E-5	18.0	0.0011756317	0.9995147	26.87327	0.16906953	0.96506184	0.0
SPIKE	S146:C>G	0	288065	0.0	9999.0	0.0	TRUE	C	0.0018817716	9645.0	3.180102E-4	0.91707915	487.48685	0.05622032	0.98988754	0.0
SPIKE	S146:C>T	0	288065	0.0	9999.0	0.0	TRUE	C	3.585424E-4	1704.0	3.9191847E-4	0.98364234	763.3687	0.060636155	0.97986305	0.0
SPIKE	S147:G>A	0	288065	0.0	9999.0	0.0	TRUE	G	1.5716159E-4	699.0	5.4008386E-4	0.99279666	400.63275	0.064802885	0.97438174	0.0
SPIKE	S147:G>C	0	288065	0.0	9999.0	0.0	TRUE	G	4.6016029E-4	2357.0	2.9222862E-4	0.9790551	453.8529	0.056255758	0.9883976	0.0
SPIKE	S147:G>T	0	288065	0.0	9999.0	0.0	TRUE	G	0.0021909433	10076.0	3.2624495E-4	0.90412885	388.2781	0.06265781	0.98796123	0.0
SPIKE	S148:T>A	0	288065	0.0	9999.0	0.0	TRUE	T	7.517364E-6	24.0	5.0568406E-4	0.99965423	142.10762	0.09027438	0.9890369	0.0
SPIKE	S148:T>G	0	288065	0.0	9999.0	0.0	TRUE	T	0.0029141414	16006.0	2.0817222E-4	0.8745459	1051.9576	0.052457634	0.9865873	0.0
SPIKE	S148:T>C	0	288065	0.0	9999.0	0.0	TRUE	T	3.2537058E-4	1259.0	4.634672E-4	0.9851444	488.90375	0.0744808	0.95776886	0.0
SPIKE	S149:G>A	0	288065	0.0	9999.0	0.0	TRUE	G	1.155666E-4	514.0	5.4008386E-4	0.99469805	400.63275	0.064802885	0.97438174	0.0
SPIKE	S149:G>C	0	288065	0.0	9999.0	0.0	TRUE	G	0.0020874136	10692.0	2.9222862E-4	0.90844494	453.8529	0.056255758	0.9883976	0.0
SPIKE	S149:G>T	0	288065	0.0	9999.0	0.0	TRUE	G	8.6889736E-4	3996.0	3.2624495E-4	0.96081895	388.2781	0.06265781	0.98796123	0.0
SPIKE	S150:C>A	0	288062	0.0	9999.0	0.0	TRUE	C	1.4655765E-5	25.0	0.0011756317	0.99932605	26.87299	0.16906953	0.96506184	0.0
SPIKE	S150:C>G	0	288062	0.0	9999.0	0.0	TRUE	C	0.0010845907	5559.0	3.180102E-4	0.9513329	487.48178	0.05622032	0.98988754	0.0
SPIKE	S150:C>T	0	288062	0.0	9999.0	0.0	TRUE	C	0.0026991959	12828.0	3.9191847E-4	0.8832359	763.3608	0.060636155	0.97986305	0.0
SPIKE	S151:T>A	0	288052	0.0	9999.0	0.0	TRUE	T	4.451145E-5	5.0	5.0568406E-4	0.99795455	142.10121	0.09027438	0.9890369	1.0
SPIKE	S151:T>G	0	288052	0.0	9999.0	0.0	TRUE	T	0.0031008983	17031.0	2.0817222E-4	0.867065	1051.9102	0.052457634	0.9865873	0.0
SPIKE	S151:T>C	0	288052	0.0	9999.0	0.0	TRUE	T	8.751028E-4	3386.0	4.634672E-4	0.9605447	488.88168	0.0744808	0.95776886	0.0
SPIKE	S152:G>A	0	288014	0.0	9999.0	0.0	TRUE	G	1.4347189E-4	638.0	5.4008386E-4	0.99342203	400.56183	0.064802885	0.97438174	0.0
SPIKE	S152:G>C	0	288014	0.0	9999.0	0.0	TRUE	G	1.0934891E-5	56.0	2.9222862E-4	0.9994971	453.77255	0.056255758	0.9883976	0.0
SPIKE	S152:G>T	0	288014	0.0	9999.0	0.0	TRUE	G	6.6940434E-4	3078.0	3.2624495E-4	0.9696767	388.20938	0.06265781	0.98796123	0.0
SPIKE	S153:G>A	0	287788	0.0	9999.0	0.0	TRUE	G	9.317242E-5	414.0	5.4008386E-4	0.99572325	400.2475	0.064802885	0.97438174	0.0
SPIKE	S153:G>C	0	287788	0.0	9999.0	0.0	TRUE	G	8.989286E-6	46.0	2.9222862E-4	0.9995866	453.4165	0.056255758	0.9883976	0.0
SPIKE	S153:G>T	0	287788	0.0	9999.0	0.0	TRUE	G	1.0229601E-5	47.0	3.2624495E-4	0.99952954	387.90475	0.06265781	0.98796123	0.0
