#pipeline_block
reference	mutation	count	coverage	freq	score	cqs	has.reference	ancestral.allele	error.rate	minor.count.local	minor.fdr	minor.recall	minor.count.global	read.fraction.in.minors	q.filtered.read.fraction	global.est
SPIKE	S0:T>A	0	514984	0.0	9999.0	0.0	TRUE	T	9.594145E-5	420.0	4.5651497E-4	0.9969346	369.78488	0.11769256	0.9785453	0.0
SPIKE	S0:T>G	0	514984	0.0	9999.0	0.0	TRUE	T	3.896733E-5	247.0	2.760692E-4	0.99875385	1394.9358	0.08126759	0.9767234	0.0
SPIKE	S0:T>C	0	514984	0.0	9999.0	0.0	TRUE	T	4.382297E-4	2607.0	3.6967988E-4	0.9860745	2279.037	0.08659945	0.97151726	0.0
SPIKE	S1:A>G	0	515360	0.0	9999.0	0.0	TRUE	A	3.4016036E-4	2198.0	3.5899927E-4	0.9891739	2713.2097	0.07978526	0.9760703	0.0
SPIKE	S1:A>C	0	515360	0.0	9999.0	0.0	TRUE	A	7.4012096E-5	349.0	3.9599594E-4	0.9976344	524.0623	0.1093352	0.96818846	0.0
SPIKE	S1:A>T	0	515360	0.0	9999.0	0.0	TRUE	A	2.454502E-4	999.0	4.495314E-4	0.99217635	404.4415	0.12667878	0.9719764	0.0
SPIKE	S2:G>A	0	515778	0.0	9999.0	0.0	TRUE	G	2.8205966E-4	1631.0	4.9330626E-4	0.9910147	1018.6378	0.08924094	0.97330546	0.0
SPIKE	S2:G>C	0	515778	0.0	9999.0	0.0	TRUE	G	2.1031246E-5	127.0	3.3302428E-4	0.99932724	773.2453	0.08544148	0.9797811	0.0
SPIKE	S2:G>T	0	515778	0.0	9999.0	0.0	TRUE	G	1.3659491E-5	70.0	3.7920865E-4	0.999563	552.4418	0.10068482	0.9757101	0.0
SPIKE	S3:C>A	0	516256	0.0	9999.0	0.0	TRUE	C	1.2261552E-5	51.0	4.6468986E-4	0.9996077	290.89905	0.124177314	0.9734427	0.0
SPIKE	S3:C>G	0	516256	0.0	9999.0	0.0	TRUE	C	1.6179154E-4	964.0	3.4258E-4	0.99483603	832.2089	0.086674765	0.97978	0.0
SPIKE	S3:C>T	0	516256	0.0	9999.0	0.0	TRUE	C	2.5068148E-4	1353.0	4.159117E-4	0.9920103	1251.7174	0.0956908	0.9763524	0.0
SPIKE	S4:G>A	170	516644	3.2904668E-4	1470.0677	39.47647	TRUE	G	1.5900767E-4	921.0	4.9330626E-4	0.99492466	1020.34814	0.08924094	0.97330546	0.0
SPIKE	S4:G>C	17	516644	3.290467E-5	25.372614	40.0	TRUE	G	1.3887114E-4	840.0	3.3302428E-4	0.995566	774.5436	0.08544148	0.9797811	0.0
SPIKE	S4:G>T	5	516644	9.677844E-6	18.19648	39.0	TRUE	G	2.7662805E-5	142.0	3.7920865E-4	0.99911517	553.3693	0.10068482	0.9757101	0.0
SPIKE	S5:T>A	16	516958	3.095029E-5	153.52573	36.4375	TRUE	T	1.4108704E-5	62.0	4.5651497E-4	0.9995486	371.20233	0.11769256	0.9785453	0.0
SPIKE	S5:T>G	7	516958	1.3540752E-5	0.98353773	40.0	TRUE	T	1.6611819E-4	1057.0	2.760692E-4	0.99469835	1400.2827	0.08126759	0.9767234	0.0
SPIKE	S5:T>C	99	516958	1.9150492E-4	188.34885	39.68687	TRUE	T	5.9697864E-4	3565.0	3.6967988E-4	0.98107797	2287.773	0.08659945	0.97151726	0.0
SPIKE	I6:>G	1	517165	1.933619E-6	9999.0	39.87715	TRUE		NaN	NaN	NaN	NaN	NaN	NaN	NaN	NaN
SPIKE	S6:G>A	155	517165	2.9971093E-4	1397.0706	37.696774	TRUE	G	1.3280408E-4	770.0	4.9330626E-4	0.9957593	1021.3771	0.08924094	0.97330546	0.0
SPIKE	S6:G>C	22	517165	4.2539614E-5	51.13773	39.81818	TRUE	G	1.280497E-4	5.0	3.3302428E-4	0.99591076	775.32465	0.08544148	0.9797811	1.0
SPIKE	S6:G>T	0	517165	0.0	9999.0	0.0	TRUE	G	1.5685747E-4	806.0	3.7920865E-4	0.99499315	553.92737	0.10068482	0.9757101	0.0
SPIKE	S7:A>G	16	517378	3.0925166E-5	6.072793E-4	38.4375	TRUE	A	6.112262E-4	3965.0	3.5899927E-4	0.9806308	2723.834	0.07978526	0.9760703	0.0
SPIKE	S7:A>C	65	517378	1.2563348E-4	876.3454	39.8	TRUE	A	1.9856738E-5	94.0	3.9599594E-4	0.9993648	526.1144	0.1093352	0.96818846	0.0
SPIKE	S7:A>T	22	517378	4.25221E-5	106.61427	39.772728	TRUE	A	6.0939656E-5	249.0	4.495314E-4	0.9980518	406.02518	0.12667878	0.9719764	0.0
SPIKE	D7-8:A>	511	517378	9.876725E-4	9999.0	39.671112	TRUE		NaN	NaN	NaN	NaN	NaN	NaN	NaN	NaN
SPIKE	I7:>A	7	517378	1.352976E-5	9999.0	39.671112	TRUE		NaN	NaN	NaN	NaN	NaN	NaN	NaN	NaN
SPIKE	S8:A>G	21	517425	4.0585594E-5	0.13501506	39.142857	TRUE	A	5.33021E-4	3458.0	3.5899927E-4	0.98308796	2724.0813	0.07978526	0.9760703	0.0
SPIKE	S8:A>C	48	517425	9.276707E-5	590.9772	39.645832	TRUE	A	1.964371E-5	93.0	3.9599594E-4	0.9993716	526.1622	0.1093352	0.96818846	0.0
SPIKE	S8:A>T	9	517425	1.7393826E-5	53.359352	40.0	TRUE	A	2.202438E-5	90.0	4.495314E-4	0.9992955	406.06207	0.12667878	0.9719764	0.0
SPIKE	I9:>G	2	517455	3.8650705E-6	9999.0	39.880993	TRUE		NaN	NaN	NaN	NaN	NaN	NaN	NaN	NaN
SPIKE	S9:G>A	143	517455	2.7635254E-4	905.68616	39.475525	TRUE	G	2.3839626E-4	1383.0	4.9330626E-4	0.99240035	1021.9498	0.08924094	0.97330546	0.0
SPIKE	S9:G>C	11	517455	2.1257887E-5	9.778725	40.0	TRUE	G	1.280497E-4	7.0	3.3302428E-4	0.99591076	775.7594	0.08544148	0.9797811	1.0
SPIKE	D9-10:G>	166	517455	3.2080084E-4	9999.0	39.880993	TRUE		NaN	NaN	NaN	NaN	NaN	NaN	NaN	NaN
SPIKE	D9-11:GA>	48	517455	9.276169E-5	9999.0	39.880993	TRUE		NaN	NaN	NaN	NaN	NaN	NaN	NaN	NaN
SPIKE	S9:G>T	0	517455	0.0	9999.0	0.0	TRUE	G	9.530656E-6	49.0	3.7920865E-4	0.99969506	554.238	0.10068482	0.9757101	0.0
SPIKE	S10:A>G	38	517458	7.343591E-5	2.2298982	39.63158	TRUE	A	6.824946E-4	4428.0	3.5899927E-4	0.97839695	2724.2551	0.07978526	0.9760703	0.0
SPIKE	S10:A>C	44	517458	8.503105E-5	424.24155	39.545456	TRUE	A	3.4215896E-5	162.0	3.9599594E-4	0.9989057	526.19574	0.1093352	0.96818846	0.0
SPIKE	S10:A>T	3	517458	5.797572E-6	8.332035	40.0	TRUE	A	2.740637E-5	112.0	4.495314E-4	0.9991234	406.08795	0.12667878	0.9719764	0.0
SPIKE	D10-11:A>	189	517458	3.6524705E-4	9999.0	39.74011	TRUE		NaN	NaN	NaN	NaN	NaN	NaN	NaN	NaN
SPIKE	I10:>A	3	517458	5.797572E-6	9999.0	39.74011	TRUE		NaN	NaN	NaN	NaN	NaN	NaN	NaN	NaN
SPIKE	D10-12:AC>	15	517458	2.898786E-5	9999.0	39.74011	TRUE		NaN	NaN	NaN	NaN	NaN	NaN	NaN	NaN
SPIKE	I11:>C	1	517465	1.9324978E-6	9999.0	39.79307	TRUE		NaN	NaN	NaN	NaN	NaN	NaN	NaN	NaN
SPIKE	S11:C>A	2	517465	3.8649955E-6	0.0032816671	36.5	TRUE	C	1.875712E-4	782.0	4.6468986E-4	0.9940157	291.5803	0.124177314	0.9734427	0.0
SPIKE	S11:C>G	15	517465	2.8987468E-5	102.65386	39.866665	TRUE	C	2.6120862E-5	156.0	3.4258E-4	0.99916446	834.15784	0.086674765	0.97978	0.0
SPIKE	S11:C>T	103	517465	1.9904728E-4	634.6323	39.475727	TRUE	C	1.813333E-4	981.0	4.159117E-4	0.9942141	1254.6487	0.0956908	0.9763524	0.0
SPIKE	D11-13:CG>	15	517465	2.8987468E-5	9999.0	39.79307	TRUE		NaN	NaN	NaN	NaN	NaN	NaN	NaN	NaN
SPIKE	D11-12:C>	188	517465	3.633096E-4	9999.0	39.79307	TRUE		NaN	NaN	NaN	NaN	NaN	NaN	NaN	NaN
SPIKE	I12:>G	3	517468	5.79746E-6	9999.0	39.83259	TRUE		NaN	NaN	NaN	NaN	NaN	NaN	NaN	NaN
SPIKE	S12:G>A	202	517468	3.9036231E-4	1774.978	39.683167	TRUE	G	1.8167993E-4	1054.0	4.9330626E-4	0.9942031	1021.9755	0.08924094	0.97330546	0.0
SPIKE	S12:G>C	9	517468	1.739238E-5	6.13514	40.0	TRUE	G	1.2362958E-4	749.0	3.3302428E-4	0.99605167	775.7789	0.08544148	0.9797811	0.0
SPIKE	S12:G>T	3	517468	5.79746E-6	18.139904	39.333332	TRUE	G	1.0891904E-5	56.0	3.7920865E-4	0.9996515	554.2519	0.10068482	0.9757101	0.0
SPIKE	D12-13:G>	188	517468	3.6330748E-4	9999.0	39.83259	TRUE		NaN	NaN	NaN	NaN	NaN	NaN	NaN	NaN
SPIKE	D12-15:GAC>	1	517468	1.9324866E-6	9999.0	39.83259	TRUE		NaN	NaN	NaN	NaN	NaN	NaN	NaN	NaN
SPIKE	D12-14:GA>	20	517468	3.8649734E-5	9999.0	39.83259	TRUE		NaN	NaN	NaN	NaN	NaN	NaN	NaN	NaN
SPIKE	S13:A>G	26	517472	5.0244264E-5	3.0235476	39.076923	TRUE	A	4.4912726E-4	2914.0	3.5899927E-4	0.9857307	2724.3289	0.07978526	0.9760703	0.0
SPIKE	S13:A>C	47	517472	9.082617E-5	467.57452	39.19149	TRUE	A	3.3792563E-5	160.0	3.9599594E-4	0.99891925	526.20996	0.1093352	0.96818846	0.0
SPIKE	S13:A>T	3	517472	5.7974153E-6	0.31265295	40.0	TRUE	A	1.1451638E-4	468.0	4.495314E-4	0.9963422	406.09894	0.12667878	0.9719764	0.0
SPIKE	D13-14:A>	131	517472	2.531538E-4	9999.0	39.743053	TRUE		NaN	NaN	NaN	NaN	NaN	NaN	NaN	NaN
SPIKE	I13:>A	5	517472	9.662359E-6	9999.0	39.743053	TRUE		NaN	NaN	NaN	NaN	NaN	NaN	NaN	NaN
SPIKE	I13:>C	1	517472	1.9324716E-6	9999.0	39.743053	TRUE		NaN	NaN	NaN	NaN	NaN	NaN	NaN	NaN
SPIKE	I14:>C	3	517472	5.7974153E-6	9999.0	39.851902	TRUE		NaN	NaN	NaN	NaN	NaN	NaN	NaN	NaN
SPIKE	D14-16:CA>	34	517472	6.570404E-5	9999.0	39.851902	TRUE		NaN	NaN	NaN	NaN	NaN	NaN	NaN	NaN
SPIKE	S14:C>A	1	517472	1.9324716E-6	3.2329495E-4	40.0	TRUE	C	1.9596369E-4	817.0	4.6468986E-4	0.9937488	291.58426	0.124177314	0.9734427	0.0
SPIKE	S14:C>G	3	517472	5.7974153E-6	31.322577	40.0	TRUE	C	3.6836614E-6	22.0	3.4258E-4	0.9998821	834.1691	0.086674765	0.97978	0.0
SPIKE	S14:C>T	101	517472	1.9517964E-4	825.2569	39.38614	TRUE	C	1.0757855E-4	582.0	4.159117E-4	0.99656343	1254.6656	0.0956908	0.9763524	0.0
SPIKE	D14-15:C>	149	517472	2.8793828E-4	9999.0	39.851902	TRUE		NaN	NaN	NaN	NaN	NaN	NaN	NaN	NaN
SPIKE	S15:A>G	44	517472	8.5028754E-5	10.553805	38.886364	TRUE	A	6.141977E-4	3985.0	3.5899927E-4	0.98053753	2724.3289	0.07978526	0.9760703	0.0
SPIKE	S15:A>C	51	517472	9.8556055E-5	181.51703	39.35294	TRUE	A	1.8902715E-4	895.0	3.9599594E-4	0.9939694	526.20996	0.1093352	0.96818846	0.0
SPIKE	S15:A>T	4	517472	7.729886E-6	1.4605777	40.0	TRUE	A	9.371746E-5	383.0	4.495314E-4	0.9970055	406.09894	0.12667878	0.9719764	0.0
SPIKE	D15-16:A>	173	517472	3.343176E-4	9999.0	39.652836	TRUE		NaN	NaN	NaN	NaN	NaN	NaN	NaN	NaN
SPIKE	I15:>A	3	517472	5.7974153E-6	9999.0	39.652836	TRUE		NaN	NaN	NaN	NaN	NaN	NaN	NaN	NaN
SPIKE	I16:>G	2	517472	3.864943E-6	9999.0	39.885128	TRUE		NaN	NaN	NaN	NaN	NaN	NaN	NaN	NaN
SPIKE	S16:G>A	144	517472	2.7827593E-4	904.5326	39.541668	TRUE	G	2.432148E-4	1411.0	4.9330626E-4	0.99224734	1021.9834	0.08924094	0.97330546	0.0
SPIKE	S16:G>T	2	517472	3.864943E-6	14.440148	38.5	TRUE	G	7.001884E-6	36.0	3.7920865E-4	0.99977595	554.25616	0.10068482	0.9757101	0.0
SPIKE	S16:G>C	9	517472	1.7392245E-5	121.86919	39.77778	TRUE	G	3.4662232E-6	21.0	3.3302428E-4	0.9998891	775.7849	0.08544148	0.9797811	0.0
SPIKE	D16-17:G>	124	517472	2.3962649E-4	9999.0	39.885128	TRUE		NaN	NaN	NaN	NaN	NaN	NaN	NaN	NaN
SPIKE	D16-18:GA>	9	517472	1.7392245E-5	9999.0	39.885128	TRUE		NaN	NaN	NaN	NaN	NaN	NaN	NaN	NaN
SPIKE	S17:A>G	32	517472	6.183909E-5	0.96082616	39.4375	TRUE	A	6.394746E-4	4149.0	3.5899927E-4	0.9797448	2724.3289	0.07978526	0.9760703	0.0
SPIKE	S17:A>T	12	517472	2.3189661E-5	14.093466	38.666668	TRUE	A	1.19654935E-4	489.0	4.495314E-4	0.9961784	406.09894	0.12667878	0.9719764	0.0
SPIKE	S17:A>C	57	517472	1.1015089E-4	762.71857	39.438595	TRUE	A	1.79523E-5	85.0	3.9599594E-4	0.9994257	526.20996	0.1093352	0.96818846	0.0
SPIKE	D17-18:A>	351	517472	6.782976E-4	9999.0	39.739002	TRUE		NaN	NaN	NaN	NaN	NaN	NaN	NaN	NaN
SPIKE	I17:>A	2	517472	3.864943E-6	9999.0	39.739002	TRUE		NaN	NaN	NaN	NaN	NaN	NaN	NaN	NaN
SPIKE	D17-19:AA>	1	517472	1.9324716E-6	9999.0	39.739002	TRUE		NaN	NaN	NaN	NaN	NaN	NaN	NaN	NaN
SPIKE	S18:A>G	28	517472	5.410921E-5	2.6342418	39.357143	TRUE	A	4.942866E-4	3207.0	3.5899927E-4	0.9843073	2724.3289	0.07978526	0.9760703	0.0
SPIKE	S18:A>T	2	517472	3.864943E-6	10.093906	40.0	TRUE	A	1.22346555E-5	50.0	4.495314E-4	0.9996086	406.09894	0.12667878	0.9719764	0.0
SPIKE	S18:A>C	112	517472	2.1643683E-4	1608.534	39.526787	TRUE	A	2.7245253E-5	129.0	3.9599594E-4	0.9991285	526.20996	0.1093352	0.96818846	0.0
SPIKE	S19:C>G	10	517472	1.9324718E-5	138.22258	39.0	TRUE	C	3.5162223E-6	21.0	3.4258E-4	0.99988747	834.1691	0.086674765	0.97978	0.0
SPIKE	S19:C>A	3	517472	5.7974153E-6	0.02243217	40.0	TRUE	C	1.7725478E-4	739.0	4.6468986E-4	0.9943439	291.58426	0.124177314	0.9734427	0.0
SPIKE	S19:C>T	78	517472	1.507328E-4	511.1559	39.192307	TRUE	C	1.2569314E-4	680.0	4.159117E-4	0.9959859	1254.6656	0.0956908	0.9763524	0.0
SPIKE	D19-20:C>	2	517472	3.864943E-6	9999.0	39.874653	TRUE		NaN	NaN	NaN	NaN	NaN	NaN	NaN	NaN
SPIKE	S20:C>G	93	517472	1.7971986E-4	632.54565	39.55914	TRUE	C	1.3967257E-4	6.0	3.4258E-4	0.99554044	834.1691	0.086674765	0.97978	1.0
SPIKE	S20:C>A	1	517472	1.9324716E-6	1.9761083	40.0	TRUE	C	2.7343769E-5	114.0	4.6468986E-4	0.99912536	291.58426	0.124177314	0.9734427	0.0
SPIKE	S20:C>T	95	517472	1.8358481E-4	601.0464	39.547367	TRUE	C	1.6081329E-4	870.0	4.159117E-4	0.9948672	1254.6656	0.0956908	0.9763524	0.0
SPIKE	S21:A>G	89	517472	1.7198999E-4	318.04102	39.483147	TRUE	A	3.1750245E-4	2060.0	3.5899927E-4	0.98989135	2724.3289	0.07978526	0.9760703	0.0
SPIKE	S21:A>T	4	517472	7.729886E-6	7.771816	40.0	TRUE	A	4.2087217E-5	172.0	4.495314E-4	0.9986541	406.09894	0.12667878	0.9719764	0.0
SPIKE	S21:A>C	74	517472	1.4300291E-4	373.0316	39.432434	TRUE	A	1.7719975E-4	839.0	3.9599594E-4	0.99434566	526.20996	0.1093352	0.96818846	0.0
SPIKE	S22:A>T	517362	517472	0.99978745	Infinity	39.946243	TRUE	T	9.9369616E-5	0.0	4.495314E-4	0.9968252	406.09894	0.12667878	0.9719764	1.0
SPIKE	S22:A>G	0	517472	0.0	9999.0	0.0	TRUE	T	4.198937E-4	1.0	3.5899927E-4	0.98665327	2724.3289	0.07978526	0.9760703	1.0
SPIKE	S22:A>C	0	517472	0.0	9999.0	0.0	TRUE	T	1.4784246E-5	70.0	3.9599594E-4	0.99952704	526.20996	0.1093352	0.96818846	0.0
SPIKE	S23:A>C	517362	517472	0.99978745	Infinity	39.94624	TRUE	C	1.111374E-4	0.0	3.9599594E-4	0.99644995	526.20996	0.1093352	0.96818846	1.0
SPIKE	S23:A>G	0	517472	0.0	9999.0	0.0	TRUE	C	4.198937E-4	0.0	3.5899927E-4	0.98665327	2724.3289	0.07978526	0.9760703	1.0
SPIKE	S23:A>T	0	517472	0.0	9999.0	0.0	TRUE	C	1.705511E-4	697.0	4.495314E-4	0.9945572	406.09894	0.12667878	0.9719764	0.0
SPIKE	D24-25:A>	1	517472	1.9324716E-6	9999.0	39.94276	TRUE		NaN	NaN	NaN	NaN	NaN	NaN	NaN	NaN
SPIKE	S24:A>G	0	517472	0.0	9999.0	0.0	TRUE	A	1.0788918E-5	70.0	3.5899927E-4	0.9996548	2724.3289	0.07978526	0.9760703	0.0
SPIKE	S24:A>C	0	517472	0.0	9999.0	0.0	TRUE	A	1.4889849E-4	705.0	3.9599594E-4	0.9952466	526.20996	0.1093352	0.96818846	0.0
SPIKE	S24:A>T	0	517472	0.0	9999.0	0.0	TRUE	A	9.9369616E-5	1.0	4.495314E-4	0.9968252	406.09894	0.12667878	0.9719764	1.0
SPIKE	S25:A>G	517361	517472	0.9997855	Infinity	39.946243	TRUE	G	4.198937E-4	0.0	3.5899927E-4	0.98665327	2724.3289	0.07978526	0.9760703	1.0
SPIKE	S25:A>C	0	517472	0.0	9999.0	0.0	TRUE	G	1.111374E-4	1.0	3.9599594E-4	0.99644995	526.20996	0.1093352	0.96818846	1.0
SPIKE	S25:A>T	0	517472	0.0	9999.0	0.0	TRUE	G	1.6394439E-5	67.0	4.495314E-4	0.99947554	406.09894	0.12667878	0.9719764	0.0
SPIKE	S26:T>A	1	517480	1.9324418E-6	2.1857119	40.0	TRUE	T	2.5460982E-5	112.0	4.5651497E-4	0.99918556	371.57715	0.11769256	0.9785453	0.0
SPIKE	S26:T>C	15	517480	2.8986628E-5	0.32941523	38.733334	TRUE	T	3.7087422E-4	2217.0	3.6967988E-4	0.98820215	2290.0833	0.08659945	0.97151726	0.0
SPIKE	D26-27:T>	1	517480	1.9324418E-6	9999.0	39.747654	TRUE		NaN	NaN	NaN	NaN	NaN	NaN	NaN	NaN
SPIKE	S26:T>G	0	517480	0.0	9999.0	0.0	TRUE	T	1.441274E-4	918.0	2.760692E-4	0.9953985	1401.6967	0.08126759	0.9767234	0.0
SPIKE	S27:G>A	35	517481	6.763533E-5	164.94162	39.0	TRUE	G	9.6698175E-5	561.0	4.9330626E-4	0.99691045	1022.00116	0.08924094	0.97330546	0.0
SPIKE	D27-28:G>	21	517481	4.05812E-5	9999.0	39.893547	TRUE		NaN	NaN	NaN	NaN	NaN	NaN	NaN	NaN
SPIKE	S27:G>C	0	517481	0.0	9999.0	0.0	TRUE	G	1.280497E-4	2.0	3.3302428E-4	0.99591076	775.7984	0.08544148	0.9797811	1.0
SPIKE	S27:G>T	0	517481	0.0	9999.0	0.0	TRUE	G	1.3595089E-4	699.0	3.7920865E-4	0.995659	554.2658	0.10068482	0.9757101	0.0
SPIKE	S28:G>A	28	517481	5.4108266E-5	76.77128	39.357143	TRUE	G	1.3823876E-4	802.0	4.9330626E-4	0.99558616	1022.00116	0.08924094	0.97330546	0.0
SPIKE	S28:G>C	0	517481	0.0	9999.0	0.0	TRUE	G	4.786606E-6	29.0	3.3302428E-4	0.9998468	775.7984	0.08544148	0.9797811	0.0
SPIKE	S28:G>T	0	517481	0.0	9999.0	0.0	TRUE	G	9.919164E-6	51.0	3.7920865E-4	0.99968266	554.2658	0.10068482	0.9757101	0.0
SPIKE	S29:G>A	30	517481	5.7973142E-5	101.64497	39.166668	TRUE	G	1.2082963E-4	701.0	4.9330626E-4	0.9961409	1022.00116	0.08924094	0.97330546	0.0
SPIKE	S29:G>T	2	517481	3.8648764E-6	13.597988	39.0	TRUE	G	7.779736E-6	40.0	3.7920865E-4	0.9997511	554.2658	0.10068482	0.9757101	0.0
SPIKE	S29:G>C	1	517481	1.9324382E-6	9.988094	40.0	TRUE	G	3.466163E-6	21.0	3.3302428E-4	0.9998891	775.7984	0.08544148	0.9797811	0.0
SPIKE	S30:A>G	44	517481	8.502728E-5	37.661163	39.704544	TRUE	A	4.1906512E-4	2719.0	3.5899927E-4	0.98667943	2724.3762	0.07978526	0.9760703	0.0
SPIKE	S30:A>C	1	517481	1.9324382E-6	5.9375105	40.0	TRUE	A	9.081593E-6	43.0	3.9599594E-4	0.9997094	526.2191	0.1093352	0.96818846	0.0
SPIKE	S30:A>T	0	517481	0.0	9999.0	0.0	TRUE	A	2.8628596E-5	117.0	4.495314E-4	0.9990843	406.10602	0.12667878	0.9719764	0.0
SPIKE	S31:T>A	8	517481	1.5459505E-5	33.313557	37.0	TRUE	T	3.2508156E-5	143.0	4.5651497E-4	0.99896026	371.57785	0.11769256	0.9785453	0.0
SPIKE	S31:T>C	22	517481	4.251364E-5	1.7361172	38.545456	TRUE	T	4.1771366E-4	2497.0	3.6967988E-4	0.9867221	2290.0876	0.08659945	0.97151726	0.0
SPIKE	S31:T>G	0	517481	0.0	9999.0	0.0	TRUE	T	9.263073E-6	59.0	2.760692E-4	0.99970365	1401.6993	0.08126759	0.9767234	0.0
SPIKE	S32:C>T	62	517481	1.19811164E-4	313.138	39.467743	TRUE	C	1.4953528E-4	809.0	4.159117E-4	0.9952263	1254.6875	0.0956908	0.9763524	0.0
SPIKE	S32:C>A	7	517481	1.3527067E-5	68.838554	38.285713	TRUE	C	6.9557505E-6	29.0	4.6468986E-4	0.99977744	291.58932	0.124177314	0.9734427	0.0
SPIKE	S32:C>G	0	517481	0.0	9999.0	0.0	TRUE	C	2.1766712E-6	13.0	3.4258E-4	0.9999303	834.18365	0.086674765	0.97978	0.0
SPIKE	S33:C>T	32	517481	6.183802E-5	101.913445	39.09375	TRUE	C	1.3604198E-4	736.0	4.159117E-4	0.99565613	1254.6875	0.0956908	0.9763524	0.0
SPIKE	S33:C>A	33	517481	6.377046E-5	494.28436	39.636364	TRUE	C	7.435457E-6	31.0	4.6468986E-4	0.9997621	291.58932	0.124177314	0.9734427	0.0
SPIKE	S33:C>G	1	517481	1.9324382E-6	0.006476737	40.0	TRUE	C	1.3967257E-4	1.0	3.4258E-4	0.99554044	834.18365	0.086674765	0.97978	1.0
SPIKE	S34:A>C	5	517481	9.662191E-6	25.896832	39.6	TRUE	A	1.7951987E-5	85.0	3.9599594E-4	0.9994257	526.2191	0.1093352	0.96818846	0.0
SPIKE	S34:A>T	2	517481	3.8648764E-6	8.070499	37.5	TRUE	A	1.6149464E-5	66.0	4.495314E-4	0.99948335	406.10602	0.12667878	0.9719764	0.0
SPIKE	S34:A>G	87	517481	1.6812212E-4	275.4316	39.54023	TRUE	A	3.5047962E-4	2274.0	3.5899927E-4	0.9888473	2724.3762	0.07978526	0.9760703	0.0
SPIKE	S35:T>C	18	517481	3.4783887E-5	0.3067088	39.27778	TRUE	T	4.3477683E-4	2599.0	3.6967988E-4	0.98618346	2290.0876	0.08659945	0.97151726	0.0
SPIKE	S35:T>A	1	517481	1.9324382E-6	1.5253993	40.0	TRUE	T	3.2280826E-5	142.0	4.5651497E-4	0.9989675	371.57785	0.11769256	0.9785453	0.0
SPIKE	D35-36:T>	3	517481	5.7973143E-6	9999.0	39.820793	TRUE		NaN	NaN	NaN	NaN	NaN	NaN	NaN	NaN
SPIKE	S35:T>G	0	517481	0.0	9999.0	0.0	TRUE	T	1.3973109E-5	89.0	2.760692E-4	0.99955297	1401.6993	0.08126759	0.9767234	0.0
SPIKE	S36:T>C	10	517481	1.9324381E-5	1.049194	39.2	TRUE	T	2.219888E-4	1327.0	3.6967988E-4	0.99292153	2290.0876	0.08659945	0.97151726	0.0
SPIKE	S36:T>A	1	517481	1.9324382E-6	6.0352325	40.0	TRUE	T	8.865861E-6	39.0	4.5651497E-4	0.99971634	371.57785	0.11769256	0.9785453	0.0
SPIKE	S36:T>G	0	517481	0.0	9999.0	0.0	TRUE	T	2.826022E-6	18.0	2.760692E-4	0.9999096	1401.6993	0.08126759	0.9767234	0.0
SPIKE	S37:A>C	2	517481	3.8648764E-6	10.48406	40.0	TRUE	A	1.1615992E-5	55.0	3.9599594E-4	0.99962837	526.2191	0.1093352	0.96818846	0.0
SPIKE	S37:A>T	3	517481	5.7973143E-6	18.013676	40.0	TRUE	A	1.1010999E-5	45.0	4.495314E-4	0.99964774	406.10602	0.12667878	0.9719764	0.0
SPIKE	S37:A>G	76	517481	1.4686529E-4	306.09494	39.18421	TRUE	A	2.399722E-4	1557.0	3.5899927E-4	0.9923503	2724.3762	0.07978526	0.9760703	0.0
SPIKE	S38:T>C	13	517481	2.5121695E-5	13.181716	39.615383	TRUE	T	1.370074E-4	819.0	3.6967988E-4	0.9956254	2290.0876	0.08659945	0.97151726	0.0
SPIKE	S38:T>A	4	517481	7.729753E-6	17.092497	39.5	TRUE	T	2.0232348E-5	89.0	4.5651497E-4	0.99935275	371.57785	0.11769256	0.9785453	0.0
SPIKE	S38:T>G	0	517481	0.0	9999.0	0.0	TRUE	T	1.0990086E-5	70.0	2.760692E-4	0.9996484	1401.6993	0.08126759	0.9767234	0.0
SPIKE	S39:C>T	53	517481	1.0241922E-4	261.71338	39.4717	TRUE	C	1.3308454E-4	720.0	4.159117E-4	0.99575037	1254.6875	0.0956908	0.9763524	0.0
SPIKE	S39:C>A	140	517481	2.7054132E-4	3080.5522	38.735714	TRUE	C	5.756483E-6	24.0	4.6468986E-4	0.9998158	291.58932	0.124177314	0.9734427	0.0
SPIKE	S39:C>G	1	517481	1.9324382E-6	11.992829	40.0	TRUE	C	2.1766712E-6	13.0	3.4258E-4	0.9999303	834.18365	0.086674765	0.97978	0.0
SPIKE	S40:G>T	2	517481	3.8648764E-6	10.972937	38.5	TRUE	G	1.089163E-5	56.0	3.7920865E-4	0.99965155	554.2658	0.10068482	0.9757101	0.0
SPIKE	S40:G>A	104	517481	2.0097356E-4	506.1696	39.26923	TRUE	G	2.5699998E-4	1491.0	4.9330626E-4	0.9918097	1022.00116	0.08924094	0.97330546	0.0
SPIKE	S40:G>C	0	517481	0.0	9999.0	0.0	TRUE	G	3.3011077E-6	20.0	3.3302428E-4	0.9998944	775.7984	0.08544148	0.9797811	0.0
SPIKE	S41:G>C	1	517481	1.9324382E-6	7.1493134	40.0	TRUE	G	6.7672704E-6	41.0	3.3302428E-4	0.99978346	775.7984	0.08544148	0.9797811	0.0
SPIKE	S41:G>A	44	517481	8.502728E-5	248.19185	37.954544	TRUE	G	9.290609E-5	539.0	4.9330626E-4	0.9970314	1022.00116	0.08924094	0.97330546	0.0
SPIKE	S41:G>T	0	517481	0.0	9999.0	0.0	TRUE	G	4.2788547E-6	22.0	3.7920865E-4	0.9998631	554.2658	0.10068482	0.9757101	0.0
SPIKE	S42:C>T	74	517481	1.4300042E-4	316.8365	39.27027	TRUE	C	2.1792595E-4	1179.0	4.159117E-4	0.99305063	1254.6875	0.0956908	0.9763524	0.0
SPIKE	S42:C>A	10	517481	1.9324381E-5	79.274	38.7	TRUE	C	1.43912075E-5	60.0	4.6468986E-4	0.9995396	291.58932	0.124177314	0.9734427	0.0
SPIKE	S42:C>G	1	517481	1.9324382E-6	5.9554486	40.0	TRUE	C	9.041557E-6	54.0	3.4258E-4	0.99971074	834.18365	0.086674765	0.97978	0.0
SPIKE	D42-43:C>	1	517481	1.9324382E-6	9999.0	39.848293	TRUE		NaN	NaN	NaN	NaN	NaN	NaN	NaN	NaN
SPIKE	S43:G>C	1	517481	1.9324382E-6	12.400819	38.0	TRUE	G	1.9806646E-6	12.0	3.3302428E-4	0.99993664	775.7984	0.08544148	0.9797811	0.0
SPIKE	S43:G>A	44	517481	8.502728E-5	172.54303	39.227272	TRUE	G	1.485808E-4	862.0	4.9330626E-4	0.9952567	1022.00116	0.08924094	0.97330546	0.0
SPIKE	S43:G>T	0	517481	0.0	9999.0	0.0	TRUE	G	4.4733483E-6	23.0	3.7920865E-4	0.9998569	554.2658	0.10068482	0.9757101	0.0
SPIKE	S44:G>T	1	517481	1.9324382E-6	11.345951	40.0	TRUE	G	2.5284141E-6	13.0	3.7920865E-4	0.9999191	554.2658	0.10068482	0.9757101	0.0
SPIKE	S44:G>A	33	517481	6.377046E-5	110.6366	39.39394	TRUE	G	1.3306772E-4	772.0	4.9330626E-4	0.9957509	1022.00116	0.08924094	0.97330546	0.0
SPIKE	S44:G>C	0	517481	0.0	9999.0	0.0	TRUE	G	7.757603E-6	47.0	3.3302428E-4	0.9997518	775.7984	0.08544148	0.9797811	0.0
SPIKE	S45:C>T	64	517481	1.2367604E-4	480.68448	38.671875	TRUE	C	8.188396E-5	443.0	4.159117E-4	0.9973831	1254.6875	0.0956908	0.9763524	0.0
SPIKE	S45:C>A	13	517481	2.5121695E-5	146.4792	39.615383	TRUE	C	7.915164E-6	33.0	4.6468986E-4	0.99974674	291.58932	0.124177314	0.9734427	0.0
SPIKE	S45:C>G	2	517481	3.8648764E-6	12.707957	38.0	TRUE	C	8.706685E-6	52.0	3.4258E-4	0.9997214	834.18365	0.086674765	0.97978	0.0
SPIKE	S46:G>C	1	517481	1.9324382E-6	0.011898017	40.0	TRUE	G	1.280497E-4	9.0	3.3302428E-4	0.99591076	775.7984	0.08544148	0.9797811	1.0
SPIKE	S46:G>A	63	517481	1.217436E-4	353.257	39.0	TRUE	G	1.3099931E-4	760.0	4.9330626E-4	0.99581677	1022.00116	0.08924094	0.97330546	0.0
SPIKE	S46:G>T	0	517481	0.0	9999.0	0.0	TRUE	G	3.6953745E-6	19.0	3.7920865E-4	0.99988174	554.2658	0.10068482	0.9757101	0.0
SPIKE	S47:A>C	6	517481	1.1594629E-5	63.278347	39.5	TRUE	A	5.279996E-6	25.0	3.9599594E-4	0.9998311	526.2191	0.1093352	0.96818846	0.0
SPIKE	S47:A>T	6	517481	1.1594629E-5	45.708366	39.5	TRUE	A	1.076631E-5	44.0	4.495314E-4	0.99965554	406.10602	0.12667878	0.9719764	0.0
SPIKE	S47:A>G	52	517481	1.0048678E-4	279.97635	38.942307	TRUE	A	1.1605592E-4	753.0	3.5899927E-4	0.9962931	2724.3762	0.07978526	0.9760703	0.0
SPIKE	S48:A>C	5	517481	9.662191E-6	33.564075	39.2	TRUE	A	1.2038391E-5	57.0	3.9599594E-4	0.99961483	526.2191	0.1093352	0.96818846	0.0
SPIKE	S48:A>G	87	517481	1.6812212E-4	324.47226	39.172413	TRUE	A	2.9699833E-4	1927.0	3.5899927E-4	0.9905411	2724.3762	0.07978526	0.9760703	0.0
SPIKE	S48:A>T	0	517481	0.0	9999.0	0.0	TRUE	A	2.1287931E-5	87.0	4.495314E-4	0.999319	406.10602	0.12667878	0.9719764	0.0
SPIKE	S49:T>C	10	517481	1.9324381E-5	0.004792889	39.2	TRUE	T	4.0165416E-4	2401.0	3.6967988E-4	0.9872293	2290.0876	0.08659945	0.97151726	0.0
SPIKE	S49:T>G	1	517481	1.9324382E-6	4.748884	40.0	TRUE	T	1.2246095E-5	78.0	2.760692E-4	0.9996082	1401.6993	0.08126759	0.9767234	0.0
SPIKE	S49:T>A	1	517481	1.9324382E-6	1.5253993	38.0	TRUE	T	3.2280826E-5	142.0	4.5651497E-4	0.9989675	371.57785	0.11769256	0.9785453	0.0
SPIKE	D49-50:T>	66	517481	1.2754092E-4	9999.0	39.765335	TRUE		NaN	NaN	NaN	NaN	NaN	NaN	NaN	NaN
SPIKE	S50:T>C	13	517481	2.5121695E-5	0.17684601	38.307693	TRUE	T	3.5447947E-4	2119.0	3.6967988E-4	0.9887208	2290.0876	0.08659945	0.97151726	0.0
SPIKE	S50:T>G	1	517481	1.9324382E-6	3.960798	40.0	TRUE	T	1.5072117E-5	96.0	2.760692E-4	0.9995178	1401.6993	0.08126759	0.9767234	0.0
SPIKE	S50:T>A	1	517481	1.9324382E-6	1.6568902	40.0	TRUE	T	3.0689516E-5	135.0	4.5651497E-4	0.99901843	371.57785	0.11769256	0.9785453	0.0
SPIKE	S51:T>C	17	517481	3.2851447E-5	1.1850297	38.47059	TRUE	T	3.4862445E-4	2084.0	3.6967988E-4	0.988906	2290.0876	0.08659945	0.97151726	0.0
SPIKE	S51:T>A	1	517481	1.9324382E-6	5.6218516E-7	40.0	TRUE	T	3.1212377E-4	1373.0	4.5651497E-4	0.99006176	371.57785	0.11769256	0.9785453	0.0
SPIKE	S51:T>G	0	517481	0.0	9999.0	0.0	TRUE	T	7.065055E-6	45.0	2.760692E-4	0.9997739	1401.6993	0.08126759	0.9767234	0.0
SPIKE	S52:A>T	1	517481	1.9324382E-6	7.743688	38.0	TRUE	A	5.8725327E-6	24.0	4.495314E-4	0.9998121	406.10602	0.12667878	0.9719764	0.0
SPIKE	S52:A>C	1	517481	1.9324382E-6	7.18451E-6	37.0	TRUE	A	2.659006E-4	1259.0	3.9599594E-4	0.99152726	526.2191	0.1093352	0.96818846	0.0
SPIKE	S52:A>G	70	517481	1.3527066E-4	271.78787	39.32857	TRUE	A	2.3134121E-4	1501.0	3.5899927E-4	0.9926244	2724.3762	0.07978526	0.9760703	0.0
SPIKE	D52-53:A>	1	517481	1.9324382E-6	9999.0	39.660374	TRUE		NaN	NaN	NaN	NaN	NaN	NaN	NaN	NaN
SPIKE	S53:C>T	47	517482	9.082442E-5	204.37938	39.0	TRUE	C	1.3992334E-4	757.0	4.159117E-4	0.99553245	1254.69	0.0956908	0.9763524	0.0
SPIKE	S53:C>G	4	517482	7.729737E-6	42.660694	39.75	TRUE	C	4.0184623E-6	24.0	3.4258E-4	0.99987143	834.18524	0.086674765	0.97978	0.0
SPIKE	S53:C>A	10	517482	1.9324343E-5	112.312996	38.4	TRUE	C	6.4760306E-6	27.0	4.6468986E-4	0.9997928	291.58987	0.124177314	0.9734427	0.0
SPIKE	D53-54:C>	10	517482	1.9324343E-5	9999.0	39.839523	TRUE		NaN	NaN	NaN	NaN	NaN	NaN	NaN	NaN
SPIKE	S54:C>T	65	517492	1.256058E-4	243.66528	40.0	TRUE	C	2.2420572E-4	1213.0	4.159117E-4	0.9928511	1254.7142	0.0956908	0.9763524	0.0
SPIKE	S54:C>G	1	517492	1.932397E-6	0.006475727	40.0	TRUE	C	1.3967257E-4	4.0	3.4258E-4	0.99554044	834.2014	0.086674765	0.97978	1.0
SPIKE	S54:C>A	63	517492	1.2174101E-4	140.30252	40.0	TRUE	C	3.437027E-4	1433.0	4.6468986E-4	0.9890618	291.59552	0.124177314	0.9734427	0.0
SPIKE	S55:A>T	21	517492	4.0580337E-5	65.79824	40.0	TRUE	A	9.5181946E-5	389.0	4.495314E-4	0.9969588	406.11465	0.12667878	0.9719764	0.0
SPIKE	S55:A>C	2	517492	3.864794E-6	3.1938525E-12	40.0	TRUE	A	5.788865E-4	2741.0	3.9599594E-4	0.9816462	526.23035	0.1093352	0.96818846	0.0
SPIKE	S55:A>G	120	517492	2.3188764E-4	481.52432	40.0	TRUE	A	3.729739E-4	2420.0	3.5899927E-4	0.98813576	2724.434	0.07978526	0.9760703	0.0
SPIKE	S56:C>T	51	517492	9.855225E-5	265.95276	40.0	TRUE	C	1.1921904E-4	645.0	4.159117E-4	0.9961923	1254.7142	0.0956908	0.9763524	0.0
SPIKE	S56:C>G	6	517492	1.1594382E-5	67.185974	40.0	TRUE	C	4.5206825E-6	27.0	3.4258E-4	0.99985534	834.2014	0.086674765	0.97978	0.0
SPIKE	S56:C>A	12	517492	2.3188764E-5	51.747044	40.0	TRUE	C	4.245316E-5	177.0	4.6468986E-4	0.99864244	291.59552	0.124177314	0.9734427	0.0
SPIKE	D56-57:C>	6	517492	1.1594382E-5	9999.0	39.999657	TRUE		NaN	NaN	NaN	NaN	NaN	NaN	NaN	NaN
SPIKE	S57:C>T	63	517492	1.2174101E-4	294.77353	40.0	TRUE	C	1.6783083E-4	908.0	4.159117E-4	0.9946438	1254.7142	0.0956908	0.9763524	0.0
SPIKE	S57:C>G	1	517492	1.932397E-6	0.006475727	40.0	TRUE	C	1.3967257E-4	9.0	3.4258E-4	0.99554044	834.2014	0.086674765	0.97978	1.0
SPIKE	S57:C>A	35	517492	6.76339E-5	22.341854	40.0	TRUE	C	3.8159874E-4	1591.0	4.6468986E-4	0.9878631	291.59552	0.124177314	0.9734427	0.0
SPIKE	S58:A>T	1	517492	1.932397E-6	1.3517778E-9	40.0	TRUE	A	4.2036653E-4	1718.0	4.495314E-4	0.98663837	406.11465	0.12667878	0.9719764	0.0
SPIKE	S58:A>C	7	517492	1.3526779E-5	0.0013121781	40.0	TRUE	A	3.5692015E-4	1690.0	3.9599594E-4	0.9886435	526.23035	0.1093352	0.96818846	0.0
SPIKE	S58:A>G	100	517492	1.932397E-4	401.95233	40.0	TRUE	A	3.1240418E-4	2027.0	3.5899927E-4	0.9900529	2724.434	0.07978526	0.9760703	0.0
SPIKE	D58-60:AT>	1	517492	1.932397E-6	9999.0	39.999508	TRUE		NaN	NaN	NaN	NaN	NaN	NaN	NaN	NaN
SPIKE	S59:T>C	68	517492	1.31403E-4	85.47959	40.0	TRUE	T	5.256021E-4	3142.0	3.6967988E-4	0.98332137	2290.1362	0.08659945	0.97151726	0.0
SPIKE	S59:T>G	3	517492	5.797191E-6	19.836876	40.0	TRUE	T	9.419873E-6	60.0	2.760692E-4	0.99969864	1401.7291	0.08126759	0.9767234	0.0
SPIKE	S59:T>A	4	517492	7.729588E-6	1.2502804E-5	40.0	TRUE	T	3.6963035E-4	1626.0	4.5651497E-4	0.9882415	371.58575	0.11769256	0.9785453	0.0
SPIKE	D59-60:T>	2	517492	3.864794E-6	9999.0	39.998863	TRUE		NaN	NaN	NaN	NaN	NaN	NaN	NaN	NaN
SPIKE	S60:T>C	78	517493	1.5072667E-4	109.644005	40.0	TRUE	T	5.639087E-4	3371.0	3.6967988E-4	0.98211676	2290.1406	0.08659945	0.97151726	0.0
SPIKE	S60:T>G	1	517493	1.9323934E-6	6.402009E-6	40.0	TRUE	T	2.6799488E-4	1707.0	2.760692E-4	0.99146086	1401.7318	0.08126759	0.9767234	0.0
SPIKE	S60:T>A	1	517493	1.9323934E-6	3.560121	40.0	TRUE	T	1.6822012E-5	74.0	4.5651497E-4	0.9994618	371.5865	0.11769256	0.9785453	0.0
SPIKE	S61:G>C	1	517493	1.9323934E-6	0.011896175	40.0	TRUE	G	1.280497E-4	3.0	3.3302428E-4	0.99591076	775.8164	0.08544148	0.9797811	1.0
SPIKE	S61:G>A	36	517493	6.956616E-5	38.801395	40.0	TRUE	G	3.155976E-4	1831.0	4.9330626E-4	0.9899517	1022.02484	0.08924094	0.97330546	0.0
SPIKE	D61-62:G>	1	517493	1.9323934E-6	9999.0	39.999382	TRUE		NaN	NaN	NaN	NaN	NaN	NaN	NaN	NaN
SPIKE	S61:G>T	0	517493	0.0	9999.0	0.0	TRUE	G	2.6995057E-4	1388.0	3.7920865E-4	0.9913988	554.2787	0.10068482	0.9757101	0.0
SPIKE	S62:A>T	13	517494	2.5121064E-5	23.164148	40.0	TRUE	A	9.983055E-5	408.0	4.495314E-4	0.9968105	406.1162	0.12667878	0.9719764	0.0
SPIKE	S62:A>C	3	517494	5.797169E-6	18.043785	40.0	TRUE	A	1.0982116E-5	52.0	3.9599594E-4	0.99964863	526.23236	0.1093352	0.96818846	0.0
SPIKE	S62:A>G	108	517494	2.0869807E-4	176.81378	40.0	TRUE	A	7.132713E-4	4628.0	3.5899927E-4	0.97743386	2724.4446	0.07978526	0.9760703	0.0
SPIKE	D62-63:A>	41	517494	7.9227975E-5	9999.0	39.99969	TRUE		NaN	NaN	NaN	NaN	NaN	NaN	NaN	NaN
SPIKE	I62:>A	1	517494	1.9323895E-6	9999.0	39.99969	TRUE		NaN	NaN	NaN	NaN	NaN	NaN	NaN	NaN
SPIKE	S63:A>T	5	517494	9.661948E-6	7.7096725	40.0	TRUE	A	5.578766E-5	228.0	4.495314E-4	0.9982164	406.1162	0.12667878	0.9719764	0.0
SPIKE	S63:A>C	2	517494	3.864779E-6	9.470151	40.0	TRUE	A	1.3305255E-5	63.0	3.9599594E-4	0.9995743	526.23236	0.1093352	0.96818846	0.0
SPIKE	S63:A>G	138	517494	2.6666975E-4	458.92734	40.0	TRUE	A	5.2015786E-4	3375.0	3.5899927E-4	0.98349273	2724.4446	0.07978526	0.9760703	0.0
SPIKE	D63-64:A>	1	517494	1.9323895E-6	9999.0	39.99993	TRUE		NaN	NaN	NaN	NaN	NaN	NaN	NaN	NaN
SPIKE	S64:A>G	141	517494	2.7246692E-4	398.39102	40.0	TRUE	A	6.1756227E-4	4007.0	3.5899927E-4	0.980432	2724.4446	0.07978526	0.9760703	0.0
SPIKE	S64:A>C	7	517494	1.3526726E-5	36.994934	40.0	TRUE	A	2.1753038E-5	103.0	3.9599594E-4	0.9993041	526.23236	0.1093352	0.96818846	0.0
SPIKE	S64:A>T	7	517494	1.3526726E-5	26.625162	40.0	TRUE	A	3.2787484E-5	134.0	4.495314E-4	0.9989514	406.1162	0.12667878	0.9719764	0.0
SPIKE	S65:A>G	142	517494	2.7439932E-4	589.2077	40.0	TRUE	A	4.2244527E-4	2741.0	3.5899927E-4	0.98657274	2724.4446	0.07978526	0.9760703	0.0
SPIKE	S65:A>C	35	517494	6.7633635E-5	0.41556203	40.0	TRUE	A	7.505854E-4	3554.0	3.9599594E-4	0.9762674	526.23236	0.1093352	0.96818846	0.0
SPIKE	S65:A>T	8	517494	1.5459116E-5	42.202904	40.0	TRUE	A	2.3978906E-5	98.0	4.495314E-4	0.99923295	406.1162	0.12667878	0.9719764	0.0
SPIKE	S66:C>A	4	517494	7.729558E-6	0.030924201	40.0	TRUE	C	1.9739443E-4	823.0	4.6468986E-4	0.9937033	291.59665	0.124177314	0.9734427	0.0
SPIKE	S66:C>T	53	517494	1.0241665E-4	320.6618	40.0	TRUE	C	9.9256395E-5	537.0	4.159117E-4	0.99682885	1254.719	0.0956908	0.9763524	0.0
SPIKE	D66-67:C>	4	517494	7.729558E-6	9999.0	39.999683	TRUE		NaN	NaN	NaN	NaN	NaN	NaN	NaN	NaN
SPIKE	S66:C>G	0	517494	0.0	9999.0	0.0	TRUE	C	5.8601213E-6	35.0	3.4258E-4	0.9998125	834.2046	0.086674765	0.97978	0.0
SPIKE	S67:C>A	87	517494	1.681179E-4	103.703926	40.0	TRUE	C	6.814065E-4	2841.0	4.6468986E-4	0.978431	291.59665	0.124177314	0.9734427	0.0
SPIKE	S67:C>T	48	517494	9.27547E-5	255.62396	40.0	TRUE	C	1.0942232E-4	592.0	4.159117E-4	0.9965046	1254.719	0.0956908	0.9763524	0.0
SPIKE	S67:C>G	0	517494	0.0	9999.0	0.0	TRUE	C	1.3967257E-4	7.0	3.4258E-4	0.99554044	834.2046	0.086674765	0.97978	1.0
SPIKE	S68:A>G	125	517494	2.415487E-4	157.60075	40.0	TRUE	A	9.359759E-4	6073.0	3.5899927E-4	0.97049284	2724.4446	0.07978526	0.9760703	0.0
SPIKE	S68:A>C	11	517494	2.1256285E-5	4.441476	40.0	TRUE	A	1.7170116E-4	813.0	3.9599594E-4	0.9945206	526.23236	0.1093352	0.96818846	0.0
SPIKE	S68:A>T	24	517494	4.637735E-5	70.98683	40.0	TRUE	A	1.1279873E-4	461.0	4.495314E-4	0.99639696	406.1162	0.12667878	0.9719764	0.0
SPIKE	I69:>CG	1	517493	1.9323934E-6	9999.0	39.999588	TRUE		NaN	NaN	NaN	NaN	NaN	NaN	NaN	NaN
SPIKE	S69:G>A	51	517493	9.855206E-5	124.63795	40.0	TRUE	G	2.62682E-4	1524.0	4.9330626E-4	0.9916294	1022.02484	0.08924094	0.97330546	0.0
SPIKE	S69:G>T	1	517493	1.9323934E-6	5.503524	40.0	TRUE	G	1.0113422E-5	52.0	3.7920865E-4	0.9996764	554.2787	0.10068482	0.9757101	0.0
SPIKE	S69:G>C	0	517493	0.0	9999.0	0.0	TRUE	G	4.6379486E-4	2810.0	3.3302428E-4	0.9852682	775.8164	0.08544148	0.9797811	0.0
SPIKE	S70:C>A	7	517493	1.3526753E-5	70.919716	40.0	TRUE	C	6.4758933E-6	27.0	4.6468986E-4	0.9997928	291.59607	0.124177314	0.9734427	0.0
SPIKE	S70:C>G	1	517493	1.9323934E-6	0.029783402	40.0	TRUE	C	1.10337925E-4	659.0	3.4258E-4	0.9964754	834.203	0.086674765	0.97978	0.0
SPIKE	S70:C>T	47	517493	9.082248E-5	196.57832	40.0	TRUE	C	1.4657444E-4	793.0	4.159117E-4	0.9953206	1254.7167	0.0956908	0.9763524	0.0
SPIKE	D70-71:C>	1	517493	1.9323934E-6	9999.0	39.999695	TRUE		NaN	NaN	NaN	NaN	NaN	NaN	NaN	NaN
SPIKE	S71:C>A	33	517493	6.376898E-5	215.25838	40.0	TRUE	C	5.684395E-5	237.0	4.6468986E-4	0.99818265	291.59607	0.124177314	0.9734427	0.0
SPIKE	S71:C>G	2	517493	3.864787E-6	2.5575035E-8	40.0	TRUE	C	4.1372536E-4	2471.0	3.4258E-4	0.98684806	834.203	0.086674765	0.97978	0.0
SPIKE	S71:C>T	69	517493	1.3333514E-4	242.38509	40.0	TRUE	C	2.5396378E-4	1374.0	4.159117E-4	0.9919061	1254.7167	0.0956908	0.9763524	0.0
SPIKE	S72:G>A	76	517493	1.4686189E-4	397.93433	40.0	TRUE	G	1.7253589E-4	1001.0	4.9330626E-4	0.9944941	1022.02484	0.08924094	0.97330546	0.0
SPIKE	S72:G>C	2	517493	3.864787E-6	0.10646309	40.0	TRUE	G	1.14215676E-4	692.0	3.3302428E-4	0.9963518	775.8164	0.08544148	0.9797811	0.0
SPIKE	S72:G>T	2	517493	3.864787E-6	2.9875833E-5	40.0	TRUE	G	2.8025848E-4	1441.0	3.7920865E-4	0.9910718	554.2787	0.10068482	0.9757101	0.0
SPIKE	D72-73:G>	1	517493	1.9323934E-6	9999.0	39.99944	TRUE		NaN	NaN	NaN	NaN	NaN	NaN	NaN	NaN
SPIKE	S73:T>A	10	517493	1.9323932E-5	31.664232	40.0	TRUE	T	5.1375333E-5	226.0	4.5651497E-4	0.99835736	371.5865	0.11769256	0.9785453	0.0
SPIKE	S73:T>G	3	517493	5.7971797E-6	6.7773382E-9	40.0	TRUE	T	4.808836E-4	3063.0	2.760692E-4	0.9847295	1401.7318	0.08126759	0.9767234	0.0
SPIKE	S73:T>C	71	517493	1.3719992E-4	114.64513	40.0	TRUE	T	4.7658733E-4	2849.0	3.6967988E-4	0.9848649	2290.1406	0.08659945	0.97151726	0.0
SPIKE	S74:G>A	48	517493	9.2754875E-5	304.44537	40.0	TRUE	G	8.3941035E-5	487.0	4.9330626E-4	0.9973175	1022.02484	0.08924094	0.97330546	0.0
SPIKE	S74:G>T	1	517493	1.9323934E-6	0.018447293	40.0	TRUE	G	1.1961067E-4	615.0	3.7920865E-4	0.99617976	554.2787	0.10068482	0.9757101	0.0
SPIKE	S74:G>C	0	517493	0.0	9999.0	0.0	TRUE	G	3.284526E-5	199.0	3.3302428E-4	0.9989495	775.8164	0.08544148	0.9797811	0.0
SPIKE	S75:G>A	48	517493	9.2754875E-5	284.87772	40.0	TRUE	G	9.3248666E-5	541.0	4.9330626E-4	0.9970205	1022.02484	0.08924094	0.97330546	0.0
SPIKE	S75:G>T	1	517493	1.9323934E-6	6.889493E-11	40.0	TRUE	G	4.7338597E-4	2434.0	3.7920865E-4	0.9849658	554.2787	0.10068482	0.9757101	0.0
SPIKE	S75:G>C	0	517493	0.0	9999.0	0.0	TRUE	G	2.640825E-6	16.0	3.3302428E-4	0.9999155	775.8164	0.08544148	0.9797811	0.0
SPIKE	S76:T>A	6	517493	1.1594359E-5	21.74042	40.0	TRUE	T	3.1143456E-5	137.0	4.5651497E-4	0.9990039	371.5865	0.11769256	0.9785453	0.0
SPIKE	S76:T>G	11	517493	2.1256326E-5	2.7353208	40.0	TRUE	T	1.9656097E-4	1252.0	2.760692E-4	0.99372977	1401.7318	0.08126759	0.9767234	0.0
SPIKE	S76:T>C	63	517493	1.2174078E-4	94.06137	40.0	TRUE	T	4.4580738E-4	2665.0	3.6967988E-4	0.98583543	2290.1406	0.08659945	0.97151726	0.0
SPIKE	D76-77:T>	4	517493	7.729574E-6	9999.0	39.99948	TRUE		NaN	NaN	NaN	NaN	NaN	NaN	NaN	NaN
SPIKE	S77:T>A	1	517493	1.9323934E-6	4.399099	40.0	TRUE	T	1.3412145E-5	59.0	4.5651497E-4	0.9995709	371.5865	0.11769256	0.9785453	0.0
SPIKE	S77:T>G	1	517493	1.9323934E-6	1.4022602	40.0	TRUE	T	3.3911478E-5	216.0	2.760692E-4	0.99891543	1401.7318	0.08126759	0.9767234	0.0
SPIKE	S77:T>C	34	517493	6.570137E-5	44.067352	40.0	TRUE	T	2.733393E-4	1634.0	3.6967988E-4	0.9912913	2290.1406	0.08659945	0.97151726	0.0
SPIKE	S78:T>A	3	517493	5.7971797E-6	18.869194	40.0	TRUE	T	1.0229602E-5	45.0	4.5651497E-4	0.9996727	371.5865	0.11769256	0.9785453	0.0
SPIKE	S78:T>G	2	517493	3.864787E-6	6.0138594E-10	40.0	TRUE	T	4.8308156E-4	3077.0	2.760692E-4	0.98466027	1401.7318	0.08126759	0.9767234	0.0
SPIKE	S78:T>C	66	517493	1.2753796E-4	97.305405	40.0	TRUE	T	4.6905963E-4	2804.0	3.6967988E-4	0.9851022	2290.1406	0.08659945	0.97151726	0.0
SPIKE	S79:G>A	63	517492	1.2174101E-4	371.06952	40.0	TRUE	G	1.21688885E-4	706.0	4.9330626E-4	0.99611354	1022.0229	0.08924094	0.97330546	0.0
SPIKE	S79:G>C	1	517492	1.932397E-6	9.722735E-11	40.0	TRUE	G	4.6726185E-4	2831.0	3.3302428E-4	0.98515886	775.8149	0.08544148	0.9797811	0.0
SPIKE	S79:G>T	3	517492	5.797191E-6	0.5682496	40.0	TRUE	G	9.918953E-5	510.0	3.7920865E-4	0.99683094	554.2776	0.10068482	0.9757101	0.0
SPIKE	S80:C>A	10	517488	1.932412E-5	74.8296	40.0	TRUE	C	1.6069964E-5	67.0	4.6468986E-4	0.9994859	291.59326	0.124177314	0.9734427	0.0
SPIKE	S80:C>T	86	517488	1.6618743E-4	292.75888	40.0	TRUE	C	3.229105E-4	1747.0	4.159117E-4	0.98972005	1254.7045	0.0956908	0.9763524	0.0
SPIKE	S80:C>G	0	517488	0.0	9999.0	0.0	TRUE	C	5.079947E-4	3034.0	3.4258E-4	0.9838756	834.19495	0.086674765	0.97978	0.0
SPIKE	S81:G>A	74	517488	1.4299848E-4	378.20355	40.0	TRUE	G	1.7391647E-4	1009.0	4.9330626E-4	0.99445015	1022.015	0.08924094	0.97330546	0.0
SPIKE	D81-82:G>	1	517488	1.932412E-6	9999.0	39.999783	TRUE		NaN	NaN	NaN	NaN	NaN	NaN	NaN	NaN
SPIKE	S81:G>C	0	517488	0.0	9999.0	0.0	TRUE	G	7.7740035E-5	471.0	3.3302428E-4	0.99751544	775.8089	0.08544148	0.9797811	0.0
SPIKE	S81:G>T	0	517488	0.0	9999.0	0.0	TRUE	G	3.6564266E-5	188.0	3.7920865E-4	0.9988306	554.2733	0.10068482	0.9757101	0.0
SPIKE	S82:G>A	58	517488	1.1207989E-4	286.3859	40.0	TRUE	G	1.4478675E-4	840.0	4.9330626E-4	0.99537754	1022.015	0.08924094	0.97330546	0.0
SPIKE	S82:G>T	2	517488	3.864824E-6	18.853895	40.0	TRUE	G	4.084306E-6	21.0	3.7920865E-4	0.9998693	554.2733	0.10068482	0.9757101	0.0
SPIKE	S82:G>C	0	517488	0.0	9999.0	0.0	TRUE	G	4.44158E-4	2691.0	3.3302428E-4	0.98588747	775.8089	0.08544148	0.9797811	0.0
SPIKE	S83:C>G	2	517488	3.864824E-6	1.8202164E-11	40.0	TRUE	C	5.4717425E-4	3268.0	3.4258E-4	0.9826428	834.19495	0.086674765	0.97978	0.0
SPIKE	S83:C>A	5	517488	9.66206E-6	40.200268	40.0	TRUE	C	8.634608E-6	36.0	4.6468986E-4	0.99972373	291.59326	0.124177314	0.9734427	0.0
SPIKE	S83:C>T	59	517488	1.14012306E-4	193.75919	40.0	TRUE	C	2.3474317E-4	1270.0	4.159117E-4	0.99251634	1254.7045	0.0956908	0.9763524	0.0
SPIKE	D83-85:CG>	1	517488	1.932412E-6	9999.0	39.999737	TRUE		NaN	NaN	NaN	NaN	NaN	NaN	NaN	NaN
SPIKE	S84:G>A	62	517488	1.1980954E-4	55.668453	40.0	TRUE	G	5.634618E-4	3269.0	4.9330626E-4	0.9821308	1022.015	0.08924094	0.97330546	0.0
SPIKE	S84:G>T	2	517488	3.864824E-6	12.666995	40.0	TRUE	G	8.752085E-6	45.0	3.7920865E-4	0.99972	554.2733	0.10068482	0.9757101	0.0
SPIKE	S84:G>C	2	517488	3.864824E-6	0.42964274	40.0	TRUE	G	8.269163E-5	501.0	3.3302428E-4	0.99735737	775.8089	0.08544148	0.9797811	0.0
SPIKE	S85:A>G	31	517487	5.9904887E-5	46.492527	40.0	TRUE	A	2.3210915E-4	1506.0	3.5899927E-4	0.9926	2724.4077	0.07978526	0.9760703	0.0
SPIKE	S85:A>T	1	517487	1.9324157E-6	6.12348E-14	40.0	TRUE	A	5.9776794E-4	2443.0	4.495314E-4	0.98105323	406.11072	0.12667878	0.9719764	0.0
SPIKE	S85:A>C	0	517487	0.0	9999.0	0.0	TRUE	A	6.547119E-6	31.0	3.9599594E-4	0.9997905	526.2252	0.1093352	0.96818846	0.0
SPIKE	S86:T>G	1	517485	1.9324232E-6	4.078847	38.0	TRUE	T	1.4601001E-5	93.0	2.760692E-4	0.9995329	1401.7102	0.08126759	0.9767234	0.0
SPIKE	S86:T>A	1	517485	1.9324232E-6	0.008871564	37.0	TRUE	T	1.3366887E-4	588.0	4.5651497E-4	0.9957317	371.58072	0.11769256	0.9785453	0.0
SPIKE	S86:T>C	27	517485	5.2175426E-5	0.066108905	38.148148	TRUE	T	6.892138E-4	4120.0	3.6967988E-4	0.9781866	2290.1052	0.08659945	0.97151726	0.0
SPIKE	D86-87:T>	22	517485	4.251331E-5	9999.0	39.66706	TRUE		NaN	NaN	NaN	NaN	NaN	NaN	NaN	NaN
SPIKE	S87:T>A	1	517485	1.9324232E-6	0.7551882	40.0	TRUE	T	4.6147587E-5	203.0	4.5651497E-4	0.99852437	371.58072	0.11769256	0.9785453	0.0
SPIKE	S87:T>C	20	517485	3.8648464E-5	2.6056595	38.3	TRUE	T	3.5598228E-4	2128.0	3.6967988E-4	0.9886732	2290.1052	0.08659945	0.97151726	0.0
SPIKE	S87:T>G	0	517485	0.0	9999.0	0.0	TRUE	T	4.6943E-5	299.0	2.760692E-4	0.998499	1401.7102	0.08126759	0.9767234	0.0
SPIKE	S88:T>G	1	517485	1.9324232E-6	7.677214	40.0	TRUE	T	5.9660006E-6	38.0	2.760692E-4	0.9998091	1401.7102	0.08126759	0.9767234	0.0
SPIKE	S88:T>C	17	517485	3.2851192E-5	2.0086997	38.47059	TRUE	T	3.191796E-4	1908.0	3.6967988E-4	0.98983824	2290.1052	0.08659945	0.97151726	0.0
SPIKE	S88:T>A	0	517485	0.0	9999.0	0.0	TRUE	T	5.6377346E-5	248.0	4.5651497E-4	0.99819756	371.58072	0.11769256	0.9785453	0.0
SPIKE	S89:A>G	70	517485	1.3526963E-4	280.48038	38.6	TRUE	A	2.23325E-4	1449.0	3.5899927E-4	0.9928791	2724.3972	0.07978526	0.9760703	0.0
SPIKE	S89:A>T	2	517485	3.8648463E-6	1.6804069	35.5	TRUE	A	5.0650204E-5	207.0	4.495314E-4	0.9983805	406.10916	0.12667878	0.9719764	0.0
SPIKE	S89:A>C	2	517485	3.8648463E-6	14.47714	38.0	TRUE	A	6.969541E-6	33.0	3.9599594E-4	0.999777	526.2232	0.1093352	0.96818846	0.0
SPIKE	S90:T>G	1	517485	1.9324232E-6	6.2177296	40.0	TRUE	T	8.478E-6	54.0	2.760692E-4	0.99972874	1401.7102	0.08126759	0.9767234	0.0
SPIKE	S90:T>A	1	517485	1.9324232E-6	2.1328561	38.0	TRUE	T	2.5915393E-5	114.0	4.5651497E-4	0.9991711	371.58072	0.11769256	0.9785453	0.0
SPIKE	S90:T>C	10	517485	1.9324232E-5	0.17026486	37.9	TRUE	T	2.9124302E-4	1741.0	3.6967988E-4	0.9907235	2290.1052	0.08659945	0.97151726	0.0
SPIKE	S91:C>A	172	517485	3.3237677E-4	Infinity	38.610466	TRUE	C	4.077477E-6	17.0	4.6468986E-4	0.9998695	291.59158	0.124177314	0.9734427	0.0
SPIKE	S91:C>T	40	517485	7.729693E-5	118.4496	39.1	TRUE	C	1.7836888E-4	965.0	4.159117E-4	0.9943085	1254.6973	0.0956908	0.9763524	0.0
SPIKE	S91:C>G	0	517485	0.0	9999.0	0.0	TRUE	C	3.013829E-6	18.0	3.4258E-4	0.99990356	834.1901	0.086674765	0.97978	0.0
SPIKE	S92:G>A	57	517485	1.1014812E-4	177.83571	38.649124	TRUE	G	2.3889953E-4	1386.0	4.9330626E-4	0.9923844	1022.0091	0.08924094	0.97330546	0.0
SPIKE	S92:G>T	3	517485	5.7972693E-6	28.364359	36.0	TRUE	G	4.6678056E-6	24.0	3.7920865E-4	0.99985063	554.2701	0.10068482	0.9757101	0.0
SPIKE	S92:G>C	1	517485	1.9324232E-6	6.6714063	40.0	TRUE	G	7.592489E-6	46.0	3.3302428E-4	0.99975705	775.8044	0.08544148	0.9797811	0.0
SPIKE	S93:T>G	1	517485	1.9324232E-6	5.6570697	40.0	TRUE	T	9.734001E-6	62.0	2.760692E-4	0.99968857	1401.7102	0.08126759	0.9767234	0.0
SPIKE	S93:T>A	1	517485	1.9324232E-6	0.51949537	40.0	TRUE	T	5.3649408E-5	236.0	4.5651497E-4	0.9982847	371.58072	0.11769256	0.9785453	0.0
SPIKE	S93:T>C	20	517485	3.8648464E-5	2.1851678	38.4	TRUE	T	3.6735766E-4	2196.0	3.6967988E-4	0.9883134	2290.1052	0.08659945	0.97151726	0.0
SPIKE	S94:C>G	1	517485	1.9324232E-6	12.338878	37.0	TRUE	C	2.0092193E-6	12.0	3.4258E-4	0.9999357	834.1901	0.086674765	0.97978	0.0
SPIKE	S94:C>A	134	517485	2.589447E-4	2572.2305	38.66418	TRUE	C	1.0553471E-5	44.0	4.6468986E-4	0.99966234	291.59158	0.124177314	0.9734427	0.0
SPIKE	S94:C>T	47	517485	9.082389E-5	195.11154	37.97872	TRUE	C	1.4787057E-4	800.0	4.159117E-4	0.9952793	1254.6973	0.0956908	0.9763524	0.0
SPIKE	S95:G>A	44	517485	8.502662E-5	190.10123	38.545456	TRUE	G	1.3272197E-4	770.0	4.9330626E-4	0.99576193	1022.0091	0.08924094	0.97330546	0.0
SPIKE	S95:G>T	1	517485	1.9324232E-6	0.033937458	40.0	TRUE	G	1.0780104E-4	7.0	3.7920865E-4	0.9965563	554.2701	0.10068482	0.9757101	1.0
SPIKE	D95-98:GTC>	3	517485	5.7972693E-6	9999.0	39.85971	TRUE		NaN	NaN	NaN	NaN	NaN	NaN	NaN	NaN
SPIKE	S95:G>C	0	517485	0.0	9999.0	0.0	TRUE	G	8.912922E-6	54.0	3.3302428E-4	0.99971485	775.8044	0.08544148	0.9797811	0.0
SPIKE	S96:T>C	24	517485	4.6378154E-5	2.5698497	38.625	TRUE	T	4.2657653E-4	2550.0	3.6967988E-4	0.98644227	2290.1052	0.08659945	0.97151726	0.0
SPIKE	S96:T>A	2	517485	3.8648463E-6	1.4242809	34.5	TRUE	T	5.455872E-5	240.0	4.5651497E-4	0.99825567	371.58072	0.11769256	0.9785453	0.0
SPIKE	S96:T>G	2	517485	3.8648463E-6	9.448292	39.0	TRUE	T	1.3345001E-5	85.0	2.760692E-4	0.99957305	1401.7102	0.08126759	0.9767234	0.0
SPIKE	S97:C>T	35	517485	6.763481E-5	128.67769	38.085712	TRUE	C	1.2772321E-4	691.0	4.159117E-4	0.9959212	1254.6973	0.0956908	0.9763524	0.0
SPIKE	S97:C>A	94	517485	1.8164777E-4	1878.6189	38.446808	TRUE	C	6.236142E-6	26.0	4.6468986E-4	0.99980044	291.59158	0.124177314	0.9734427	0.0
SPIKE	S97:C>G	3	517485	5.7972693E-6	0.112585634	40.0	TRUE	C	1.3967257E-4	3.0	3.4258E-4	0.99554044	834.1901	0.086674765	0.97978	1.0
SPIKE	S98:A>C	2	517485	3.8648463E-6	9.128687	40.0	TRUE	A	1.3939082E-5	66.0	3.9599594E-4	0.99955404	526.2232	0.1093352	0.96818846	0.0
SPIKE	S98:A>G	97	517485	1.8744505E-4	292.20975	38.494846	TRUE	A	4.0719437E-4	2642.0	3.5899927E-4	0.9870543	2724.3972	0.07978526	0.9760703	0.0
SPIKE	D98-101:ATC>	6	517485	1.1594539E-5	9999.0	39.811893	TRUE		NaN	NaN	NaN	NaN	NaN	NaN	NaN	NaN
SPIKE	S98:A>T	0	517485	0.0	9999.0	0.0	TRUE	A	5.6278004E-6	23.0	4.495314E-4	0.99981993	406.10916	0.12667878	0.9719764	0.0
SPIKE	S99:T>C	26	517485	5.0243E-5	9.140911	38.307693	TRUE	T	3.5430945E-4	2118.0	3.6967988E-4	0.98872614	2290.1052	0.08659945	0.97151726	0.0
SPIKE	S99:T>A	2	517485	3.8648463E-6	9.166581	37.0	TRUE	T	1.3867008E-5	61.0	4.5651497E-4	0.99955636	371.58072	0.11769256	0.9785453	0.0
SPIKE	S99:T>G	0	517485	0.0	9999.0	0.0	TRUE	T	6.7510005E-6	43.0	2.760692E-4	0.999784	1401.7102	0.08126759	0.9767234	0.0
SPIKE	S100:C>T	50	517485	9.662116E-5	185.83434	38.18	TRUE	C	1.7725985E-4	959.0	4.159117E-4	0.99434376	1254.6973	0.0956908	0.9763524	0.0
SPIKE	S100:C>A	72	517485	1.3913447E-4	1110.3555	38.52778	TRUE	C	1.3911393E-5	58.0	4.6468986E-4	0.99955493	291.59158	0.124177314	0.9734427	0.0
SPIKE	S100:C>G	2	517485	3.8648463E-6	21.398186	39.0	TRUE	C	3.013829E-6	18.0	3.4258E-4	0.99990356	834.1901	0.086674765	0.97978	0.0
SPIKE	S101:G>T	3	517485	5.7972693E-6	38.203575	37.0	TRUE	G	2.139411E-6	11.0	3.7920865E-4	0.9999315	554.2701	0.10068482	0.9757101	0.0
SPIKE	S101:G>A	57	517485	1.1014812E-4	285.44263	38.19298	TRUE	G	1.3978897E-4	811.0	4.9330626E-4	0.99553674	1022.0091	0.08924094	0.97330546	0.0
SPIKE	S101:G>C	0	517485	0.0	9999.0	0.0	TRUE	G	3.6311903E-6	22.0	3.3302428E-4	0.99988383	775.8044	0.08544148	0.9797811	0.0
SPIKE	S102:T>C	23	517485	4.4445733E-5	3.4590333	37.826088	TRUE	T	3.8776643E-4	2318.0	3.6967988E-4	0.98766816	2290.1052	0.08659945	0.97151726	0.0
SPIKE	S102:T>A	5	517485	9.662116E-6	18.693542	38.4	TRUE	T	2.6824704E-5	118.0	4.5651497E-4	0.999142	371.58072	0.11769256	0.9785453	0.0
SPIKE	S102:T>G	3	517485	5.7972693E-6	15.429259	36.666668	TRUE	T	1.3816001E-5	88.0	2.760692E-4	0.999558	1401.7102	0.08126759	0.9767234	0.0
SPIKE	S103:G>T	1	517485	1.9324232E-6	0.033937458	40.0	TRUE	G	1.0780104E-4	6.0	3.7920865E-4	0.9965563	554.2701	0.10068482	0.9757101	1.0
SPIKE	S103:G>A	37	517485	7.149966E-5	195.088	38.432434	TRUE	G	8.738966E-5	507.0	4.9330626E-4	0.99720746	1022.0091	0.08924094	0.97330546	0.0
SPIKE	S103:G>C	0	517485	0.0	9999.0	0.0	TRUE	G	1.6505411E-6	10.0	3.3302428E-4	0.9999472	775.8044	0.08544148	0.9797811	0.0
SPIKE	S104:G>A	34	517485	6.5702385E-5	160.58067	38.205883	TRUE	G	9.3939576E-5	545.0	4.9330626E-4	0.9969984	1022.0091	0.08924094	0.97330546	0.0
SPIKE	S104:G>C	0	517485	0.0	9999.0	0.0	TRUE	G	7.592489E-6	46.0	3.3302428E-4	0.99975705	775.8044	0.08544148	0.9797811	0.0
SPIKE	S104:G>T	0	517485	0.0	9999.0	0.0	TRUE	G	2.7228866E-6	14.0	3.7920865E-4	0.99991286	554.2701	0.10068482	0.9757101	0.0
SPIKE	S105:C>T	54	517485	1.0435085E-4	144.46582	38.38889	TRUE	C	2.572948E-4	1392.0	4.159117E-4	0.99180037	1254.6973	0.0956908	0.9763524	0.0
SPIKE	S105:C>A	13	517485	2.51215E-5	119.70143	38.076923	TRUE	C	1.2951987E-5	54.0	4.6468986E-4	0.9995856	291.59158	0.124177314	0.9734427	0.0
SPIKE	S105:C>G	2	517485	3.8648463E-6	15.212128	38.5	TRUE	C	6.362528E-6	38.0	3.4258E-4	0.9997964	834.1901	0.086674765	0.97978	0.0
SPIKE	D105-106:C>	2	517485	3.8648463E-6	9999.0	39.85037	TRUE		NaN	NaN	NaN	NaN	NaN	NaN	NaN	NaN
SPIKE	D105-107:CG>	2	517485	3.8648463E-6	9999.0	39.85037	TRUE		NaN	NaN	NaN	NaN	NaN	NaN	NaN	NaN
SPIKE	S106:G>T	5	517485	9.662116E-6	35.19116	36.8	TRUE	G	1.1086038E-5	57.0	3.7920865E-4	0.9996453	554.2701	0.10068482	0.9757101	0.0
SPIKE	S106:G>A	69	517485	1.3333719E-4	255.35696	37.985508	TRUE	G	2.4045083E-4	1395.0	4.9330626E-4	0.9923351	1022.0091	0.08924094	0.97330546	0.0
SPIKE	S106:G>C	0	517485	0.0	9999.0	0.0	TRUE	G	2.6408657E-6	16.0	3.3302428E-4	0.9999155	775.8044	0.08544148	0.9797811	0.0
SPIKE	S107:G>C	1	517485	1.9324232E-6	9.415906	38.0	TRUE	G	3.9612987E-6	24.0	3.3302428E-4	0.9998732	775.8044	0.08544148	0.9797811	0.0
SPIKE	S107:G>A	46	517485	8.8891466E-5	202.30103	38.282608	TRUE	G	1.3530746E-4	785.0	4.9330626E-4	0.9956795	1022.0091	0.08924094	0.97330546	0.0
SPIKE	S107:G>T	0	517485	0.0	9999.0	0.0	TRUE	G	2.5283946E-6	13.0	3.7920865E-4	0.9999191	554.2701	0.10068482	0.9757101	0.0
SPIKE	S108:C>T	63	517485	1.2174266E-4	286.54822	38.349205	TRUE	C	1.7393276E-4	941.0	4.159117E-4	0.9944496	1254.6973	0.0956908	0.9763524	0.0
SPIKE	S108:C>A	3	517485	5.7972693E-6	33.42129	39.333332	TRUE	C	3.118071E-6	13.0	4.6468986E-4	0.9999002	291.59158	0.124177314	0.9734427	0.0
SPIKE	S108:C>G	0	517485	0.0	9999.0	0.0	TRUE	C	2.1766543E-6	13.0	3.4258E-4	0.9999303	834.1901	0.086674765	0.97978	0.0
SPIKE	S109:A>C	7	517485	1.3526962E-5	55.181377	39.714287	TRUE	A	1.1193505E-5	53.0	3.9599594E-4	0.9996419	526.2232	0.1093352	0.96818846	0.0
SPIKE	S109:A>T	4	517485	7.729693E-6	24.899544	37.5	TRUE	A	1.1989661E-5	49.0	4.495314E-4	0.9996164	406.10916	0.12667878	0.9719764	0.0
SPIKE	S109:A>G	116	517485	2.241611E-4	361.4174	38.077587	TRUE	A	4.6838142E-4	3039.0	3.5899927E-4	0.9851236	2724.3972	0.07978526	0.9760703	0.0
SPIKE	S110:G>A	35	517485	6.763481E-5	138.14557	38.685715	TRUE	G	1.182432E-4	686.0	4.9330626E-4	0.9962234	1022.0091	0.08924094	0.97330546	0.0
SPIKE	S110:G>C	0	517485	0.0	9999.0	0.0	TRUE	G	1.280497E-4	8.0	3.3302428E-4	0.99591076	775.8044	0.08544148	0.9797811	1.0
SPIKE	S110:G>T	0	517485	0.0	9999.0	0.0	TRUE	G	3.3063623E-6	17.0	3.7920865E-4	0.9998942	554.2701	0.10068482	0.9757101	0.0
SPIKE	S111:C>T	65	517485	1.256075E-4	333.46463	37.93846	TRUE	C	1.5304604E-4	828.0	4.159117E-4	0.9951145	1254.6973	0.0956908	0.9763524	0.0
SPIKE	S111:C>A	15	517485	2.8986347E-5	231.35701	38.2	TRUE	C	3.3579224E-6	14.0	4.6468986E-4	0.99989253	291.59158	0.124177314	0.9734427	0.0
SPIKE	S111:C>G	0	517485	0.0	9999.0	0.0	TRUE	C	5.860223E-6	35.0	3.4258E-4	0.9998125	834.1901	0.086674765	0.97978	0.0
SPIKE	S112:G>A	45	517479	8.696005E-5	227.96704	38.044445	TRUE	G	1.1048801E-4	641.0	4.9330626E-4	0.99647063	1021.9972	0.08924094	0.97330546	0.0
SPIKE	S112:G>C	0	517479	0.0	9999.0	0.0	TRUE	G	1.8156162E-6	11.0	3.3302428E-4	0.9999419	775.7954	0.08544148	0.9797811	0.0
SPIKE	S112:G>T	0	517479	0.0	9999.0	0.0	TRUE	G	1.0780104E-4	5.0	3.7920865E-4	0.9965563	554.2637	0.10068482	0.9757101	1.0
SPIKE	D113-115:TG>	1	517479	1.9324455E-6	9999.0	39.74035	TRUE		NaN	NaN	NaN	NaN	NaN	NaN	NaN	NaN
SPIKE	S113:T>C	27	517479	5.217603E-5	0.042370602	38.37037	TRUE	T	7.09129E-4	4239.0	3.6967988E-4	0.9775634	2290.0786	0.08659945	0.97151726	0.0
SPIKE	S113:T>G	1	517479	1.9324455E-6	2.116125	40.0	TRUE	T	2.6062304E-5	166.0	2.760692E-4	0.99916637	1401.694	0.08126759	0.9767234	0.0
SPIKE	S113:T>A	0	517479	0.0	9999.0	0.0	TRUE	T	3.4326928E-5	151.0	4.5651497E-4	0.99890214	371.57642	0.11769256	0.9785453	0.0
SPIKE	S114:G>A	37	517479	7.1500486E-5	191.05652	38.48649	TRUE	G	8.9976194E-5	522.0	4.9330626E-4	0.9971249	1021.9972	0.08924094	0.97330546	0.0
SPIKE	S114:G>C	0	517479	0.0	9999.0	0.0	TRUE	G	2.1457283E-6	13.0	3.3302428E-4	0.99993134	775.7954	0.08544148	0.9797811	0.0
SPIKE	S114:G>T	0	517479	0.0	9999.0	0.0	TRUE	G	3.3064007E-6	17.0	3.7920865E-4	0.9998942	554.2637	0.10068482	0.9757101	0.0
SPIKE	S115:A>T	17	517479	3.2851574E-5	89.97965	38.235294	TRUE	A	4.3310094E-5	177.0	4.495314E-4	0.998615	406.10443	0.12667878	0.9719764	0.0
SPIKE	S115:A>C	5	517479	9.662228E-6	28.002195	39.4	TRUE	A	1.605125E-5	76.0	3.9599594E-4	0.9994865	526.2171	0.1093352	0.96818846	0.0
SPIKE	S115:A>G	119	517479	2.2996102E-4	452.12134	38.37815	TRUE	A	3.9301958E-4	2550.0	3.5899927E-4	0.98750216	2724.3655	0.07978526	0.9760703	0.0
SPIKE	S116:C>T	28	517479	5.4108477E-5	143.94444	37.035713	TRUE	C	6.9684815E-5	377.0	4.159117E-4	0.9977726	1254.6827	0.0956908	0.9763524	0.0
SPIKE	S116:C>A	3	517479	5.7973366E-6	1.6986458	38.666668	TRUE	C	6.993871E-5	6.0	4.6468986E-4	0.99776447	291.5882	0.124177314	0.9734427	1.0
SPIKE	D116-117:C>	1	517479	1.9324455E-6	9999.0	39.95683	TRUE		NaN	NaN	NaN	NaN	NaN	NaN	NaN	NaN
SPIKE	S116:C>G	0	517479	0.0	9999.0	0.0	TRUE	C	1.3967257E-4	4.0	3.4258E-4	0.99554044	834.1804	0.086674765	0.97978	1.0
SPIKE	S117:C>T	51	517479	9.855472E-5	243.01974	38.35294	TRUE	C	1.3456379E-4	728.0	4.159117E-4	0.9957032	1254.6827	0.0956908	0.9763524	0.0
SPIKE	S117:C>G	1	517479	1.9324455E-6	0.0064769206	40.0	TRUE	C	1.3967257E-4	9.0	3.4258E-4	0.99554044	834.1804	0.086674765	0.97978	1.0
SPIKE	S117:C>A	14	517479	2.7054239E-5	121.72595	38.5	TRUE	C	1.5590535E-5	65.0	4.6468986E-4	0.9995012	291.5882	0.124177314	0.9734427	0.0
SPIKE	S118:T>C	15	517479	2.8986684E-5	1.2930596	39.2	TRUE	T	3.0680408E-4	1834.0	3.6967988E-4	0.9902303	2290.0786	0.08659945	0.97151726	0.0
SPIKE	S118:T>G	2	517479	3.864891E-6	9.535607	39.0	TRUE	T	1.3188153E-5	84.0	2.760692E-4	0.99957806	1401.694	0.08126759	0.9767234	0.0
SPIKE	S118:T>A	1	517479	1.9324455E-6	0.34184253	38.0	TRUE	T	6.206126E-5	273.0	4.5651497E-4	0.998016	371.57642	0.11769256	0.9785453	0.0
SPIKE	D118-119:T>	1	517479	1.9324455E-6	9999.0	39.807674	TRUE		NaN	NaN	NaN	NaN	NaN	NaN	NaN	NaN
SPIKE	S119:A>T	9	517479	1.739201E-5	28.953684	39.555557	TRUE	A	4.6735753E-5	191.0	4.495314E-4	0.9985056	406.10443	0.12667878	0.9719764	0.0
SPIKE	S119:A>C	4	517479	7.729782E-6	25.969807	38.25	TRUE	A	1.1193635E-5	53.0	3.9599594E-4	0.9996419	526.2171	0.1093352	0.96818846	0.0
SPIKE	S119:A>G	67	517479	1.2947385E-4	231.25772	38.313435	TRUE	A	2.5153253E-4	1632.0	3.5899927E-4	0.9919833	2724.3655	0.07978526	0.9760703	0.0
SPIKE	S120:T>C	17	517479	3.2851574E-5	0.0269289	37.941177	TRUE	T	5.115632E-4	3058.0	3.6967988E-4	0.9837632	2290.0786	0.08659945	0.97151726	0.0
SPIKE	S120:T>A	0	517479	0.0	9999.0	0.0	TRUE	T	1.2275855E-5	54.0	4.5651497E-4	0.99960726	371.57642	0.11769256	0.9785453	0.0
SPIKE	S120:T>G	0	517479	0.0	9999.0	0.0	TRUE	T	1.7741208E-5	113.0	2.760692E-4	0.99943244	1401.694	0.08126759	0.9767234	0.0
SPIKE	S121:G>T	3	517479	5.7973366E-6	23.053534	38.0	TRUE	G	7.1962836E-6	37.0	3.7920865E-4	0.99976975	554.2637	0.10068482	0.9757101	0.0
SPIKE	S121:G>C	1	517479	1.9324455E-6	12.777287	40.0	TRUE	G	1.8156162E-6	11.0	3.3302428E-4	0.9999419	775.7954	0.08544148	0.9797811	0.0
SPIKE	S121:G>A	40	517479	7.7297824E-5	168.40378	37.55	TRUE	G	1.2548405E-4	728.0	4.9330626E-4	0.99599254	1021.9972	0.08924094	0.97330546	0.0
SPIKE	S122:T>C	18	517479	3.478402E-5	0.1142567	36.0	TRUE	T	4.7760396E-4	2855.0	3.6967988E-4	0.9848329	2290.0786	0.08659945	0.97151726	0.0
SPIKE	S122:T>A	2	517479	3.864891E-6	2.6458554	36.5	TRUE	T	4.0010193E-5	176.0	4.5651497E-4	0.99872047	371.57642	0.11769256	0.9785453	0.0
SPIKE	S122:T>G	0	517479	0.0	9999.0	0.0	TRUE	T	2.0881243E-5	133.0	2.760692E-4	0.999332	1401.694	0.08126759	0.9767234	0.0
SPIKE	S123:G>A	36	517479	6.956804E-5	196.12936	37.916668	TRUE	G	8.1357786E-5	472.0	4.9330626E-4	0.9973999	1021.9972	0.08924094	0.97330546	0.0
SPIKE	S123:G>C	0	517479	0.0	9999.0	0.0	TRUE	G	1.280497E-4	6.0	3.3302428E-4	0.99591076	775.7954	0.08544148	0.9797811	1.0
SPIKE	S123:G>T	0	517479	0.0	9999.0	0.0	TRUE	G	5.6403305E-6	29.0	3.7920865E-4	0.9998195	554.2637	0.10068482	0.9757101	0.0
SPIKE	D124-126:TG>	4	517479	7.729782E-6	9999.0	39.241177	TRUE		NaN	NaN	NaN	NaN	NaN	NaN	NaN	NaN
SPIKE	S124:T>C	32	517479	6.1838255E-5	0.8336603	37.71875	TRUE	T	6.49073E-4	3880.0	3.6967988E-4	0.9794439	2290.0786	0.08659945	0.97151726	0.0
SPIKE	S124:T>G	1	517479	1.9324455E-6	3.4987998	38.0	TRUE	T	1.71132E-5	109.0	2.760692E-4	0.99945253	1401.694	0.08126759	0.9767234	0.0
SPIKE	S124:T>A	2	517479	3.864891E-6	6.912265	36.0	TRUE	T	1.9095774E-5	84.0	4.5651497E-4	0.9993891	371.57642	0.11769256	0.9785453	0.0
SPIKE	S125:G>A	60	517479	1.15946736E-4	358.71027	38.116665	TRUE	G	1.13590635E-4	659.0	4.9330626E-4	0.9963717	1021.9972	0.08924094	0.97330546	0.0
SPIKE	S125:G>C	0	517479	0.0	9999.0	0.0	TRUE	G	6.2721288E-6	38.0	3.3302428E-4	0.9997993	775.7954	0.08544148	0.9797811	0.0
SPIKE	S125:G>T	0	517479	0.0	9999.0	0.0	TRUE	G	3.1119064E-6	16.0	3.7920865E-4	0.9999004	554.2637	0.10068482	0.9757101	0.0
SPIKE	S126:C>T	58	517479	1.1208184E-4	256.8625	37.13793	TRUE	C	1.6635633E-4	900.0	4.159117E-4	0.9946907	1254.6827	0.0956908	0.9763524	0.0
SPIKE	S126:C>G	1	517479	1.9324455E-6	0.7982339	38.0	TRUE	C	4.5040524E-5	269.0	3.4258E-4	0.9985597	834.1804	0.086674765	0.97978	0.0
SPIKE	S126:C>A	11	517479	2.1256901E-5	117.704956	38.909092	TRUE	C	7.915195E-6	33.0	4.6468986E-4	0.99974674	291.5882	0.124177314	0.9734427	0.0
SPIKE	D126-127:C>	1	517479	1.9324455E-6	9999.0	39.375774	TRUE		NaN	NaN	NaN	NaN	NaN	NaN	NaN	NaN
SPIKE	D126-128:CG>	3	517479	5.7973366E-6	9999.0	39.375774	TRUE		NaN	NaN	NaN	NaN	NaN	NaN	NaN	NaN
SPIKE	S127:G>A	45	517479	8.696005E-5	176.4508	38.044445	TRUE	G	1.51684E-4	880.0	4.9330626E-4	0.9951579	1021.9972	0.08924094	0.97330546	0.0
SPIKE	S127:G>C	0	517479	0.0	9999.0	0.0	TRUE	G	2.5913794E-5	157.0	3.3302428E-4	0.9991711	775.7954	0.08544148	0.9797811	0.0
SPIKE	S127:G>T	0	517479	0.0	9999.0	0.0	TRUE	G	4.6678597E-6	24.0	3.7920865E-4	0.99985063	554.2637	0.10068482	0.9757101	0.0
SPIKE	S128:G>A	45	517479	8.696005E-5	194.22673	37.955555	TRUE	G	1.3565377E-4	787.0	4.9330626E-4	0.9956685	1021.9972	0.08924094	0.97330546	0.0
SPIKE	S128:G>C	0	517479	0.0	9999.0	0.0	TRUE	G	1.4194818E-5	86.0	3.3302428E-4	0.9995459	775.7954	0.08544148	0.9797811	0.0
SPIKE	S128:G>T	0	517479	0.0	9999.0	0.0	TRUE	G	5.4458365E-6	28.0	3.7920865E-4	0.9998258	554.2637	0.10068482	0.9757101	0.0
SPIKE	S129:C>A	13	517479	2.5121792E-5	111.46673	37.46154	TRUE	C	1.5110826E-5	63.0	4.6468986E-4	0.99951655	291.5882	0.124177314	0.9734427	0.0
SPIKE	S129:C>T	50	517479	9.662228E-5	181.2405	35.8	TRUE	C	1.8206776E-4	985.0	4.159117E-4	0.99419075	1254.6827	0.0956908	0.9763524	0.0
SPIKE	S129:C>G	0	517479	0.0	9999.0	0.0	TRUE	C	3.6501242E-5	218.0	3.4258E-4	0.99883264	834.1804	0.086674765	0.97978	0.0
SPIKE	D130-133:GGC>	20	517479	3.8648912E-5	9999.0	39.336304	TRUE		NaN	NaN	NaN	NaN	NaN	NaN	NaN	NaN
SPIKE	S130:G>A	67	517479	1.2947385E-4	155.51704	37.53731	TRUE	G	3.5404426E-4	2054.0	4.9330626E-4	0.98873454	1021.9972	0.08924094	0.97330546	0.0
SPIKE	S130:G>T	3	517479	5.7973366E-6	20.446337	40.0	TRUE	G	8.946731E-6	46.0	3.7920865E-4	0.9997137	554.2637	0.10068482	0.9757101	0.0
SPIKE	D130-131:G>	1	517479	1.9324455E-6	9999.0	39.336304	TRUE		NaN	NaN	NaN	NaN	NaN	NaN	NaN	NaN
SPIKE	S130:G>C	0	517479	0.0	9999.0	0.0	TRUE	G	2.4758403E-5	150.0	3.3302428E-4	0.99920803	775.7954	0.08544148	0.9797811	0.0
SPIKE	S131:G>A	39	517479	7.536538E-5	127.14538	38.410255	TRUE	G	1.5926821E-4	924.0	4.9330626E-4	0.9949164	1021.9972	0.08924094	0.97330546	0.0
SPIKE	S131:G>C	0	517479	0.0	9999.0	0.0	TRUE	G	6.536218E-5	396.0	3.3302428E-4	0.9979106	775.7954	0.08544148	0.9797811	0.0
SPIKE	S131:G>T	0	517479	0.0	9999.0	0.0	TRUE	G	5.4458365E-6	28.0	3.7920865E-4	0.9998258	554.2637	0.10068482	0.9757101	0.0
SPIKE	S132:C>A	6	517479	1.1594673E-5	36.938473	38.833332	TRUE	C	1.5590535E-5	65.0	4.6468986E-4	0.9995012	291.5882	0.124177314	0.9734427	0.0
SPIKE	S132:C>G	1	517479	1.9324455E-6	2.0171661	37.0	TRUE	C	2.695734E-5	161.0	3.4258E-4	0.99913776	834.1804	0.086674765	0.97978	0.0
SPIKE	S132:C>T	46	517479	8.88925E-5	219.88475	34.695652	TRUE	C	1.218098E-4	659.0	4.159117E-4	0.99610966	1254.6827	0.0956908	0.9763524	0.0
SPIKE	S133:A>G	0	517479	0.0	9999.0	0.0	TRUE	A	1.0249334E-4	665.0	3.5899927E-4	0.99672556	2724.3655	0.07978526	0.9760703	0.0
SPIKE	S133:A>C	0	517479	0.0	9999.0	0.0	TRUE	A	1.932486E-4	915.0	3.9599594E-4	0.99383515	526.2171	0.1093352	0.96818846	0.0
SPIKE	S133:A>T	0	517479	0.0	9999.0	0.0	TRUE	A	9.9369616E-5	4.0	4.495314E-4	0.9968252	406.10443	0.12667878	0.9719764	1.0
SPIKE	S134:G>A	0	517479	0.0	9999.0	0.0	TRUE	G	3.0871143E-4	1791.0	4.9330626E-4	0.9901699	1021.9972	0.08924094	0.97330546	0.0
SPIKE	S134:G>C	0	517479	0.0	9999.0	0.0	TRUE	G	4.0933894E-5	248.0	3.3302428E-4	0.99869096	775.7954	0.08544148	0.9797811	0.0
SPIKE	S134:G>T	0	517479	0.0	9999.0	0.0	TRUE	G	1.3809085E-4	710.0	3.7920865E-4	0.99559087	554.2637	0.10068482	0.9757101	0.0
SPIKE	S135:C>A	0	517478	0.0	9999.0	0.0	TRUE	C	1.7269549E-5	72.0	4.6468986E-4	0.9994475	291.58762	0.124177314	0.9734427	0.0
SPIKE	S135:C>G	0	517478	0.0	9999.0	0.0	TRUE	C	1.2189429E-4	728.0	3.4258E-4	0.996107	834.17883	0.086674765	0.97978	0.0
SPIKE	S135:C>T	0	517478	0.0	9999.0	0.0	TRUE	C	1.2680073E-4	686.0	4.159117E-4	0.9959506	1254.6803	0.0956908	0.9763524	0.0
SPIKE	S136:C>A	0	517478	0.0	9999.0	0.0	TRUE	C	1.7917158E-4	747.0	4.6468986E-4	0.9942829	291.58762	0.124177314	0.9734427	0.0
SPIKE	S136:C>G	0	517478	0.0	9999.0	0.0	TRUE	C	2.528302E-5	151.0	3.4258E-4	0.9991913	834.17883	0.086674765	0.97978	0.0
SPIKE	S136:C>T	0	517478	0.0	9999.0	0.0	TRUE	C	3.1348987E-4	1696.0	4.159117E-4	0.9900185	1254.6803	0.0956908	0.9763524	0.0
SPIKE	S137:T>A	0	517478	0.0	9999.0	0.0	TRUE	T	4.1601586E-5	183.0	4.5651497E-4	0.9986696	371.5757	0.11769256	0.9785453	0.0
SPIKE	S137:T>G	0	517478	0.0	9999.0	0.0	TRUE	T	1.5778714E-4	1005.0	2.760692E-4	0.9949635	1401.6913	0.08126759	0.9767234	0.0
SPIKE	S137:T>C	0	517478	0.0	9999.0	0.0	TRUE	T	7.862497E-5	470.0	3.6967988E-4	0.9974872	2290.0742	0.08659945	0.97151726	0.0
SPIKE	S138:G>A	0	517478	0.0	9999.0	0.0	TRUE	G	4.1265023E-4	2394.0	4.9330626E-4	0.986882	1021.99524	0.08924094	0.97330546	0.0
SPIKE	S138:G>C	0	517478	0.0	9999.0	0.0	TRUE	G	5.2818027E-6	32.0	3.3302428E-4	0.999831	775.7939	0.08544148	0.9797811	0.0
SPIKE	S138:G>T	0	517478	0.0	9999.0	0.0	TRUE	G	2.3669984E-4	1217.0	3.7920865E-4	0.99245423	554.2626	0.10068482	0.9757101	0.0
SPIKE	S139:A>G	0	517478	0.0	9999.0	0.0	TRUE	A	8.3998464E-5	545.0	3.5899927E-4	0.99731565	2724.3604	0.07978526	0.9760703	0.0
SPIKE	S139:A>C	0	517478	0.0	9999.0	0.0	TRUE	A	5.702429E-6	27.0	3.9599594E-4	0.99981755	526.21606	0.1093352	0.96818846	0.0
SPIKE	S139:A>T	0	517478	0.0	9999.0	0.0	TRUE	A	6.516102E-4	2663.0	4.495314E-4	0.97936434	406.10367	0.12667878	0.9719764	0.0
SPIKE	S140:T>A	0	517478	0.0	9999.0	0.0	TRUE	T	1.0889159E-4	479.0	4.5651497E-4	0.99652153	371.5757	0.11769256	0.9785453	0.0
SPIKE	S140:T>G	0	517478	0.0	9999.0	0.0	TRUE	T	1.3863288E-4	883.0	2.760692E-4	0.9955736	1401.6913	0.08126759	0.9767234	0.0
SPIKE	S140:T>C	0	517478	0.0	9999.0	0.0	TRUE	T	4.8680566E-5	291.0	3.6967988E-4	0.9984434	2290.0742	0.08659945	0.97151726	0.0
SPIKE	S141:T>A	0	517478	0.0	9999.0	0.0	TRUE	T	9.620651E-4	4232.0	4.5651497E-4	0.969683	371.5757	0.11769256	0.9785453	0.0
SPIKE	S141:T>G	0	517478	0.0	9999.0	0.0	TRUE	T	6.62549E-5	422.0	2.760692E-4	0.99788207	1401.6913	0.08126759	0.9767234	0.0
SPIKE	S141:T>C	0	517478	0.0	9999.0	0.0	TRUE	T	2.5528023E-4	1526.0	3.6967988E-4	0.9918643	2290.0742	0.08659945	0.97151726	0.0
SPIKE	S142:A>G	0	517478	0.0	9999.0	0.0	TRUE	A	0.0010366489	6726.0	3.5899927E-4	0.9673714	2724.3604	0.07978526	0.9760703	0.0
SPIKE	S142:A>C	0	517478	0.0	9999.0	0.0	TRUE	A	3.2398244E-4	1534.0	3.9599594E-4	0.98968613	526.21606	0.1093352	0.96818846	0.0
SPIKE	S142:A>T	0	517478	0.0	9999.0	0.0	TRUE	A	9.885487E-5	404.0	4.495314E-4	0.99684167	406.10367	0.12667878	0.9719764	0.0
SPIKE	S143:G>A	0	517478	0.0	9999.0	0.0	TRUE	G	1.6288825E-4	945.0	4.9330626E-4	0.99480116	1021.99524	0.08924094	0.97330546	0.0
SPIKE	S143:G>C	0	517478	0.0	9999.0	0.0	TRUE	G	0.001646437	9975.0	3.3302428E-4	0.94867784	775.7939	0.08544148	0.9797811	0.0
SPIKE	S143:G>T	0	517478	0.0	9999.0	0.0	TRUE	G	1.2836639E-5	66.0	3.7920865E-4	0.9995893	554.2626	0.10068482	0.9757101	0.0
SPIKE	S144:C>A	0	517478	0.0	9999.0	0.0	TRUE	C	3.8376775E-6	16.0	4.6468986E-4	0.9998772	291.58762	0.124177314	0.9734427	0.0
SPIKE	S144:C>G	0	517478	0.0	9999.0	0.0	TRUE	C	2.9820568E-4	1781.0	3.4258E-4	0.9905028	834.17883	0.086674765	0.97978	0.0
SPIKE	S144:C>T	0	517478	0.0	9999.0	0.0	TRUE	C	9.3159724E-5	504.0	4.159117E-4	0.99702334	1254.6803	0.0956908	0.9763524	0.0
SPIKE	S145:C>A	0	517478	0.0	9999.0	0.0	TRUE	C	1.0553614E-5	44.0	4.6468986E-4	0.99966234	291.58762	0.124177314	0.9734427	0.0
SPIKE	S145:C>G	0	517478	0.0	9999.0	0.0	TRUE	C	1.1536424E-4	689.0	3.4258E-4	0.9963151	834.17883	0.086674765	0.97978	0.0
SPIKE	S145:C>T	0	517478	0.0	9999.0	0.0	TRUE	C	2.7448847E-4	1485.0	4.159117E-4	0.9912548	1254.6803	0.0956908	0.9763524	0.0
SPIKE	S146:C>A	0	517477	0.0	9999.0	0.0	TRUE	C	3.1181191E-6	13.0	4.6468986E-4	0.9999002	291.58707	0.124177314	0.9734427	0.0
SPIKE	S146:C>G	0	517477	0.0	9999.0	0.0	TRUE	C	0.0019993717	11941.0	3.4258E-4	0.93802387	834.1772	0.086674765	0.97978	0.0
SPIKE	S146:C>T	0	517477	0.0	9999.0	0.0	TRUE	C	2.6155013E-4	1415.0	4.159117E-4	0.9916653	1254.6779	0.0956908	0.9763524	0.0
SPIKE	S147:G>A	0	517477	0.0	9999.0	0.0	TRUE	G	1.8288335E-4	1061.0	4.9330626E-4	0.9941648	1021.9933	0.08924094	0.97330546	0.0
SPIKE	S147:G>C	0	517477	0.0	9999.0	0.0	TRUE	G	4.2436065E-4	2571.0	3.3302428E-4	0.98651224	775.7924	0.08544148	0.9797811	0.0
SPIKE	S147:G>T	0	517477	0.0	9999.0	0.0	TRUE	G	0.0020490037	10535.0	3.7920865E-4	0.93653524	554.26154	0.10068482	0.9757101	0.0
SPIKE	S148:T>A	0	517477	0.0	9999.0	0.0	TRUE	T	4.5466304E-6	20.0	4.5651497E-4	0.9998545	371.57498	0.11769256	0.9785453	0.0
SPIKE	S148:T>G	0	517477	0.0	9999.0	0.0	TRUE	T	0.0024726314	15749.0	2.760692E-4	0.92392516	1401.6885	0.08126759	0.9767234	0.0
SPIKE	S148:T>C	0	517477	0.0	9999.0	0.0	TRUE	T	2.5979747E-4	1553.0	3.6967988E-4	0.9917209	2290.0698	0.08659945	0.97151726	0.0
SPIKE	S149:G>A	0	517477	0.0	9999.0	0.0	TRUE	G	1.1152265E-4	647.0	4.9330626E-4	0.9964376	1021.9933	0.08924094	0.97330546	0.0
SPIKE	S149:G>C	0	517477	0.0	9999.0	0.0	TRUE	G	0.001777	10766.0	3.3302428E-4	0.94472253	775.7924	0.08544148	0.9797811	0.0
SPIKE	S149:G>T	0	517477	0.0	9999.0	0.0	TRUE	G	5.601453E-4	2880.0	3.7920865E-4	0.982235	554.26154	0.10068482	0.9757101	0.0
SPIKE	S150:C>A	0	517463	0.0	9999.0	0.0	TRUE	C	2.8783415E-6	12.0	4.6468986E-4	0.9999079	291.57916	0.124177314	0.9734427	0.0
SPIKE	S150:C>G	0	517463	0.0	9999.0	0.0	TRUE	C	9.3717326E-4	5597.0	3.4258E-4	0.9704557	834.15466	0.086674765	0.97978	0.0
SPIKE	S150:C>T	0	517463	0.0	9999.0	0.0	TRUE	C	0.0025941299	14034.0	4.159117E-4	0.92033994	1254.6439	0.0956908	0.9763524	0.0
SPIKE	S151:T>A	0	517405	0.0	9999.0	0.0	TRUE	T	5.684079E-6	25.0	4.5651497E-4	0.99981815	371.5233	0.11769256	0.9785453	0.0
SPIKE	S151:T>G	0	517405	0.0	9999.0	0.0	TRUE	T	0.0027595449	17574.0	2.760692E-4	0.9154812	1401.4935	0.08126759	0.9767234	0.0
SPIKE	S151:T>C	0	517405	0.0	9999.0	0.0	TRUE	T	4.3400415E-4	2594.0	3.6967988E-4	0.98620784	2289.7512	0.08659945	0.97151726	0.0
SPIKE	S152:G>A	0	517305	0.0	9999.0	0.0	TRUE	G	2.3691355E-4	1374.0	4.9330626E-4	0.99244744	1021.65356	0.08924094	0.97330546	0.0
SPIKE	S152:G>C	0	517305	0.0	9999.0	0.0	TRUE	G	4.623123E-6	28.0	3.3302428E-4	0.99985206	775.53455	0.08544148	0.9797811	0.0
SPIKE	S152:G>T	0	517305	0.0	9999.0	0.0	TRUE	G	3.7511086E-4	1928.0	3.7920865E-4	0.9880682	554.0773	0.10068482	0.9757101	0.0
SPIKE	S153:G>A	0	516713	0.0	9999.0	0.0	TRUE	G	1.2567006E-4	728.0	4.9330626E-4	0.99598664	1020.4844	0.08924094	0.97330546	0.0
SPIKE	S153:G>C	0	516713	0.0	9999.0	0.0	TRUE	G	6.149186E-5	372.0	3.3302428E-4	0.9980342	774.64703	0.08544148	0.9797811	0.0
SPIKE	S153:G>T	0	516713	0.0	9999.0	0.0	TRUE	G	8.180864E-6	42.0	3.7920865E-4	0.9997383	553.44324	0.10068482	0.9757101	0.0
