#pipeline_block
reference	mutation	count	coverage	freq	score	cqs	has.reference	ancestral.allele	error.rate	minor.count.local	minor.fdr	minor.recall	minor.count.global	read.fraction.in.minors	q.filtered.read.fraction	global.est
SPIKE	S0:T>A	0	0	NaN	9999.0	0.0	FALSE	A	3.019164E-5	0.0	1.1490435E-4	0.999517	0.0	0.22391488	0.99365574	1.0
SPIKE	S0:T>G	0	0	NaN	9999.0	0.0	FALSE	A	1.9395241E-4	0.0	1.224949E-5	0.9969016	0.0	0.22773838	0.98782253	1.0
SPIKE	S0:T>C	0	0	NaN	9999.0	0.0	FALSE	A	5.2826075E-5	0.0	5.3364114E-5	0.99915516	0.0	0.26837435	0.97071487	1.0
SPIKE	S1:A>G	0	0	NaN	9999.0	0.0	FALSE	A	6.459442E-5	0.0	8.015167E-5	0.99896705	0.0	0.2471952	0.9771991	1.0
SPIKE	S1:A>C	0	0	NaN	9999.0	0.0	FALSE	A	1.41785795E-5	0.0	1.0613888E-4	0.99977314	0.0	0.2924215	0.9622313	1.0
SPIKE	S1:A>T	0	0	NaN	9999.0	0.0	FALSE	A	2.9259569E-5	0.0	1.06719264E-4	0.999532	0.0	0.24361144	0.9891556	1.0
SPIKE	S2:G>A	0	0	NaN	9999.0	0.0	FALSE	A	3.095922E-5	0.0	1.2460076E-4	0.9995048	0.0	0.23258786	0.9691903	1.0
SPIKE	S2:G>C	0	0	NaN	9999.0	0.0	FALSE	A	1.184227E-4	0.0	2.223541E-5	0.998107	0.0	0.24062736	0.9897853	1.0
SPIKE	S2:G>T	0	0	NaN	9999.0	0.0	FALSE	A	1.1501531E-4	0.0	2.3933948E-5	0.99816144	0.0	0.25270927	0.98726517	1.0
SPIKE	S3:C>A	0	0	NaN	9999.0	0.0	FALSE	A	1.4981091E-5	0.0	1.5119539E-4	0.9997603	0.0	0.22704157	0.96711665	1.0
SPIKE	S3:C>G	0	0	NaN	9999.0	0.0	FALSE	A	1.1960733E-4	0.0	2.4009216E-5	0.9980881	0.0	0.23685291	0.99056315	1.0
SPIKE	S3:C>T	0	0	NaN	9999.0	0.0	FALSE	A	1.6577159E-4	0.0	4.6265766E-5	0.99735117	0.0	0.22944106	0.97426724	1.0
SPIKE	S4:G>A	0	0	NaN	9999.0	0.0	FALSE	A	3.095922E-5	0.0	1.2460076E-4	0.9995048	0.0	0.23258786	0.9691903	1.0
SPIKE	S4:G>C	0	0	NaN	9999.0	0.0	FALSE	A	1.184227E-4	0.0	2.223541E-5	0.998107	0.0	0.24062736	0.9897853	1.0
SPIKE	S4:G>T	0	0	NaN	9999.0	0.0	FALSE	A	1.1501531E-4	0.0	2.3933948E-5	0.99816144	0.0	0.25270927	0.98726517	1.0
SPIKE	S5:T>A	0	0	NaN	9999.0	0.0	FALSE	A	3.019164E-5	0.0	1.1490435E-4	0.999517	0.0	0.22391488	0.99365574	1.0
SPIKE	S5:T>G	0	0	NaN	9999.0	0.0	FALSE	A	1.9395241E-4	0.0	1.224949E-5	0.9969016	0.0	0.22773838	0.98782253	1.0
SPIKE	S5:T>C	0	0	NaN	9999.0	0.0	FALSE	A	5.2826075E-5	0.0	5.3364114E-5	0.99915516	0.0	0.26837435	0.97071487	1.0
SPIKE	S6:G>A	0	0	NaN	9999.0	0.0	FALSE	A	3.095922E-5	0.0	1.2460076E-4	0.9995048	0.0	0.23258786	0.9691903	1.0
SPIKE	S6:G>C	0	0	NaN	9999.0	0.0	FALSE	A	1.184227E-4	0.0	2.223541E-5	0.998107	0.0	0.24062736	0.9897853	1.0
SPIKE	S6:G>T	0	0	NaN	9999.0	0.0	FALSE	A	1.1501531E-4	0.0	2.3933948E-5	0.99816144	0.0	0.25270927	0.98726517	1.0
SPIKE	S7:A>G	0	0	NaN	9999.0	0.0	FALSE	A	6.459442E-5	0.0	8.015167E-5	0.99896705	0.0	0.2471952	0.9771991	1.0
SPIKE	S7:A>C	0	0	NaN	9999.0	0.0	FALSE	A	1.41785795E-5	0.0	1.0613888E-4	0.99977314	0.0	0.2924215	0.9622313	1.0
SPIKE	S7:A>T	0	0	NaN	9999.0	0.0	FALSE	A	2.9259569E-5	0.0	1.06719264E-4	0.999532	0.0	0.24361144	0.9891556	1.0
SPIKE	S8:A>G	0	0	NaN	9999.0	0.0	FALSE	A	6.459442E-5	0.0	8.015167E-5	0.99896705	0.0	0.2471952	0.9771991	1.0
SPIKE	S8:A>C	0	0	NaN	9999.0	0.0	FALSE	A	1.41785795E-5	0.0	1.0613888E-4	0.99977314	0.0	0.2924215	0.9622313	1.0
SPIKE	S8:A>T	0	0	NaN	9999.0	0.0	FALSE	A	2.9259569E-5	0.0	1.06719264E-4	0.999532	0.0	0.24361144	0.9891556	1.0
SPIKE	S9:G>A	0	0	NaN	9999.0	0.0	FALSE	A	3.095922E-5	0.0	1.2460076E-4	0.9995048	0.0	0.23258786	0.9691903	1.0
SPIKE	S9:G>C	0	0	NaN	9999.0	0.0	FALSE	A	1.184227E-4	0.0	2.223541E-5	0.998107	0.0	0.24062736	0.9897853	1.0
SPIKE	S9:G>T	0	0	NaN	9999.0	0.0	FALSE	A	1.1501531E-4	0.0	2.3933948E-5	0.99816144	0.0	0.25270927	0.98726517	1.0
SPIKE	S10:A>G	0	0	NaN	9999.0	0.0	FALSE	A	6.459442E-5	0.0	8.015167E-5	0.99896705	0.0	0.2471952	0.9771991	1.0
SPIKE	S10:A>C	0	0	NaN	9999.0	0.0	FALSE	A	1.41785795E-5	0.0	1.0613888E-4	0.99977314	0.0	0.2924215	0.9622313	1.0
SPIKE	S10:A>T	0	0	NaN	9999.0	0.0	FALSE	A	2.9259569E-5	0.0	1.06719264E-4	0.999532	0.0	0.24361144	0.9891556	1.0
SPIKE	S11:C>A	0	0	NaN	9999.0	0.0	FALSE	A	1.4981091E-5	0.0	1.5119539E-4	0.9997603	0.0	0.22704157	0.96711665	1.0
SPIKE	S11:C>G	0	0	NaN	9999.0	0.0	FALSE	A	1.1960733E-4	0.0	2.4009216E-5	0.9980881	0.0	0.23685291	0.99056315	1.0
SPIKE	S11:C>T	0	0	NaN	9999.0	0.0	FALSE	A	1.6577159E-4	0.0	4.6265766E-5	0.99735117	0.0	0.22944106	0.97426724	1.0
SPIKE	S12:G>A	0	0	NaN	9999.0	0.0	FALSE	A	3.095922E-5	0.0	1.2460076E-4	0.9995048	0.0	0.23258786	0.9691903	1.0
SPIKE	S12:G>C	0	0	NaN	9999.0	0.0	FALSE	A	1.184227E-4	0.0	2.223541E-5	0.998107	0.0	0.24062736	0.9897853	1.0
SPIKE	S12:G>T	0	0	NaN	9999.0	0.0	FALSE	A	1.1501531E-4	0.0	2.3933948E-5	0.99816144	0.0	0.25270927	0.98726517	1.0
SPIKE	S13:A>G	0	0	NaN	9999.0	0.0	FALSE	A	6.459442E-5	0.0	8.015167E-5	0.99896705	0.0	0.2471952	0.9771991	1.0
SPIKE	S13:A>C	0	0	NaN	9999.0	0.0	FALSE	A	1.41785795E-5	0.0	1.0613888E-4	0.99977314	0.0	0.2924215	0.9622313	1.0
SPIKE	S13:A>T	0	0	NaN	9999.0	0.0	FALSE	A	2.9259569E-5	0.0	1.06719264E-4	0.999532	0.0	0.24361144	0.9891556	1.0
SPIKE	S14:C>A	0	0	NaN	9999.0	0.0	FALSE	A	1.4981091E-5	0.0	1.5119539E-4	0.9997603	0.0	0.22704157	0.96711665	1.0
SPIKE	S14:C>G	0	0	NaN	9999.0	0.0	FALSE	A	1.1960733E-4	0.0	2.4009216E-5	0.9980881	0.0	0.23685291	0.99056315	1.0
SPIKE	S14:C>T	0	0	NaN	9999.0	0.0	FALSE	A	1.6577159E-4	0.0	4.6265766E-5	0.99735117	0.0	0.22944106	0.97426724	1.0
SPIKE	S15:A>G	0	0	NaN	9999.0	0.0	FALSE	A	6.459442E-5	0.0	8.015167E-5	0.99896705	0.0	0.2471952	0.9771991	1.0
SPIKE	S15:A>C	0	0	NaN	9999.0	0.0	FALSE	A	1.41785795E-5	0.0	1.0613888E-4	0.99977314	0.0	0.2924215	0.9622313	1.0
SPIKE	S15:A>T	0	0	NaN	9999.0	0.0	FALSE	A	2.9259569E-5	0.0	1.06719264E-4	0.999532	0.0	0.24361144	0.9891556	1.0
SPIKE	S16:G>A	0	0	NaN	9999.0	0.0	FALSE	A	3.095922E-5	0.0	1.2460076E-4	0.9995048	0.0	0.23258786	0.9691903	1.0
SPIKE	S16:G>C	0	0	NaN	9999.0	0.0	FALSE	A	1.184227E-4	0.0	2.223541E-5	0.998107	0.0	0.24062736	0.9897853	1.0
SPIKE	S16:G>T	0	0	NaN	9999.0	0.0	FALSE	A	1.1501531E-4	0.0	2.3933948E-5	0.99816144	0.0	0.25270927	0.98726517	1.0
SPIKE	S17:A>G	0	0	NaN	9999.0	0.0	FALSE	A	6.459442E-5	0.0	8.015167E-5	0.99896705	0.0	0.2471952	0.9771991	1.0
SPIKE	S17:A>C	0	0	NaN	9999.0	0.0	FALSE	A	1.41785795E-5	0.0	1.0613888E-4	0.99977314	0.0	0.2924215	0.9622313	1.0
SPIKE	S17:A>T	0	0	NaN	9999.0	0.0	FALSE	A	2.9259569E-5	0.0	1.06719264E-4	0.999532	0.0	0.24361144	0.9891556	1.0
SPIKE	S18:A>G	0	0	NaN	9999.0	0.0	FALSE	A	6.459442E-5	0.0	8.015167E-5	0.99896705	0.0	0.2471952	0.9771991	1.0
SPIKE	S18:A>C	0	0	NaN	9999.0	0.0	FALSE	A	1.41785795E-5	0.0	1.0613888E-4	0.99977314	0.0	0.2924215	0.9622313	1.0
SPIKE	S18:A>T	0	0	NaN	9999.0	0.0	FALSE	A	2.9259569E-5	0.0	1.06719264E-4	0.999532	0.0	0.24361144	0.9891556	1.0
SPIKE	S19:C>A	0	0	NaN	9999.0	0.0	FALSE	A	1.4981091E-5	0.0	1.5119539E-4	0.9997603	0.0	0.22704157	0.96711665	1.0
SPIKE	S19:C>G	0	0	NaN	9999.0	0.0	FALSE	A	1.1960733E-4	0.0	2.4009216E-5	0.9980881	0.0	0.23685291	0.99056315	1.0
SPIKE	S19:C>T	0	0	NaN	9999.0	0.0	FALSE	A	1.6577159E-4	0.0	4.6265766E-5	0.99735117	0.0	0.22944106	0.97426724	1.0
SPIKE	S20:C>A	0	0	NaN	9999.0	0.0	FALSE	A	1.4981091E-5	0.0	1.5119539E-4	0.9997603	0.0	0.22704157	0.96711665	1.0
SPIKE	S20:C>G	0	0	NaN	9999.0	0.0	FALSE	A	1.1960733E-4	0.0	2.4009216E-5	0.9980881	0.0	0.23685291	0.99056315	1.0
SPIKE	S20:C>T	0	0	NaN	9999.0	0.0	FALSE	A	1.6577159E-4	0.0	4.6265766E-5	0.99735117	0.0	0.22944106	0.97426724	1.0
SPIKE	S21:A>G	0	0	NaN	9999.0	0.0	FALSE	A	6.459442E-5	0.0	8.015167E-5	0.99896705	0.0	0.2471952	0.9771991	1.0
SPIKE	S21:A>C	0	0	NaN	9999.0	0.0	FALSE	A	1.41785795E-5	0.0	1.0613888E-4	0.99977314	0.0	0.2924215	0.9622313	1.0
SPIKE	S21:A>T	0	0	NaN	9999.0	0.0	FALSE	A	2.9259569E-5	0.0	1.06719264E-4	0.999532	0.0	0.24361144	0.9891556	1.0
SPIKE	S22:A>G	0	0	NaN	9999.0	0.0	FALSE	A	6.459442E-5	0.0	8.015167E-5	0.99896705	0.0	0.2471952	0.9771991	1.0
SPIKE	S22:A>C	0	0	NaN	9999.0	0.0	FALSE	A	1.41785795E-5	0.0	1.0613888E-4	0.99977314	0.0	0.2924215	0.9622313	1.0
SPIKE	S22:A>T	0	0	NaN	9999.0	0.0	FALSE	A	2.9259569E-5	0.0	1.06719264E-4	0.999532	0.0	0.24361144	0.9891556	1.0
SPIKE	S23:A>G	0	0	NaN	9999.0	0.0	FALSE	A	6.459442E-5	0.0	8.015167E-5	0.99896705	0.0	0.2471952	0.9771991	1.0
SPIKE	S23:A>C	0	0	NaN	9999.0	0.0	FALSE	A	1.41785795E-5	0.0	1.0613888E-4	0.99977314	0.0	0.2924215	0.9622313	1.0
SPIKE	S23:A>T	0	0	NaN	9999.0	0.0	FALSE	A	2.9259569E-5	0.0	1.06719264E-4	0.999532	0.0	0.24361144	0.9891556	1.0
SPIKE	S24:A>G	0	0	NaN	9999.0	0.0	FALSE	A	6.459442E-5	0.0	8.015167E-5	0.99896705	0.0	0.2471952	0.9771991	1.0
SPIKE	S24:A>C	0	0	NaN	9999.0	0.0	FALSE	A	1.41785795E-5	0.0	1.0613888E-4	0.99977314	0.0	0.2924215	0.9622313	1.0
SPIKE	S24:A>T	0	0	NaN	9999.0	0.0	FALSE	A	2.9259569E-5	0.0	1.06719264E-4	0.999532	0.0	0.24361144	0.9891556	1.0
SPIKE	S25:A>G	0	0	NaN	9999.0	0.0	FALSE	A	6.459442E-5	0.0	8.015167E-5	0.99896705	0.0	0.2471952	0.9771991	1.0
SPIKE	S25:A>C	0	0	NaN	9999.0	0.0	FALSE	A	1.41785795E-5	0.0	1.0613888E-4	0.99977314	0.0	0.2924215	0.9622313	1.0
SPIKE	S25:A>T	0	0	NaN	9999.0	0.0	FALSE	A	2.9259569E-5	0.0	1.06719264E-4	0.999532	0.0	0.24361144	0.9891556	1.0
SPIKE	S26:T>A	0	198603	0.0	9999.0	0.0	TRUE	T	3.019164E-5	3.0	1.1490435E-4	0.999517	26.781782	0.22391488	0.99365574	1.0
SPIKE	S26:T>G	0	198603	0.0	9999.0	0.0	TRUE	T	1.9395241E-4	1.0	1.224949E-5	0.9969016	169.14146	0.22773838	0.98782253	1.0
SPIKE	S26:T>C	0	198603	0.0	9999.0	0.0	TRUE	T	5.2826075E-5	9.0	5.3364114E-5	0.99915516	39.094555	0.26837435	0.97071487	1.0
SPIKE	S27:G>A	0	203006	0.0	9999.0	0.0	TRUE	G	3.095922E-5	9.0	1.2460076E-4	0.9995048	27.025017	0.23258786	0.9691903	1.0
SPIKE	S27:G>C	0	203006	0.0	9999.0	0.0	TRUE	G	1.184227E-4	0.0	2.223541E-5	0.998107	99.90989	0.24062736	0.9897853	1.0
SPIKE	S27:G>T	0	203006	0.0	9999.0	0.0	TRUE	G	1.493768E-5	12.0	2.3933948E-5	0.99976104	92.39612	0.25270927	0.98726517	0.0
SPIKE	S28:G>A	0	204343	0.0	9999.0	0.0	TRUE	G	3.095922E-5	2.0	1.2460076E-4	0.9995048	27.203005	0.23258786	0.9691903	1.0
SPIKE	S28:G>C	0	204343	0.0	9999.0	0.0	TRUE	G	1.184227E-4	0.0	2.223541E-5	0.998107	100.567894	0.24062736	0.9897853	1.0
SPIKE	S28:G>T	0	204343	0.0	9999.0	0.0	TRUE	G	1.1501531E-4	1.0	2.3933948E-5	0.99816144	93.00465	0.25270927	0.98726517	1.0
SPIKE	S29:G>A	0	204348	0.0	9999.0	0.0	TRUE	G	3.095922E-5	6.0	1.2460076E-4	0.9995048	27.20367	0.23258786	0.9691903	1.0
SPIKE	S29:G>C	0	204348	0.0	9999.0	0.0	TRUE	G	1.184227E-4	0.0	2.223541E-5	0.998107	100.57036	0.24062736	0.9897853	1.0
SPIKE	S29:G>T	0	204348	0.0	9999.0	0.0	TRUE	G	1.1501531E-4	1.0	2.3933948E-5	0.99816144	93.00692	0.25270927	0.98726517	1.0
SPIKE	S30:A>G	0	204353	0.0	9999.0	0.0	TRUE	A	6.459442E-5	8.0	8.015167E-5	0.99896705	53.40363	0.2471952	0.9771991	1.0
SPIKE	S30:A>C	0	204353	0.0	9999.0	0.0	TRUE	A	1.41785795E-5	1.0	1.0613888E-4	0.99977314	9.909472	0.2924215	0.9622313	1.0
SPIKE	S30:A>T	0	204353	0.0	9999.0	0.0	TRUE	A	2.9259569E-5	0.0	1.06719264E-4	0.999532	24.546953	0.24361144	0.9891556	1.0
SPIKE	S31:T>A	0	204353	0.0	9999.0	0.0	TRUE	T	3.019164E-5	5.0	1.1490435E-4	0.999517	27.557175	0.22391488	0.99365574	1.0
SPIKE	S31:T>G	0	204353	0.0	9999.0	0.0	TRUE	T	1.9395241E-4	0.0	1.224949E-5	0.9969016	174.03848	0.22773838	0.98782253	1.0
SPIKE	S31:T>C	0	204353	0.0	9999.0	0.0	TRUE	T	5.2826075E-5	3.0	5.3364114E-5	0.99915516	40.226433	0.26837435	0.97071487	1.0
SPIKE	S32:C>A	14	204353	6.85089E-5	178.72119	40.0	TRUE	C	1.4981091E-5	3.0	1.5119539E-4	0.9997603	13.48605	0.22704157	0.96711665	1.0
SPIKE	S32:C>G	0	204353	0.0	9999.0	0.0	TRUE	C	1.1960733E-4	0.0	2.4009216E-5	0.9980881	103.197815	0.23685291	0.99056315	1.0
SPIKE	S32:C>T	0	204353	0.0	9999.0	0.0	TRUE	C	1.1227163E-5	10.0	4.6265766E-5	0.9998204	147.65225	0.22944106	0.97426724	0.0
SPIKE	S33:C>A	3	204353	1.468048E-5	25.438925	40.0	TRUE	C	1.4981091E-5	4.0	1.5119539E-4	0.9997603	13.48605	0.22704157	0.96711665	1.0
SPIKE	S33:C>G	0	204353	0.0	9999.0	0.0	TRUE	C	1.1960733E-4	0.0	2.4009216E-5	0.9980881	103.197815	0.23685291	0.99056315	1.0
SPIKE	S33:C>T	0	204353	0.0	9999.0	0.0	TRUE	C	1.6577159E-4	1.0	4.6265766E-5	0.99735117	147.65225	0.22944106	0.97426724	1.0
SPIKE	S34:A>G	0	204353	0.0	9999.0	0.0	TRUE	A	6.459442E-5	2.0	8.015167E-5	0.99896705	53.40363	0.2471952	0.9771991	1.0
SPIKE	S34:A>C	0	204353	0.0	9999.0	0.0	TRUE	A	1.41785795E-5	5.0	1.0613888E-4	0.99977314	9.909472	0.2924215	0.9622313	1.0
SPIKE	S34:A>T	0	204353	0.0	9999.0	0.0	TRUE	A	2.9259569E-5	1.0	1.06719264E-4	0.999532	24.546953	0.24361144	0.9891556	1.0
SPIKE	S35:T>A	1	204353	4.893493E-6	4.8529897	40.0	TRUE	T	3.019164E-5	5.0	1.1490435E-4	0.999517	27.557175	0.22391488	0.99365574	1.0
SPIKE	S35:T>G	0	204353	0.0	9999.0	0.0	TRUE	T	1.9395241E-4	1.0	1.224949E-5	0.9969016	174.03848	0.22773838	0.98782253	1.0
SPIKE	S35:T>C	0	204353	0.0	9999.0	0.0	TRUE	T	5.2826075E-5	0.0	5.3364114E-5	0.99915516	40.226433	0.26837435	0.97071487	1.0
SPIKE	S36:T>C	1	204353	4.893493E-6	2.816141	40.0	TRUE	T	5.2826075E-5	2.0	5.3364114E-5	0.99915516	40.226433	0.26837435	0.97071487	1.0
SPIKE	S36:T>A	0	204353	0.0	9999.0	0.0	TRUE	T	3.019164E-5	1.0	1.1490435E-4	0.999517	27.557175	0.22391488	0.99365574	1.0
SPIKE	S36:T>G	0	204353	0.0	9999.0	0.0	TRUE	T	1.9395241E-4	0.0	1.224949E-5	0.9969016	174.03848	0.22773838	0.98782253	1.0
SPIKE	S37:A>G	0	204353	0.0	9999.0	0.0	TRUE	A	6.459442E-5	4.0	8.015167E-5	0.99896705	53.40363	0.2471952	0.9771991	1.0
SPIKE	S37:A>C	0	204353	0.0	9999.0	0.0	TRUE	A	1.41785795E-5	9.0	1.0613888E-4	0.99977314	9.909472	0.2924215	0.9622313	1.0
SPIKE	S37:A>T	0	204353	0.0	9999.0	0.0	TRUE	A	2.9259569E-5	5.0	1.06719264E-4	0.999532	24.546953	0.24361144	0.9891556	1.0
SPIKE	S38:T>A	0	204353	0.0	9999.0	0.0	TRUE	T	3.019164E-5	5.0	1.1490435E-4	0.999517	27.557175	0.22391488	0.99365574	1.0
SPIKE	S38:T>G	0	204353	0.0	9999.0	0.0	TRUE	T	1.9395241E-4	0.0	1.224949E-5	0.9969016	174.03848	0.22773838	0.98782253	1.0
SPIKE	S38:T>C	0	204353	0.0	9999.0	0.0	TRUE	T	5.2826075E-5	0.0	5.3364114E-5	0.99915516	40.226433	0.26837435	0.97071487	1.0
SPIKE	S39:C>T	6	204353	2.936096E-5	32.32933	40.0	TRUE	C	4.82768E-5	43.0	4.6265766E-5	0.9992279	147.65225	0.22944106	0.97426724	0.0
SPIKE	S39:C>A	14	204353	6.85089E-5	196.51845	40.0	TRUE	C	1.1108585E-5	10.0	1.5119539E-4	0.99982226	13.48605	0.22704157	0.96711665	0.0
SPIKE	S39:C>G	0	204353	0.0	9999.0	0.0	TRUE	C	1.1960733E-4	0.0	2.4009216E-5	0.9980881	103.197815	0.23685291	0.99056315	1.0
SPIKE	S40:G>T	2	204353	9.786986E-6	2.0984373	40.0	TRUE	G	1.1501531E-4	6.0	2.3933948E-5	0.99816144	93.00919	0.25270927	0.98726517	1.0
SPIKE	S40:G>A	0	204353	0.0	9999.0	0.0	TRUE	G	3.095922E-5	5.0	1.2460076E-4	0.9995048	27.204336	0.23258786	0.9691903	1.0
SPIKE	S40:G>C	0	204353	0.0	9999.0	0.0	TRUE	G	1.184227E-4	5.0	2.223541E-5	0.998107	100.572815	0.24062736	0.9897853	1.0
SPIKE	S41:G>T	1	204353	4.893493E-6	0.783218	40.0	TRUE	G	1.1501531E-4	5.0	2.3933948E-5	0.99816144	93.00919	0.25270927	0.98726517	1.0
SPIKE	S41:G>A	3	204353	1.468048E-5	26.577253	38.666668	TRUE	G	1.3656303E-5	12.0	1.2460076E-4	0.99978155	27.204336	0.23258786	0.9691903	0.0
SPIKE	S41:G>C	0	204353	0.0	9999.0	0.0	TRUE	G	1.184227E-4	1.0	2.223541E-5	0.998107	100.572815	0.24062736	0.9897853	1.0
SPIKE	S42:C>T	2	204353	9.786986E-6	11.821483	40.0	TRUE	C	2.4699759E-5	22.0	4.6265766E-5	0.9996049	147.65225	0.22944106	0.97426724	0.0
SPIKE	S42:C>A	24	204353	1.1744384E-4	353.5403	40.0	TRUE	C	1.4981091E-5	5.0	1.5119539E-4	0.9997603	13.48605	0.22704157	0.96711665	1.0
SPIKE	S42:C>G	0	204353	0.0	9999.0	0.0	TRUE	C	1.1960733E-4	6.0	2.4009216E-5	0.9980881	103.197815	0.23685291	0.99056315	1.0
SPIKE	S43:G>T	2	204353	9.786986E-6	2.0984373	37.0	TRUE	G	1.1501531E-4	7.0	2.3933948E-5	0.99816144	93.00919	0.25270927	0.98726517	1.0
SPIKE	S43:G>A	12	204353	5.872192E-5	102.15316	38.083332	TRUE	G	3.6416808E-5	32.0	1.2460076E-4	0.9994175	27.204336	0.23258786	0.9691903	0.0
SPIKE	S43:G>C	0	204353	0.0	9999.0	0.0	TRUE	G	1.184227E-4	6.0	2.223541E-5	0.998107	100.572815	0.24062736	0.9897853	1.0
SPIKE	S44:G>C	1	204353	4.893493E-6	0.73223627	40.0	TRUE	G	1.184227E-4	1.0	2.223541E-5	0.998107	100.572815	0.24062736	0.9897853	1.0
SPIKE	S44:G>T	1	204353	4.893493E-6	0.783218	40.0	TRUE	G	1.1501531E-4	1.0	2.3933948E-5	0.99816144	93.00919	0.25270927	0.98726517	1.0
SPIKE	S44:G>A	24	204353	1.1744384E-4	130.50316	39.041668	TRUE	G	1.4225316E-4	125.0	1.2460076E-4	0.99772656	27.204336	0.23258786	0.9691903	0.0
SPIKE	S45:C>A	13	204353	6.361541E-5	162.63042	40.0	TRUE	C	1.4981091E-5	3.0	1.5119539E-4	0.9997603	13.48605	0.22704157	0.96711665	1.0
SPIKE	S45:C>G	0	204353	0.0	9999.0	0.0	TRUE	C	1.1960733E-4	5.0	2.4009216E-5	0.9980881	103.197815	0.23685291	0.99056315	1.0
SPIKE	S45:C>T	0	204353	0.0	9999.0	0.0	TRUE	C	1.6577159E-4	1.0	4.6265766E-5	0.99735117	147.65225	0.22944106	0.97426724	1.0
SPIKE	S46:G>T	3	204353	1.468048E-5	4.166643	40.0	TRUE	G	1.1501531E-4	4.0	2.3933948E-5	0.99816144	93.00919	0.25270927	0.98726517	1.0
SPIKE	S46:G>A	5	204353	2.4467465E-5	33.40878	37.8	TRUE	G	3.0726682E-5	27.0	1.2460076E-4	0.9995085	27.204336	0.23258786	0.9691903	0.0
SPIKE	S46:G>C	0	204353	0.0	9999.0	0.0	TRUE	G	1.184227E-4	5.0	2.223541E-5	0.998107	100.572815	0.24062736	0.9897853	1.0
SPIKE	S47:A>T	2	204353	9.786986E-6	10.524119	38.0	TRUE	A	2.9259569E-5	0.0	1.06719264E-4	0.999532	24.546953	0.24361144	0.9891556	1.0
SPIKE	S47:A>G	0	204353	0.0	9999.0	0.0	TRUE	A	6.459442E-5	6.0	8.015167E-5	0.99896705	53.40363	0.2471952	0.9771991	1.0
SPIKE	S47:A>C	0	204353	0.0	9999.0	0.0	TRUE	A	1.41785795E-5	0.0	1.0613888E-4	0.99977314	9.909472	0.2924215	0.9622313	1.0
SPIKE	S48:A>T	2	204353	9.786986E-6	10.524119	34.5	TRUE	A	2.9259569E-5	2.0	1.06719264E-4	0.999532	24.546953	0.24361144	0.9891556	1.0
SPIKE	S48:A>G	0	204353	0.0	9999.0	0.0	TRUE	A	6.459442E-5	0.0	8.015167E-5	0.99896705	53.40363	0.2471952	0.9771991	1.0
SPIKE	S48:A>C	0	204353	0.0	9999.0	0.0	TRUE	A	1.41785795E-5	0.0	1.0613888E-4	0.99977314	9.909472	0.2924215	0.9622313	1.0
SPIKE	S49:T>A	0	204353	0.0	9999.0	0.0	TRUE	T	3.019164E-5	5.0	1.1490435E-4	0.999517	27.557175	0.22391488	0.99365574	1.0
SPIKE	S49:T>G	0	204353	0.0	9999.0	0.0	TRUE	T	1.9395241E-4	0.0	1.224949E-5	0.9969016	174.03848	0.22773838	0.98782253	1.0
SPIKE	S49:T>C	0	204353	0.0	9999.0	0.0	TRUE	T	5.2826075E-5	0.0	5.3364114E-5	0.99915516	40.226433	0.26837435	0.97071487	1.0
SPIKE	S50:T>A	0	204353	0.0	9999.0	0.0	TRUE	T	3.019164E-5	0.0	1.1490435E-4	0.999517	27.557175	0.22391488	0.99365574	1.0
SPIKE	S50:T>G	0	204353	0.0	9999.0	0.0	TRUE	T	1.9395241E-4	0.0	1.224949E-5	0.9969016	174.03848	0.22773838	0.98782253	1.0
SPIKE	S50:T>C	0	204353	0.0	9999.0	0.0	TRUE	T	5.2826075E-5	0.0	5.3364114E-5	0.99915516	40.226433	0.26837435	0.97071487	1.0
SPIKE	S51:T>A	1	204353	4.893493E-6	4.8529897	40.0	TRUE	T	3.019164E-5	1.0	1.1490435E-4	0.999517	27.557175	0.22391488	0.99365574	1.0
SPIKE	S51:T>G	0	204353	0.0	9999.0	0.0	TRUE	T	1.9395241E-4	0.0	1.224949E-5	0.9969016	174.03848	0.22773838	0.98782253	1.0
SPIKE	S51:T>C	0	204353	0.0	9999.0	0.0	TRUE	T	5.2826075E-5	0.0	5.3364114E-5	0.99915516	40.226433	0.26837435	0.97071487	1.0
SPIKE	S52:A>G	3	204353	1.468048E-5	13.02993	40.0	TRUE	A	4.3543838E-5	36.0	8.015167E-5	0.9993035	53.40363	0.2471952	0.9771991	0.0
SPIKE	S52:A>C	0	204353	0.0	9999.0	0.0	TRUE	A	1.41785795E-5	0.0	1.0613888E-4	0.99977314	9.909472	0.2924215	0.9622313	1.0
SPIKE	S52:A>T	0	204353	0.0	9999.0	0.0	TRUE	A	2.9259569E-5	0.0	1.06719264E-4	0.999532	24.546953	0.24361144	0.9891556	1.0
SPIKE	S53:C>T	2	204353	9.786986E-6	10.839523	40.0	TRUE	C	2.8067909E-5	25.0	4.6265766E-5	0.999551	147.65225	0.22944106	0.97426724	0.0
SPIKE	S53:C>A	3	204353	1.468048E-5	25.438925	40.0	TRUE	C	1.4981091E-5	7.0	1.5119539E-4	0.9997603	13.48605	0.22704157	0.96711665	1.0
SPIKE	S53:C>G	0	204353	0.0	9999.0	0.0	TRUE	C	1.3908123E-5	12.0	2.4009216E-5	0.9997775	103.197815	0.23685291	0.99056315	0.0
SPIKE	S54:C>T	3	204353	1.468048E-5	2.0008845	40.0	TRUE	C	1.6577159E-4	8.0	4.6265766E-5	0.99735117	147.65225	0.22944106	0.97426724	1.0
SPIKE	S54:C>G	1	204353	4.893493E-6	0.7153166	40.0	TRUE	C	1.1960733E-4	1.0	2.4009216E-5	0.9980881	103.197815	0.23685291	0.99056315	1.0
SPIKE	S54:C>A	27	204353	1.3212432E-4	409.87238	40.0	TRUE	C	1.4981091E-5	9.0	1.5119539E-4	0.9997603	13.48605	0.22704157	0.96711665	1.0
SPIKE	S55:A>G	11	204353	5.3828426E-5	109.06621	40.0	TRUE	A	2.419102E-5	20.0	8.015167E-5	0.99961305	53.40363	0.2471952	0.9771991	0.0
SPIKE	S55:A>C	0	204353	0.0	9999.0	0.0	TRUE	A	2.003135E-5	14.0	1.0613888E-4	0.99967957	9.909472	0.2924215	0.9622313	0.0
SPIKE	S55:A>T	0	204353	0.0	9999.0	0.0	TRUE	A	2.9259569E-5	0.0	1.06719264E-4	0.999532	24.546953	0.24361144	0.9891556	1.0
SPIKE	S56:C>T	8	204353	3.9147944E-5	77.271286	40.0	TRUE	C	2.0208894E-5	18.0	4.6265766E-5	0.9996767	147.65225	0.22944106	0.97426724	0.0
SPIKE	S56:C>G	1	204353	4.893493E-6	0.7153166	40.0	TRUE	C	1.1960733E-4	1.0	2.4009216E-5	0.9980881	103.197815	0.23685291	0.99056315	1.0
SPIKE	S56:C>A	3	204353	1.468048E-5	21.288916	40.0	TRUE	C	2.110631E-5	19.0	1.5119539E-4	0.99966234	13.48605	0.22704157	0.96711665	0.0
SPIKE	S57:C>A	25	204353	1.2233733E-4	372.14948	40.0	TRUE	C	1.4981091E-5	9.0	1.5119539E-4	0.9997603	13.48605	0.22704157	0.96711665	1.0
SPIKE	S57:C>G	0	204353	0.0	9999.0	0.0	TRUE	C	1.1960733E-4	0.0	2.4009216E-5	0.9980881	103.197815	0.23685291	0.99056315	1.0
SPIKE	S57:C>T	0	204353	0.0	9999.0	0.0	TRUE	C	1.6577159E-4	1.0	4.6265766E-5	0.99735117	147.65225	0.22944106	0.97426724	1.0
SPIKE	S58:A>G	0	204353	0.0	9999.0	0.0	TRUE	A	6.459442E-5	2.0	8.015167E-5	0.99896705	53.40363	0.2471952	0.9771991	1.0
SPIKE	S58:A>C	0	204353	0.0	9999.0	0.0	TRUE	A	1.7169728E-5	12.0	1.0613888E-4	0.99972534	9.909472	0.2924215	0.9622313	0.0
SPIKE	S58:A>T	0	204353	0.0	9999.0	0.0	TRUE	A	2.9259569E-5	6.0	1.06719264E-4	0.999532	24.546953	0.24361144	0.9891556	1.0
SPIKE	S59:T>C	3	204353	1.468048E-5	25.885836	40.0	TRUE	T	1.4445398E-5	11.0	5.3364114E-5	0.9997689	40.226433	0.26837435	0.97071487	0.0
SPIKE	S59:T>A	0	204353	0.0	9999.0	0.0	TRUE	T	1.20516E-5	11.0	1.1490435E-4	0.9998072	27.557175	0.22391488	0.99365574	0.0
SPIKE	S59:T>G	0	204353	0.0	9999.0	0.0	TRUE	T	1.9395241E-4	4.0	1.224949E-5	0.9969016	174.03848	0.22773838	0.98782253	1.0
SPIKE	S60:T>C	17	204355	8.318857E-5	137.56007	40.0	TRUE	T	5.384141E-5	41.0	5.3364114E-5	0.9991389	40.226826	0.26837435	0.97071487	0.0
SPIKE	S60:T>A	0	204355	0.0	9999.0	0.0	TRUE	T	3.019164E-5	1.0	1.1490435E-4	0.999517	27.557446	0.22391488	0.99365574	1.0
SPIKE	S60:T>G	0	204355	0.0	9999.0	0.0	TRUE	T	1.9395241E-4	1.0	1.224949E-5	0.9969016	174.04019	0.22773838	0.98782253	1.0
SPIKE	S61:G>A	1	204355	4.8934453E-6	4.7552867	40.0	TRUE	G	3.095922E-5	6.0	1.2460076E-4	0.9995048	27.204601	0.23258786	0.9691903	1.0
SPIKE	S61:G>C	0	204355	0.0	9999.0	0.0	TRUE	G	1.184227E-4	0.0	2.223541E-5	0.998107	100.5738	0.24062736	0.9897853	1.0
SPIKE	S61:G>T	0	204355	0.0	9999.0	0.0	TRUE	G	2.4731788E-5	20.0	2.3933948E-5	0.99960434	93.0101	0.25270927	0.98726517	0.0
SPIKE	D62-63:A>	2	204355	9.786891E-6	9999.0	39.999737	TRUE		NaN	NaN	NaN	NaN	NaN	NaN	NaN	NaN
SPIKE	S62:A>G	0	204355	0.0	9999.0	0.0	TRUE	A	2.5400324E-5	21.0	8.015167E-5	0.9995937	53.404152	0.2471952	0.9771991	0.0
SPIKE	S62:A>C	0	204355	0.0	9999.0	0.0	TRUE	A	1.41785795E-5	1.0	1.0613888E-4	0.99977314	9.90957	0.2924215	0.9622313	1.0
SPIKE	S62:A>T	0	204355	0.0	9999.0	0.0	TRUE	A	2.9259569E-5	2.0	1.06719264E-4	0.999532	24.547194	0.24361144	0.9891556	1.0
SPIKE	S63:A>G	0	204355	0.0	9999.0	0.0	TRUE	A	6.459442E-5	4.0	8.015167E-5	0.99896705	53.404152	0.2471952	0.9771991	1.0
SPIKE	S63:A>C	0	204355	0.0	9999.0	0.0	TRUE	A	1.41785795E-5	0.0	1.0613888E-4	0.99977314	9.90957	0.2924215	0.9622313	1.0
SPIKE	S63:A>T	0	204355	0.0	9999.0	0.0	TRUE	A	2.9259569E-5	0.0	1.06719264E-4	0.999532	24.547194	0.24361144	0.9891556	1.0
SPIKE	S64:A>T	2	204355	9.786891E-6	10.524046	40.0	TRUE	A	2.9259569E-5	0.0	1.06719264E-4	0.999532	24.547194	0.24361144	0.9891556	1.0
SPIKE	S64:A>G	0	204355	0.0	9999.0	0.0	TRUE	A	6.459442E-5	1.0	8.015167E-5	0.99896705	53.404152	0.2471952	0.9771991	1.0
SPIKE	S64:A>C	0	204355	0.0	9999.0	0.0	TRUE	A	1.41785795E-5	0.0	1.0613888E-4	0.99977314	9.90957	0.2924215	0.9622313	1.0
SPIKE	S65:A>G	2	204355	9.786891E-6	5.054615	40.0	TRUE	A	6.459442E-5	4.0	8.015167E-5	0.99896705	53.404152	0.2471952	0.9771991	1.0
SPIKE	S65:A>T	1	204355	4.8934453E-6	4.9755664	40.0	TRUE	A	2.9259569E-5	0.0	1.06719264E-4	0.999532	24.547194	0.24361144	0.9891556	1.0
SPIKE	S65:A>C	0	204355	0.0	9999.0	0.0	TRUE	A	2.146195E-5	15.0	1.0613888E-4	0.9996567	9.90957	0.2924215	0.9622313	0.0
SPIKE	S66:C>A	2	204355	9.786891E-6	17.47276	40.0	TRUE	C	1.2219323E-5	11.0	1.5119539E-4	0.9998045	13.486181	0.22704157	0.96711665	0.0
SPIKE	S66:C>T	2	204355	9.786891E-6	16.669954	40.0	TRUE	C	1.3472464E-5	12.0	4.6265766E-5	0.99978447	147.6537	0.22944106	0.97426724	0.0
SPIKE	S66:C>G	0	204355	0.0	9999.0	0.0	TRUE	C	1.1960733E-4	1.0	2.4009216E-5	0.9980881	103.19882	0.23685291	0.99056315	1.0
SPIKE	S67:C>A	19	204355	9.297546E-5	239.9928	40.0	TRUE	C	1.9995256E-5	18.0	1.5119539E-4	0.9996801	13.486181	0.22704157	0.96711665	0.0
SPIKE	S67:C>T	1	204355	4.8934453E-6	0.28854802	40.0	TRUE	C	1.6577159E-4	5.0	4.6265766E-5	0.99735117	147.6537	0.22944106	0.97426724	1.0
SPIKE	S67:C>G	0	204355	0.0	9999.0	0.0	TRUE	C	1.1960733E-4	0.0	2.4009216E-5	0.9980881	103.19882	0.23685291	0.99056315	1.0
SPIKE	S68:A>G	0	204355	0.0	9999.0	0.0	TRUE	A	1.9352627E-5	16.0	8.015167E-5	0.9996904	53.404152	0.2471952	0.9771991	0.0
SPIKE	S68:A>C	0	204355	0.0	9999.0	0.0	TRUE	A	1.41785795E-5	2.0	1.0613888E-4	0.99977314	9.90957	0.2924215	0.9622313	1.0
SPIKE	S68:A>T	0	204355	0.0	9999.0	0.0	TRUE	A	2.9259569E-5	1.0	1.06719264E-4	0.999532	24.547194	0.24361144	0.9891556	1.0
SPIKE	S69:G>A	5	204355	2.4467226E-5	33.260532	40.0	TRUE	G	3.095922E-5	7.0	1.2460076E-4	0.9995048	27.204601	0.23258786	0.9691903	1.0
SPIKE	S69:G>T	1	204355	4.8934453E-6	0.78320056	40.0	TRUE	G	1.1501531E-4	4.0	2.3933948E-5	0.99816144	93.0101	0.25270927	0.98726517	1.0
SPIKE	S69:G>C	0	204355	0.0	9999.0	0.0	TRUE	G	1.5307118E-5	13.0	2.223541E-5	0.99975514	100.5738	0.24062736	0.9897853	0.0
SPIKE	S70:C>A	27	204355	1.3212302E-4	433.48953	40.0	TRUE	C	1.2219323E-5	11.0	1.5119539E-4	0.9998045	13.486181	0.22704157	0.96711665	0.0
SPIKE	S70:C>G	2	204355	9.786891E-6	1.9425489	40.0	TRUE	C	1.1960733E-4	9.0	2.4009216E-5	0.9980881	103.19882	0.23685291	0.99056315	1.0
SPIKE	S70:C>T	42	204355	2.055247E-4	346.04947	40.0	TRUE	C	1.1676135E-4	104.0	4.6265766E-5	0.99813354	147.6537	0.22944106	0.97426724	0.0
SPIKE	S71:C>A	22	204355	1.076558E-4	316.86063	40.0	TRUE	C	1.4981091E-5	9.0	1.5119539E-4	0.9997603	13.486181	0.22704157	0.96711665	1.0
SPIKE	S71:C>G	0	204355	0.0	9999.0	0.0	TRUE	C	1.1960733E-4	9.0	2.4009216E-5	0.9980881	103.19882	0.23685291	0.99056315	1.0
SPIKE	S71:C>T	0	204355	0.0	9999.0	0.0	TRUE	C	1.6577159E-4	3.0	4.6265766E-5	0.99735117	147.6537	0.22944106	0.97426724	1.0
SPIKE	S72:G>A	12	204355	5.8721344E-5	118.4976	40.0	TRUE	G	2.6174324E-5	23.0	1.2460076E-4	0.9995813	27.204601	0.23258786	0.9691903	0.0
SPIKE	S72:G>T	2	204355	9.786891E-6	2.0983975	40.0	TRUE	G	1.1501531E-4	9.0	2.3933948E-5	0.99816144	93.0101	0.25270927	0.98726517	1.0
SPIKE	S72:G>C	0	204355	0.0	9999.0	0.0	TRUE	G	1.184227E-4	2.0	2.223541E-5	0.998107	100.5738	0.24062736	0.9897853	1.0
SPIKE	S73:T>A	0	204355	0.0	9999.0	0.0	TRUE	T	3.019164E-5	0.0	1.1490435E-4	0.999517	27.557446	0.22391488	0.99365574	1.0
SPIKE	S73:T>G	0	204355	0.0	9999.0	0.0	TRUE	T	1.5601763E-5	14.0	1.224949E-5	0.9997504	174.04019	0.22773838	0.98782253	0.0
SPIKE	S73:T>C	0	204355	0.0	9999.0	0.0	TRUE	T	5.2826075E-5	1.0	5.3364114E-5	0.99915516	40.226826	0.26837435	0.97071487	1.0
SPIKE	S74:G>A	4	204355	1.9573781E-5	24.597387	40.0	TRUE	G	3.095922E-5	3.0	1.2460076E-4	0.9995048	27.204601	0.23258786	0.9691903	1.0
SPIKE	S74:G>T	1	204355	4.8934453E-6	0.78320056	40.0	TRUE	G	1.1501531E-4	6.0	2.3933948E-5	0.99816144	93.0101	0.25270927	0.98726517	1.0
SPIKE	S74:G>C	0	204355	0.0	9999.0	0.0	TRUE	G	1.184227E-4	0.0	2.223541E-5	0.998107	100.5738	0.24062736	0.9897853	1.0
SPIKE	S75:G>A	4	204355	1.9573781E-5	24.597387	40.0	TRUE	G	3.095922E-5	3.0	1.2460076E-4	0.9995048	27.204601	0.23258786	0.9691903	1.0
SPIKE	S75:G>C	0	204355	0.0	9999.0	0.0	TRUE	G	1.184227E-4	0.0	2.223541E-5	0.998107	100.5738	0.24062736	0.9897853	1.0
SPIKE	S75:G>T	0	204355	0.0	9999.0	0.0	TRUE	G	1.854884E-5	15.0	2.3933948E-5	0.9997033	93.0101	0.25270927	0.98726517	0.0
SPIKE	S76:T>C	1	204355	4.8934453E-6	2.8161085	40.0	TRUE	T	5.2826075E-5	4.0	5.3364114E-5	0.99915516	40.226826	0.26837435	0.97071487	1.0
SPIKE	S76:T>A	0	204355	0.0	9999.0	0.0	TRUE	T	3.019164E-5	1.0	1.1490435E-4	0.999517	27.557446	0.22391488	0.99365574	1.0
SPIKE	S76:T>G	0	204355	0.0	9999.0	0.0	TRUE	T	1.9395241E-4	3.0	1.224949E-5	0.9969016	174.04019	0.22773838	0.98782253	1.0
SPIKE	S77:T>A	1	204355	4.8934453E-6	4.8529515	40.0	TRUE	T	3.019164E-5	0.0	1.1490435E-4	0.999517	27.557446	0.22391488	0.99365574	1.0
SPIKE	S77:T>C	1	204355	4.8934453E-6	2.8161085	40.0	TRUE	T	5.2826075E-5	1.0	5.3364114E-5	0.99915516	40.226826	0.26837435	0.97071487	1.0
SPIKE	S77:T>G	0	204355	0.0	9999.0	0.0	TRUE	T	1.9395241E-4	0.0	1.224949E-5	0.9969016	174.04019	0.22773838	0.98782253	1.0
SPIKE	S78:T>G	1	204355	4.8934453E-6	8.560861	40.0	TRUE	T	1.2258528E-5	11.0	1.224949E-5	0.9998039	174.04019	0.22773838	0.98782253	0.0
SPIKE	S78:T>A	0	204355	0.0	9999.0	0.0	TRUE	T	3.019164E-5	0.0	1.1490435E-4	0.999517	27.557446	0.22391488	0.99365574	1.0
SPIKE	S78:T>C	0	204355	0.0	9999.0	0.0	TRUE	T	5.2826075E-5	3.0	5.3364114E-5	0.99915516	40.226826	0.26837435	0.97071487	1.0
SPIKE	S79:G>A	5	204355	2.4467226E-5	49.87104	40.0	TRUE	G	1.3656169E-5	12.0	1.2460076E-4	0.99978155	27.204601	0.23258786	0.9691903	0.0
SPIKE	S79:G>C	0	204355	0.0	9999.0	0.0	TRUE	G	1.5307118E-5	13.0	2.223541E-5	0.99975514	100.5738	0.24062736	0.9897853	0.0
SPIKE	S79:G>T	0	204355	0.0	9999.0	0.0	TRUE	G	1.1501531E-4	3.0	2.3933948E-5	0.99816144	93.0101	0.25270927	0.98726517	1.0
SPIKE	S80:C>A	16	204355	7.8295125E-5	219.73012	40.0	TRUE	C	1.3330171E-5	12.0	1.5119539E-4	0.99978673	13.486181	0.22704157	0.96711665	0.0
SPIKE	S80:C>T	84	204355	4.110494E-4	576.94635	40.0	TRUE	C	3.154802E-4	281.0	4.6265766E-5	0.994965	147.6537	0.22944106	0.97426724	0.0
SPIKE	S80:C>G	0	204355	0.0	9999.0	0.0	TRUE	C	1.7384984E-5	15.0	2.4009216E-5	0.9997219	103.19882	0.23685291	0.99056315	0.0
SPIKE	S81:G>A	10	204355	4.8934453E-5	83.29908	40.0	TRUE	G	3.300241E-5	29.0	1.2460076E-4	0.9994721	27.204601	0.23258786	0.9691903	0.0
SPIKE	S81:G>T	1	204355	4.8934453E-6	0.78320056	40.0	TRUE	G	1.1501531E-4	4.0	2.3933948E-5	0.99816144	93.0101	0.25270927	0.98726517	1.0
SPIKE	S81:G>C	0	204355	0.0	9999.0	0.0	TRUE	G	1.184227E-4	1.0	2.223541E-5	0.998107	100.5738	0.24062736	0.9897853	1.0
SPIKE	S82:G>A	17	204355	8.318857E-5	123.5933	40.0	TRUE	G	6.600482E-5	58.0	1.2460076E-4	0.99894446	27.204601	0.23258786	0.9691903	0.0
SPIKE	S82:G>T	1	204355	4.8934453E-6	0.78320056	40.0	TRUE	G	1.1501531E-4	3.0	2.3933948E-5	0.99816144	93.0101	0.25270927	0.98726517	1.0
SPIKE	S82:G>C	0	204355	0.0	9999.0	0.0	TRUE	G	1.5307118E-5	13.0	2.223541E-5	0.99975514	100.5738	0.24062736	0.9897853	0.0
SPIKE	S83:C>G	1	204354	4.8934694E-6	8.799386	40.0	TRUE	C	1.1590046E-5	10.0	2.4009216E-5	0.99981457	103.19832	0.23685291	0.99056315	0.0
SPIKE	S83:C>A	21	204354	1.0276285E-4	302.10144	40.0	TRUE	C	1.4441089E-5	13.0	1.5119539E-4	0.999769	13.486115	0.22704157	0.96711665	0.0
SPIKE	S83:C>T	3	204354	1.4680408E-5	26.744293	40.0	TRUE	C	1.347253E-5	12.0	4.6265766E-5	0.99978447	147.65297	0.22944106	0.97426724	0.0
SPIKE	S84:G>A	6	204354	2.9360815E-5	47.769047	40.0	TRUE	G	2.5036434E-5	22.0	1.2460076E-4	0.9995995	27.20447	0.23258786	0.9691903	0.0
SPIKE	S84:G>T	2	204354	9.786939E-6	2.0984175	40.0	TRUE	G	1.1501531E-4	5.0	2.3933948E-5	0.99816144	93.00965	0.25270927	0.98726517	1.0
SPIKE	S84:G>C	0	204354	0.0	9999.0	0.0	TRUE	G	1.184227E-4	1.0	2.223541E-5	0.998107	100.57331	0.24062736	0.9897853	1.0
SPIKE	S85:A>G	1	204354	4.8934694E-6	2.180117	40.0	TRUE	A	6.459442E-5	3.0	8.015167E-5	0.99896705	53.40389	0.2471952	0.9771991	1.0
SPIKE	S85:A>T	4	204354	1.9573878E-5	23.99877	40.0	TRUE	A	3.21834E-5	27.0	1.06719264E-4	0.9994852	24.547073	0.24361144	0.9891556	0.0
SPIKE	S85:A>C	0	204354	0.0	9999.0	0.0	TRUE	A	1.41785795E-5	0.0	1.0613888E-4	0.99977314	9.909521	0.2924215	0.9622313	1.0
SPIKE	D86-87:T>	1	204354	4.8934694E-6	9999.0	39.93584	TRUE		NaN	NaN	NaN	NaN	NaN	NaN	NaN	NaN
SPIKE	S86:T>A	0	204354	0.0	9999.0	0.0	TRUE	T	3.019164E-5	2.0	1.1490435E-4	0.999517	27.55731	0.22391488	0.99365574	1.0
SPIKE	S86:T>G	0	204354	0.0	9999.0	0.0	TRUE	T	1.9395241E-4	0.0	1.224949E-5	0.9969016	174.03934	0.22773838	0.98782253	1.0
SPIKE	S86:T>C	0	204354	0.0	9999.0	0.0	TRUE	T	5.2826075E-5	1.0	5.3364114E-5	0.99915516	40.226627	0.26837435	0.97071487	1.0
SPIKE	S87:T>A	0	204354	0.0	9999.0	0.0	TRUE	T	3.019164E-5	3.0	1.1490435E-4	0.999517	27.55731	0.22391488	0.99365574	1.0
SPIKE	S87:T>G	0	204354	0.0	9999.0	0.0	TRUE	T	1.9395241E-4	1.0	1.224949E-5	0.9969016	174.03934	0.22773838	0.98782253	1.0
SPIKE	S87:T>C	0	204354	0.0	9999.0	0.0	TRUE	T	5.2826075E-5	5.0	5.3364114E-5	0.99915516	40.226627	0.26837435	0.97071487	1.0
SPIKE	S88:T>C	1	204354	4.8934694E-6	7.8660054	40.0	TRUE	T	1.4445327E-5	11.0	5.3364114E-5	0.9997689	40.226627	0.26837435	0.97071487	0.0
SPIKE	S88:T>A	0	204354	0.0	9999.0	0.0	TRUE	T	3.019164E-5	0.0	1.1490435E-4	0.999517	27.55731	0.22391488	0.99365574	1.0
SPIKE	S88:T>G	0	204354	0.0	9999.0	0.0	TRUE	T	1.9395241E-4	0.0	1.224949E-5	0.9969016	174.03934	0.22773838	0.98782253	1.0
SPIKE	S89:A>G	0	204354	0.0	9999.0	0.0	TRUE	A	6.459442E-5	2.0	8.015167E-5	0.99896705	53.40389	0.2471952	0.9771991	1.0
SPIKE	S89:A>C	0	204354	0.0	9999.0	0.0	TRUE	A	1.41785795E-5	0.0	1.0613888E-4	0.99977314	9.909521	0.2924215	0.9622313	1.0
SPIKE	S89:A>T	0	204354	0.0	9999.0	0.0	TRUE	A	2.9259569E-5	0.0	1.06719264E-4	0.999532	24.547073	0.24361144	0.9891556	1.0
SPIKE	S90:T>C	1	204354	4.8934694E-6	2.8161247	40.0	TRUE	T	5.2826075E-5	3.0	5.3364114E-5	0.99915516	40.226627	0.26837435	0.97071487	1.0
SPIKE	S90:T>A	0	204354	0.0	9999.0	0.0	TRUE	T	3.019164E-5	2.0	1.1490435E-4	0.999517	27.55731	0.22391488	0.99365574	1.0
SPIKE	S90:T>G	0	204354	0.0	9999.0	0.0	TRUE	T	1.9395241E-4	0.0	1.224949E-5	0.9969016	174.03934	0.22773838	0.98782253	1.0
SPIKE	S91:C>G	1	204354	4.8934694E-6	0.7153083	40.0	TRUE	C	1.1960733E-4	0.0	2.4009216E-5	0.9980881	103.19832	0.23685291	0.99056315	1.0
SPIKE	S91:C>A	13	204354	6.36151E-5	162.63014	38.615383	TRUE	C	1.4981091E-5	6.0	1.5119539E-4	0.9997603	13.486115	0.22704157	0.96711665	1.0
SPIKE	S91:C>T	8	204354	3.9147755E-5	49.202213	37.875	TRUE	C	4.8276564E-5	43.0	4.6265766E-5	0.9992279	147.65297	0.22944106	0.97426724	0.0
SPIKE	S92:G>A	1	204354	4.8934694E-6	8.87721	40.0	TRUE	G	1.1380197E-5	10.0	1.2460076E-4	0.9998179	27.20447	0.23258786	0.9691903	0.0
SPIKE	S92:G>T	1	204354	4.8934694E-6	0.78320926	40.0	TRUE	G	1.1501531E-4	8.0	2.3933948E-5	0.99816144	93.00965	0.25270927	0.98726517	1.0
SPIKE	S92:G>C	0	204354	0.0	9999.0	0.0	TRUE	G	1.184227E-4	0.0	2.223541E-5	0.998107	100.57331	0.24062736	0.9897853	1.0
SPIKE	S93:T>C	1	204354	4.8934694E-6	2.8161247	40.0	TRUE	T	5.2826075E-5	3.0	5.3364114E-5	0.99915516	40.226627	0.26837435	0.97071487	1.0
SPIKE	S93:T>A	0	204354	0.0	9999.0	0.0	TRUE	T	3.019164E-5	1.0	1.1490435E-4	0.999517	27.55731	0.22391488	0.99365574	1.0
SPIKE	S93:T>G	0	204354	0.0	9999.0	0.0	TRUE	T	1.9395241E-4	0.0	1.224949E-5	0.9969016	174.03934	0.22773838	0.98782253	1.0
SPIKE	S94:C>A	12	204354	5.872163E-5	146.63329	39.666668	TRUE	C	1.4981091E-5	9.0	1.5119539E-4	0.9997603	13.486115	0.22704157	0.96711665	1.0
SPIKE	S94:C>T	1	204354	4.8934694E-6	0.2885526	31.0	TRUE	C	1.6577159E-4	8.0	4.6265766E-5	0.99735117	147.65297	0.22944106	0.97426724	1.0
SPIKE	S94:C>G	0	204354	0.0	9999.0	0.0	TRUE	C	1.1960733E-4	1.0	2.4009216E-5	0.9980881	103.19832	0.23685291	0.99056315	1.0
SPIKE	S95:G>A	4	204354	1.9573878E-5	34.09194	37.75	TRUE	G	1.7070295E-5	15.0	1.2460076E-4	0.9997269	27.20447	0.23258786	0.9691903	0.0
SPIKE	S95:G>T	1	204354	4.8934694E-6	0.78320926	40.0	TRUE	G	1.1501531E-4	1.0	2.3933948E-5	0.99816144	93.00965	0.25270927	0.98726517	1.0
SPIKE	S95:G>C	0	204354	0.0	9999.0	0.0	TRUE	G	1.184227E-4	0.0	2.223541E-5	0.998107	100.57331	0.24062736	0.9897853	1.0
SPIKE	S96:T>A	0	204354	0.0	9999.0	0.0	TRUE	T	3.019164E-5	0.0	1.1490435E-4	0.999517	27.55731	0.22391488	0.99365574	1.0
SPIKE	S96:T>G	0	204354	0.0	9999.0	0.0	TRUE	T	1.9395241E-4	0.0	1.224949E-5	0.9969016	174.03934	0.22773838	0.98782253	1.0
SPIKE	S96:T>C	0	204354	0.0	9999.0	0.0	TRUE	T	5.2826075E-5	6.0	5.3364114E-5	0.99915516	40.226627	0.26837435	0.97071487	1.0
SPIKE	S97:C>T	1	204354	4.8934694E-6	0.2885526	40.0	TRUE	C	1.6577159E-4	7.0	4.6265766E-5	0.99735117	147.65297	0.22944106	0.97426724	1.0
SPIKE	S97:C>A	19	204354	9.297591E-5	263.31546	39.526318	TRUE	C	1.4981091E-5	7.0	1.5119539E-4	0.9997603	13.486115	0.22704157	0.96711665	1.0
SPIKE	S97:C>G	0	204354	0.0	9999.0	0.0	TRUE	C	1.1960733E-4	0.0	2.4009216E-5	0.9980881	103.19832	0.23685291	0.99056315	1.0
SPIKE	S98:A>G	0	204354	0.0	9999.0	0.0	TRUE	A	6.459442E-5	5.0	8.015167E-5	0.99896705	53.40389	0.2471952	0.9771991	1.0
SPIKE	S98:A>C	0	204354	0.0	9999.0	0.0	TRUE	A	1.41785795E-5	0.0	1.0613888E-4	0.99977314	9.909521	0.2924215	0.9622313	1.0
SPIKE	S98:A>T	0	204354	0.0	9999.0	0.0	TRUE	A	2.9259569E-5	2.0	1.06719264E-4	0.999532	24.547073	0.24361144	0.9891556	1.0
SPIKE	S99:T>C	1	204354	4.8934694E-6	2.8161247	40.0	TRUE	T	5.2826075E-5	3.0	5.3364114E-5	0.99915516	40.226627	0.26837435	0.97071487	1.0
SPIKE	S99:T>A	1	204354	4.8934694E-6	4.8529706	40.0	TRUE	T	3.019164E-5	1.0	1.1490435E-4	0.999517	27.55731	0.22391488	0.99365574	1.0
SPIKE	S99:T>G	0	204354	0.0	9999.0	0.0	TRUE	T	1.9395241E-4	0.0	1.224949E-5	0.9969016	174.03934	0.22773838	0.98782253	1.0
SPIKE	S100:C>T	4	204354	1.9573878E-5	28.138695	40.0	TRUE	C	2.4699639E-5	22.0	4.6265766E-5	0.9996049	147.65297	0.22944106	0.97426724	0.0
SPIKE	S100:C>A	11	204354	5.382816E-5	131.19197	39.18182	TRUE	C	1.4981091E-5	0.0	1.5119539E-4	0.9997603	13.486115	0.22704157	0.96711665	1.0
SPIKE	S100:C>G	0	204354	0.0	9999.0	0.0	TRUE	C	1.1960733E-4	0.0	2.4009216E-5	0.9980881	103.19832	0.23685291	0.99056315	1.0
SPIKE	S101:G>A	4	204354	1.9573878E-5	32.05605	38.75	TRUE	G	1.9346335E-5	17.0	1.2460076E-4	0.99969053	27.20447	0.23258786	0.9691903	0.0
SPIKE	S101:G>C	0	204354	0.0	9999.0	0.0	TRUE	G	1.184227E-4	0.0	2.223541E-5	0.998107	100.57331	0.24062736	0.9897853	1.0
SPIKE	S101:G>T	0	204354	0.0	9999.0	0.0	TRUE	G	1.1501531E-4	1.0	2.3933948E-5	0.99816144	93.00965	0.25270927	0.98726517	1.0
SPIKE	S102:T>A	0	204354	0.0	9999.0	0.0	TRUE	T	3.019164E-5	1.0	1.1490435E-4	0.999517	27.55731	0.22391488	0.99365574	1.0
SPIKE	S102:T>G	0	204354	0.0	9999.0	0.0	TRUE	T	1.9395241E-4	0.0	1.224949E-5	0.9969016	174.03934	0.22773838	0.98782253	1.0
SPIKE	S102:T>C	0	204354	0.0	9999.0	0.0	TRUE	T	5.2826075E-5	2.0	5.3364114E-5	0.99915516	40.226627	0.26837435	0.97071487	1.0
SPIKE	S103:G>A	4	204354	1.9573878E-5	24.597464	40.0	TRUE	G	3.095922E-5	3.0	1.2460076E-4	0.9995048	27.20447	0.23258786	0.9691903	1.0
SPIKE	S103:G>C	0	204354	0.0	9999.0	0.0	TRUE	G	1.184227E-4	1.0	2.223541E-5	0.998107	100.57331	0.24062736	0.9897853	1.0
SPIKE	S103:G>T	0	204354	0.0	9999.0	0.0	TRUE	G	1.1501531E-4	7.0	2.3933948E-5	0.99816144	93.00965	0.25270927	0.98726517	1.0
SPIKE	S104:G>T	1	204354	4.8934694E-6	0.78320926	40.0	TRUE	G	1.1501531E-4	7.0	2.3933948E-5	0.99816144	93.00965	0.25270927	0.98726517	1.0
SPIKE	S104:G>A	7	204354	3.4254284E-5	73.930405	38.857143	TRUE	G	1.47942565E-5	13.0	1.2460076E-4	0.9997633	27.20447	0.23258786	0.9691903	0.0
SPIKE	S104:G>C	0	204354	0.0	9999.0	0.0	TRUE	G	1.184227E-4	0.0	2.223541E-5	0.998107	100.57331	0.24062736	0.9897853	1.0
SPIKE	S105:C>T	2	204354	9.786939E-6	3.161256	38.0	TRUE	C	9.0939575E-5	81.0	4.6265766E-5	0.998546	147.65297	0.22944106	0.97426724	0.0
SPIKE	S105:C>A	27	204354	1.3212366E-4	409.8718	39.851852	TRUE	C	1.4981091E-5	7.0	1.5119539E-4	0.9997603	13.486115	0.22704157	0.96711665	1.0
SPIKE	S105:C>G	1	204354	4.8934694E-6	0.7153083	40.0	TRUE	C	1.1960733E-4	3.0	2.4009216E-5	0.9980881	103.19832	0.23685291	0.99056315	1.0
SPIKE	S106:G>T	2	204354	9.786939E-6	2.0984175	40.0	TRUE	G	1.1501531E-4	4.0	2.3933948E-5	0.99816144	93.00965	0.25270927	0.98726517	1.0
SPIKE	S106:G>A	2	204354	9.786939E-6	15.302894	40.0	TRUE	G	1.5932275E-5	14.0	1.2460076E-4	0.99974513	27.20447	0.23258786	0.9691903	0.0
SPIKE	S106:G>C	0	204354	0.0	9999.0	0.0	TRUE	G	1.184227E-4	0.0	2.223541E-5	0.998107	100.57331	0.24062736	0.9897853	1.0
SPIKE	S107:G>A	11	204354	5.382816E-5	39.288597	38.727272	TRUE	G	1.2404415E-4	109.0	1.2460076E-4	0.99801725	27.20447	0.23258786	0.9691903	0.0
SPIKE	S107:G>C	0	204354	0.0	9999.0	0.0	TRUE	G	1.184227E-4	1.0	2.223541E-5	0.998107	100.57331	0.24062736	0.9897853	1.0
SPIKE	S107:G>T	0	204354	0.0	9999.0	0.0	TRUE	G	1.1501531E-4	4.0	2.3933948E-5	0.99816144	93.00965	0.25270927	0.98726517	1.0
SPIKE	S108:C>T	5	204354	2.4467347E-5	31.614067	38.8	TRUE	C	3.3681325E-5	30.0	4.6265766E-5	0.99946123	147.65297	0.22944106	0.97426724	0.0
SPIKE	S108:C>A	28	204354	1.3701714E-4	428.97314	39.714287	TRUE	C	1.4981091E-5	7.0	1.5119539E-4	0.9997603	13.486115	0.22704157	0.96711665	1.0
SPIKE	S108:C>G	1	204354	4.8934694E-6	0.7153083	40.0	TRUE	C	1.1960733E-4	0.0	2.4009216E-5	0.9980881	103.19832	0.23685291	0.99056315	1.0
SPIKE	S109:A>G	0	204354	0.0	9999.0	0.0	TRUE	A	6.459442E-5	9.0	8.015167E-5	0.99896705	53.40389	0.2471952	0.9771991	1.0
SPIKE	S109:A>C	0	204354	0.0	9999.0	0.0	TRUE	A	1.41785795E-5	0.0	1.0613888E-4	0.99977314	9.909521	0.2924215	0.9622313	1.0
SPIKE	S109:A>T	0	204354	0.0	9999.0	0.0	TRUE	A	2.9259569E-5	1.0	1.06719264E-4	0.999532	24.547073	0.24361144	0.9891556	1.0
SPIKE	S110:G>A	5	204354	2.4467347E-5	42.689243	38.4	TRUE	G	1.9346335E-5	17.0	1.2460076E-4	0.99969053	27.20447	0.23258786	0.9691903	0.0
SPIKE	S110:G>C	0	204354	0.0	9999.0	0.0	TRUE	G	1.184227E-4	1.0	2.223541E-5	0.998107	100.57331	0.24062736	0.9897853	1.0
SPIKE	S110:G>T	0	204354	0.0	9999.0	0.0	TRUE	G	1.1501531E-4	5.0	2.3933948E-5	0.99816144	93.00965	0.25270927	0.98726517	1.0
SPIKE	S111:C>T	6	204354	2.9360815E-5	28.964647	38.0	TRUE	C	5.613554E-5	50.0	4.6265766E-5	0.99910223	147.65297	0.22944106	0.97426724	0.0
SPIKE	S111:C>A	14	204354	6.850857E-5	180.89908	40.0	TRUE	C	1.4441089E-5	13.0	1.5119539E-4	0.999769	13.486115	0.22704157	0.96711665	0.0
SPIKE	S111:C>G	0	204354	0.0	9999.0	0.0	TRUE	C	1.1960733E-4	1.0	2.4009216E-5	0.9980881	103.19832	0.23685291	0.99056315	1.0
SPIKE	S112:G>T	2	204354	9.786939E-6	2.0984175	40.0	TRUE	G	1.1501531E-4	4.0	2.3933948E-5	0.99816144	93.00965	0.25270927	0.98726517	1.0
SPIKE	S112:G>A	6	204354	2.9360815E-5	27.394098	40.0	TRUE	G	6.0315044E-5	53.0	1.2460076E-4	0.9990354	27.20447	0.23258786	0.9691903	0.0
SPIKE	S112:G>C	0	204354	0.0	9999.0	0.0	TRUE	G	1.184227E-4	1.0	2.223541E-5	0.998107	100.57331	0.24062736	0.9897853	1.0
SPIKE	S113:T>A	0	204354	0.0	9999.0	0.0	TRUE	T	3.019164E-5	0.0	1.1490435E-4	0.999517	27.55731	0.22391488	0.99365574	1.0
SPIKE	S113:T>G	0	204354	0.0	9999.0	0.0	TRUE	T	1.6716256E-5	15.0	1.224949E-5	0.99973255	174.03934	0.22773838	0.98782253	0.0
SPIKE	S113:T>C	0	204354	0.0	9999.0	0.0	TRUE	T	5.2826075E-5	4.0	5.3364114E-5	0.99915516	40.226627	0.26837435	0.97071487	1.0
SPIKE	S114:G>T	2	204354	9.786939E-6	2.0984175	37.5	TRUE	G	1.1501531E-4	1.0	2.3933948E-5	0.99816144	93.00965	0.25270927	0.98726517	1.0
SPIKE	S114:G>A	2	204354	9.786939E-6	10.099179	40.0	TRUE	G	3.095922E-5	0.0	1.2460076E-4	0.9995048	27.20447	0.23258786	0.9691903	1.0
SPIKE	S114:G>C	0	204354	0.0	9999.0	0.0	TRUE	G	1.184227E-4	0.0	2.223541E-5	0.998107	100.57331	0.24062736	0.9897853	1.0
SPIKE	S115:A>G	2	204354	9.786939E-6	17.55685	40.0	TRUE	A	1.2095451E-5	10.0	8.015167E-5	0.99980646	53.40389	0.2471952	0.9771991	0.0
SPIKE	S115:A>C	0	204354	0.0	9999.0	0.0	TRUE	A	1.41785795E-5	0.0	1.0613888E-4	0.99977314	9.909521	0.2924215	0.9622313	1.0
SPIKE	S115:A>T	0	204354	0.0	9999.0	0.0	TRUE	A	2.9259569E-5	0.0	1.06719264E-4	0.999532	24.547073	0.24361144	0.9891556	1.0
SPIKE	S116:C>G	1	204354	4.8934694E-6	0.7153083	40.0	TRUE	C	1.1960733E-4	0.0	2.4009216E-5	0.9980881	103.19832	0.23685291	0.99056315	1.0
SPIKE	S116:C>A	4	204354	1.9573878E-5	36.232975	40.0	TRUE	C	1.4981091E-5	4.0	1.5119539E-4	0.9997603	13.486115	0.22704157	0.96711665	1.0
SPIKE	S116:C>T	0	204354	0.0	9999.0	0.0	TRUE	C	1.6577159E-4	5.0	4.6265766E-5	0.99735117	147.65297	0.22944106	0.97426724	1.0
SPIKE	S117:C>T	1	204354	4.8934694E-6	0.2885526	40.0	TRUE	C	1.6577159E-4	4.0	4.6265766E-5	0.99735117	147.65297	0.22944106	0.97426724	1.0
SPIKE	S117:C>A	11	204354	5.382816E-5	129.45218	40.0	TRUE	C	1.5551941E-5	14.0	1.5119539E-4	0.9997512	13.486115	0.22704157	0.96711665	0.0
SPIKE	S117:C>G	0	204354	0.0	9999.0	0.0	TRUE	C	1.1960733E-4	0.0	2.4009216E-5	0.9980881	103.19832	0.23685291	0.99056315	1.0
SPIKE	S118:T>C	1	204354	4.8934694E-6	7.8660054	40.0	TRUE	T	1.4445327E-5	11.0	5.3364114E-5	0.9997689	40.226627	0.26837435	0.97071487	0.0
SPIKE	S118:T>A	0	204354	0.0	9999.0	0.0	TRUE	T	3.019164E-5	5.0	1.1490435E-4	0.999517	27.55731	0.22391488	0.99365574	1.0
SPIKE	S118:T>G	0	204354	0.0	9999.0	0.0	TRUE	T	1.9395241E-4	2.0	1.224949E-5	0.9969016	174.03934	0.22773838	0.98782253	1.0
SPIKE	S119:A>G	0	204354	0.0	9999.0	0.0	TRUE	A	6.459442E-5	0.0	8.015167E-5	0.99896705	53.40389	0.2471952	0.9771991	1.0
SPIKE	S119:A>C	0	204354	0.0	9999.0	0.0	TRUE	A	1.41785795E-5	0.0	1.0613888E-4	0.99977314	9.909521	0.2924215	0.9622313	1.0
SPIKE	S119:A>T	0	204354	0.0	9999.0	0.0	TRUE	A	2.9259569E-5	3.0	1.06719264E-4	0.999532	24.547073	0.24361144	0.9891556	1.0
SPIKE	S120:T>A	0	204354	0.0	9999.0	0.0	TRUE	T	3.019164E-5	0.0	1.1490435E-4	0.999517	27.55731	0.22391488	0.99365574	1.0
SPIKE	S120:T>G	0	204354	0.0	9999.0	0.0	TRUE	T	1.9395241E-4	1.0	1.224949E-5	0.9969016	174.03934	0.22773838	0.98782253	1.0
SPIKE	S120:T>C	0	204354	0.0	9999.0	0.0	TRUE	T	5.2826075E-5	4.0	5.3364114E-5	0.99915516	40.226627	0.26837435	0.97071487	1.0
SPIKE	S121:G>C	1	204354	4.8934694E-6	0.73222786	40.0	TRUE	G	1.184227E-4	0.0	2.223541E-5	0.998107	100.57331	0.24062736	0.9897853	1.0
SPIKE	S121:G>A	0	204354	0.0	9999.0	0.0	TRUE	G	3.095922E-5	0.0	1.2460076E-4	0.9995048	27.20447	0.23258786	0.9691903	1.0
SPIKE	S121:G>T	0	204354	0.0	9999.0	0.0	TRUE	G	1.1501531E-4	4.0	2.3933948E-5	0.99816144	93.00965	0.25270927	0.98726517	1.0
SPIKE	S122:T>A	0	204354	0.0	9999.0	0.0	TRUE	T	3.019164E-5	0.0	1.1490435E-4	0.999517	27.55731	0.22391488	0.99365574	1.0
SPIKE	S122:T>G	0	204354	0.0	9999.0	0.0	TRUE	T	1.9395241E-4	1.0	1.224949E-5	0.9969016	174.03934	0.22773838	0.98782253	1.0
SPIKE	S122:T>C	0	204354	0.0	9999.0	0.0	TRUE	T	5.2826075E-5	2.0	5.3364114E-5	0.99915516	40.226627	0.26837435	0.97071487	1.0
SPIKE	S123:G>A	3	204354	1.4680408E-5	16.81109	40.0	TRUE	G	3.095922E-5	6.0	1.2460076E-4	0.9995048	27.20447	0.23258786	0.9691903	1.0
SPIKE	S123:G>C	0	204354	0.0	9999.0	0.0	TRUE	G	1.184227E-4	0.0	2.223541E-5	0.998107	100.57331	0.24062736	0.9897853	1.0
SPIKE	S123:G>T	0	204354	0.0	9999.0	0.0	TRUE	G	1.1501531E-4	3.0	2.3933948E-5	0.99816144	93.00965	0.25270927	0.98726517	1.0
SPIKE	S124:T>C	1	204354	4.8934694E-6	2.8161247	40.0	TRUE	T	5.2826075E-5	7.0	5.3364114E-5	0.99915516	40.226627	0.26837435	0.97071487	1.0
SPIKE	S124:T>A	1	204354	4.8934694E-6	4.8529706	32.0	TRUE	T	3.019164E-5	4.0	1.1490435E-4	0.999517	27.55731	0.22391488	0.99365574	1.0
SPIKE	S124:T>G	0	204354	0.0	9999.0	0.0	TRUE	T	2.2288341E-5	20.0	1.224949E-5	0.99964345	174.03934	0.22773838	0.98782253	0.0
SPIKE	S125:G>A	2	204354	9.786939E-6	10.099179	40.0	TRUE	G	3.095922E-5	7.0	1.2460076E-4	0.9995048	27.20447	0.23258786	0.9691903	1.0
SPIKE	S125:G>C	0	204354	0.0	9999.0	0.0	TRUE	G	1.184227E-4	0.0	2.223541E-5	0.998107	100.57331	0.24062736	0.9897853	1.0
SPIKE	S125:G>T	0	204354	0.0	9999.0	0.0	TRUE	G	1.1501531E-4	4.0	2.3933948E-5	0.99816144	93.00965	0.25270927	0.98726517	1.0
SPIKE	S126:C>T	25	204354	1.2233673E-4	87.95592	35.4	TRUE	C	2.503645E-4	223.0	4.6265766E-5	0.9960022	147.65297	0.22944106	0.97426724	0.0
SPIKE	S126:C>A	16	204354	7.829551E-5	214.27908	39.4375	TRUE	C	1.4441089E-5	13.0	1.5119539E-4	0.999769	13.486115	0.22704157	0.96711665	0.0
SPIKE	S126:C>G	0	204354	0.0	9999.0	0.0	TRUE	C	2.2021088E-5	19.0	2.4009216E-5	0.99964774	103.19832	0.23685291	0.99056315	0.0
SPIKE	S127:G>A	5	204354	2.4467347E-5	38.406536	38.4	TRUE	G	2.3898414E-5	21.0	1.2460076E-4	0.9996177	27.20447	0.23258786	0.9691903	0.0
SPIKE	S127:G>C	0	204354	0.0	9999.0	0.0	TRUE	G	1.184227E-4	0.0	2.223541E-5	0.998107	100.57331	0.24062736	0.9897853	1.0
SPIKE	S127:G>T	0	204354	0.0	9999.0	0.0	TRUE	G	1.1501531E-4	3.0	2.3933948E-5	0.99816144	93.00965	0.25270927	0.98726517	1.0
SPIKE	S128:G>A	6	204354	2.9360815E-5	41.14251	40.0	TRUE	G	3.3002572E-5	29.0	1.2460076E-4	0.9994721	27.20447	0.23258786	0.9691903	0.0
SPIKE	S128:G>C	0	204354	0.0	9999.0	0.0	TRUE	G	1.184227E-4	2.0	2.223541E-5	0.998107	100.57331	0.24062736	0.9897853	1.0
SPIKE	S128:G>T	0	204354	0.0	9999.0	0.0	TRUE	G	1.1501531E-4	5.0	2.3933948E-5	0.99816144	93.00965	0.25270927	0.98726517	1.0
SPIKE	S129:C>A	35	204354	1.7127141E-4	550.67944	39.82857	TRUE	C	1.6662794E-5	15.0	1.5119539E-4	0.99973345	13.486115	0.22704157	0.96711665	0.0
SPIKE	S129:C>T	8	204354	3.9147755E-5	56.57387	36.375	TRUE	C	3.817217E-5	34.0	4.6265766E-5	0.9993894	147.65297	0.22944106	0.97426724	0.0
SPIKE	S129:C>G	0	204354	0.0	9999.0	0.0	TRUE	C	1.1960733E-4	1.0	2.4009216E-5	0.9980881	103.19832	0.23685291	0.99056315	1.0
SPIKE	S130:G>A	2	204354	9.786939E-6	17.273645	40.0	TRUE	G	1.2518217E-5	11.0	1.2460076E-4	0.9997997	27.20447	0.23258786	0.9691903	0.0
SPIKE	S130:G>T	4	204354	1.9573878E-5	6.9622188	38.5	TRUE	G	1.1501531E-4	2.0	2.3933948E-5	0.99816144	93.00965	0.25270927	0.98726517	1.0
SPIKE	S130:G>C	0	204354	0.0	9999.0	0.0	TRUE	G	1.184227E-4	0.0	2.223541E-5	0.998107	100.57331	0.24062736	0.9897853	1.0
SPIKE	S131:G>A	9	204354	4.4041222E-5	35.48205	39.11111	TRUE	G	9.5593656E-5	84.0	1.2460076E-4	0.9984717	27.20447	0.23258786	0.9691903	0.0
SPIKE	S131:G>C	0	204354	0.0	9999.0	0.0	TRUE	G	1.184227E-4	1.0	2.223541E-5	0.998107	100.57331	0.24062736	0.9897853	1.0
SPIKE	S131:G>T	0	204354	0.0	9999.0	0.0	TRUE	G	1.1501531E-4	4.0	2.3933948E-5	0.99816144	93.00965	0.25270927	0.98726517	1.0
SPIKE	S132:C>A	18	204354	8.8082445E-5	245.89836	39.666668	TRUE	C	1.4981091E-5	8.0	1.5119539E-4	0.9997603	13.486115	0.22704157	0.96711665	1.0
SPIKE	S132:C>T	1	204354	4.8934694E-6	7.822487	31.0	TRUE	C	1.4595241E-5	13.0	4.6265766E-5	0.9997665	147.65297	0.22944106	0.97426724	0.0
SPIKE	S132:C>G	0	204354	0.0	9999.0	0.0	TRUE	C	1.1960733E-4	0.0	2.4009216E-5	0.9980881	103.19832	0.23685291	0.99056315	1.0
SPIKE	S133:A>G	0	204354	0.0	9999.0	0.0	TRUE	A	6.459442E-5	1.0	8.015167E-5	0.99896705	53.40389	0.2471952	0.9771991	1.0
SPIKE	S133:A>C	0	204354	0.0	9999.0	0.0	TRUE	A	1.41785795E-5	0.0	1.0613888E-4	0.99977314	9.909521	0.2924215	0.9622313	1.0
SPIKE	S133:A>T	0	204354	0.0	9999.0	0.0	TRUE	A	2.9259569E-5	1.0	1.06719264E-4	0.999532	24.547073	0.24361144	0.9891556	1.0
SPIKE	S134:G>A	0	204354	0.0	9999.0	0.0	TRUE	G	2.2760394E-5	20.0	1.2460076E-4	0.9996359	27.20447	0.23258786	0.9691903	0.0
SPIKE	S134:G>C	0	204354	0.0	9999.0	0.0	TRUE	G	1.184227E-4	1.0	2.223541E-5	0.998107	100.57331	0.24062736	0.9897853	1.0
SPIKE	S134:G>T	0	204354	0.0	9999.0	0.0	TRUE	G	1.1501531E-4	3.0	2.3933948E-5	0.99816144	93.00965	0.25270927	0.98726517	1.0
SPIKE	S135:C>A	2	204354	9.786939E-6	10.337277	40.0	TRUE	C	2.999303E-5	27.0	1.5119539E-4	0.99952024	13.486115	0.22704157	0.96711665	0.0
SPIKE	S135:C>T	13	204354	6.36151E-5	28.034058	39.23077	TRUE	C	2.2117404E-4	197.0	4.6265766E-5	0.9964675	147.65297	0.22944106	0.97426724	0.0
SPIKE	S135:C>G	0	204354	0.0	9999.0	0.0	TRUE	C	1.1960733E-4	0.0	2.4009216E-5	0.9980881	103.19832	0.23685291	0.99056315	1.0
SPIKE	S136:C>T	12	204354	5.872163E-5	13.981031	39.083332	TRUE	C	3.0425465E-4	271.0	4.6265766E-5	0.9951438	147.65297	0.22944106	0.97426724	0.0
SPIKE	S136:C>A	0	204354	0.0	9999.0	0.0	TRUE	C	2.4438767E-5	22.0	1.5119539E-4	0.99960905	13.486115	0.22704157	0.96711665	0.0
SPIKE	S136:C>G	0	204354	0.0	9999.0	0.0	TRUE	C	1.1960733E-4	0.0	2.4009216E-5	0.9980881	103.19832	0.23685291	0.99056315	1.0
SPIKE	I137:>T	3	204354	1.4680408E-5	9999.0	39.96712	TRUE		NaN	NaN	NaN	NaN	NaN	NaN	NaN	NaN
SPIKE	S137:T>A	1	204354	4.8934694E-6	4.8529706	40.0	TRUE	T	3.019164E-5	7.0	1.1490435E-4	0.999517	27.55731	0.22391488	0.99365574	1.0
SPIKE	S137:T>G	2	204354	9.786939E-6	7.2979555	35.5	TRUE	T	4.56911E-5	41.0	1.224949E-5	0.9992692	174.03934	0.22773838	0.98782253	0.0
SPIKE	S137:T>C	2	204354	9.786939E-6	5.077857	40.0	TRUE	T	6.434737E-5	49.0	5.3364114E-5	0.998971	40.226627	0.26837435	0.97071487	0.0
SPIKE	D137-138:T>	1	204354	4.8934694E-6	9999.0	39.96712	TRUE		NaN	NaN	NaN	NaN	NaN	NaN	NaN	NaN
SPIKE	I138:>G	7	204353	3.425445E-5	9999.0	39.95313	TRUE		NaN	NaN	NaN	NaN	NaN	NaN	NaN	NaN
SPIKE	D138-139:G>	1	204353	4.893493E-6	9999.0	39.95313	TRUE		NaN	NaN	NaN	NaN	NaN	NaN	NaN	NaN
SPIKE	S138:G>A	0	204353	0.0	9999.0	0.0	TRUE	G	2.389853E-5	21.0	1.2460076E-4	0.9996177	27.204336	0.23258786	0.9691903	0.0
SPIKE	S138:G>C	0	204353	0.0	9999.0	0.0	TRUE	G	1.1774822E-5	10.0	2.223541E-5	0.99981165	100.572815	0.24062736	0.9897853	0.0
SPIKE	S138:G>T	0	204353	0.0	9999.0	0.0	TRUE	G	1.2366015E-5	10.0	2.3933948E-5	0.9998022	93.00919	0.25270927	0.98726517	0.0
SPIKE	S139:A>T	1	204353	4.893493E-6	0.015975114	40.0	TRUE	A	3.0991578E-4	260.0	1.06719264E-4	0.99505365	24.546953	0.24361144	0.9891556	0.0
SPIKE	D139-140:A>	30	204353	1.468048E-4	9999.0	39.95229	TRUE		NaN	NaN	NaN	NaN	NaN	NaN	NaN	NaN
SPIKE	D139-141:AT>	1	204353	4.893493E-6	9999.0	39.95229	TRUE		NaN	NaN	NaN	NaN	NaN	NaN	NaN	NaN
SPIKE	I139:>A	3	204353	1.468048E-5	9999.0	39.95229	TRUE		NaN	NaN	NaN	NaN	NaN	NaN	NaN	NaN
SPIKE	S139:A>G	0	204353	0.0	9999.0	0.0	TRUE	A	5.2010695E-5	43.0	8.015167E-5	0.99916816	53.40363	0.2471952	0.9771991	0.0
SPIKE	S139:A>C	0	204353	0.0	9999.0	0.0	TRUE	A	1.41785795E-5	1.0	1.0613888E-4	0.99977314	9.909472	0.2924215	0.9622313	1.0
SPIKE	D140-143:TTA>	1	204347	4.8936367E-6	9999.0	39.963585	TRUE		NaN	NaN	NaN	NaN	NaN	NaN	NaN	NaN
SPIKE	I140:>T	16	204347	7.829819E-5	9999.0	39.963585	TRUE		NaN	NaN	NaN	NaN	NaN	NaN	NaN	NaN
SPIKE	D140-141:T>	77	204347	3.7681003E-4	9999.0	39.963585	TRUE		NaN	NaN	NaN	NaN	NaN	NaN	NaN	NaN
SPIKE	D140-142:TT>	3	204347	1.4680911E-5	9999.0	39.963585	TRUE		NaN	NaN	NaN	NaN	NaN	NaN	NaN	NaN
SPIKE	S140:T>A	0	204347	0.0	9999.0	0.0	TRUE	T	1.0956321E-4	100.0	1.1490435E-4	0.9982485	27.556366	0.22391488	0.99365574	0.0
SPIKE	S140:T>G	0	204347	0.0	9999.0	0.0	TRUE	T	6.9096226E-5	62.0	1.224949E-5	0.99889505	174.03337	0.22773838	0.98782253	0.0
SPIKE	S140:T>C	0	204347	0.0	9999.0	0.0	TRUE	T	5.2826075E-5	5.0	5.3364114E-5	0.99915516	40.22525	0.26837435	0.97071487	1.0
SPIKE	S141:T>G	6	204335	2.9363546E-5	12.617084	38.833332	TRUE	T	1.2816988E-4	115.0	1.224949E-5	0.9979514	174.02315	0.22773838	0.98782253	0.0
SPIKE	S141:T>A	0	204335	0.0	9999.0	0.0	TRUE	T	7.8561436E-4	717.0	1.1490435E-4	0.98750883	27.554749	0.22391488	0.99365574	0.0
SPIKE	S141:T>C	0	204335	0.0	9999.0	0.0	TRUE	T	5.5160013E-5	42.0	5.3364114E-5	0.99911785	40.22289	0.26837435	0.97071487	0.0
SPIKE	D142-143:A>	48	204333	2.3491067E-4	9999.0	39.864685	TRUE		NaN	NaN	NaN	NaN	NaN	NaN	NaN	NaN
SPIKE	D142-144:AG>	2	204333	9.787944E-6	9999.0	39.864685	TRUE		NaN	NaN	NaN	NaN	NaN	NaN	NaN	NaN
SPIKE	D142-145:AGC>	1	204333	4.893972E-6	9999.0	39.864685	TRUE		NaN	NaN	NaN	NaN	NaN	NaN	NaN	NaN
SPIKE	I142:>A	5	204333	2.446986E-5	9999.0	39.864685	TRUE		NaN	NaN	NaN	NaN	NaN	NaN	NaN	NaN
SPIKE	S142:A>G	0	204333	0.0	9999.0	0.0	TRUE	A	0.0011830567	978.0	8.015167E-5	0.9812491	53.398403	0.2471952	0.9771991	0.0
SPIKE	S142:A>C	0	204333	0.0	9999.0	0.0	TRUE	A	2.2609023E-4	158.0	1.0613888E-4	0.9963891	9.908503	0.2924215	0.9622313	0.0
SPIKE	S142:A>T	0	204333	0.0	9999.0	0.0	TRUE	A	2.72991E-4	229.0	1.06719264E-4	0.99564165	24.544552	0.24361144	0.9891556	0.0
SPIKE	D143-145:GC>	4	204326	1.9576559E-5	9999.0	39.829243	TRUE		NaN	NaN	NaN	NaN	NaN	NaN	NaN	NaN
SPIKE	I143:>G	14	204326	6.8517955E-5	9999.0	39.829243	TRUE		NaN	NaN	NaN	NaN	NaN	NaN	NaN	NaN
SPIKE	D143-144:G>	40	204326	1.9576559E-4	9999.0	39.829243	TRUE		NaN	NaN	NaN	NaN	NaN	NaN	NaN	NaN
SPIKE	S143:G>A	0	204326	0.0	9999.0	0.0	TRUE	G	2.6064223E-4	229.0	1.2460076E-4	0.9958384	27.20074	0.23258786	0.9691903	0.0
SPIKE	S143:G>C	0	204326	0.0	9999.0	0.0	TRUE	G	0.001537995	1306.0	2.223541E-5	0.9756924	100.55953	0.24062736	0.9897853	0.0
SPIKE	S143:G>T	0	204326	0.0	9999.0	0.0	TRUE	G	3.7102945E-5	30.0	2.3933948E-5	0.9994065	92.9969	0.25270927	0.98726517	0.0
SPIKE	S144:C>T	6	204323	2.936527E-5	1.4863478	39.0	TRUE	C	3.334957E-4	297.0	4.6265766E-5	0.99467826	147.63057	0.22944106	0.97426724	0.0
SPIKE	D144-145:C>	81	204323	3.9643113E-4	9999.0	39.90883	TRUE		NaN	NaN	NaN	NaN	NaN	NaN	NaN	NaN
SPIKE	I144:>C	42	204323	2.0555689E-4	9999.0	39.90883	TRUE		NaN	NaN	NaN	NaN	NaN	NaN	NaN	NaN
SPIKE	S144:C>A	0	204323	0.0	9999.0	0.0	TRUE	C	3.666371E-5	33.0	1.5119539E-4	0.99941355	13.48407	0.22704157	0.96711665	0.0
SPIKE	S144:C>G	0	204323	0.0	9999.0	0.0	TRUE	C	3.906438E-4	337.0	2.4009216E-5	0.99376917	103.18266	0.23685291	0.99056315	0.0
SPIKE	S145:C>A	2	204316	9.788759E-6	8.429803	35.5	TRUE	C	3.8887087E-5	35.0	1.5119539E-4	0.999378	13.483607	0.22704157	0.96711665	0.0
SPIKE	S145:C>T	9	204316	4.4049415E-5	4.011405	40.0	TRUE	C	3.6494888E-4	325.0	4.6265766E-5	0.9941778	147.62552	0.22944106	0.97426724	0.0
SPIKE	S145:C>G	0	204316	0.0	9999.0	0.0	TRUE	C	2.3764012E-4	205.0	2.4009216E-5	0.996205	103.17913	0.23685291	0.99056315	0.0
SPIKE	S146:C>A	2	204241	9.792353E-6	8.637851	38.0	TRUE	C	3.7789898E-5	34.0	1.5119539E-4	0.99939555	13.478658	0.22704157	0.96711665	0.0
SPIKE	S146:C>T	2	204241	9.792353E-6	0.0067206407	37.5	TRUE	C	4.3809947E-4	390.0	4.6265766E-5	0.99301493	147.57133	0.22944106	0.97426724	0.0
SPIKE	I146:>T	1	204241	4.8961765E-6	9999.0	39.812313	TRUE		NaN	NaN	NaN	NaN	NaN	NaN	NaN	NaN
SPIKE	S146:C>G	0	204241	0.0	9999.0	0.0	TRUE	C	0.0018983402	1637.0	2.4009216E-5	0.9700832	103.14126	0.23685291	0.99056315	0.0
SPIKE	S147:G>A	0	204217	0.0	9999.0	0.0	TRUE	G	2.2775663E-5	20.0	1.2460076E-4	0.99963564	27.186232	0.23258786	0.9691903	0.0
SPIKE	S147:G>C	0	204217	0.0	9999.0	0.0	TRUE	G	7.6116004E-4	646.0	2.223541E-5	0.9878953	100.50588	0.24062736	0.9897853	0.0
SPIKE	S147:G>T	0	204217	0.0	9999.0	0.0	TRUE	G	0.002160544	1746.0	2.3933948E-5	0.96602196	92.947296	0.25270927	0.98726517	0.0
SPIKE	S148:T>G	4	204128	1.9595547E-5	-0.0	40.0	TRUE	T	0.0028683385	2571.0	1.224949E-5	0.95514375	173.84686	0.22773838	0.98782253	0.0
SPIKE	S148:T>A	0	204128	0.0	9999.0	0.0	TRUE	T	3.019164E-5	0.0	1.1490435E-4	0.999517	27.526834	0.22391488	0.99365574	1.0
SPIKE	S148:T>C	0	204128	0.0	9999.0	0.0	TRUE	T	3.2866639E-4	250.0	5.3364114E-5	0.99475515	40.18214	0.26837435	0.97071487	0.0
SPIKE	S149:G>A	0	204093	0.0	9999.0	0.0	TRUE	G	1.1394751E-5	10.0	1.2460076E-4	0.9998177	27.169724	0.23258786	0.9691903	0.0
SPIKE	S149:G>C	0	204093	0.0	9999.0	0.0	TRUE	G	0.0024074817	2042.0	2.223541E-5	0.96221274	100.444855	0.24062736	0.9897853	0.0
SPIKE	S149:G>T	0	204093	0.0	9999.0	0.0	TRUE	G	0.0011403608	921.0	2.3933948E-5	0.98191965	92.89086	0.25270927	0.98726517	0.0
SPIKE	S150:C>A	0	204001	0.0	9999.0	0.0	TRUE	C	5.341321E-5	48.0	1.5119539E-4	0.99914575	13.462819	0.22704157	0.96711665	0.0
SPIKE	S150:C>G	0	204001	0.0	9999.0	0.0	TRUE	C	0.0013142634	1132.0	2.4009216E-5	0.97919136	103.02006	0.23685291	0.99056315	0.0
SPIKE	S150:C>T	0	204001	0.0	9999.0	0.0	TRUE	C	0.0026159442	2326.0	4.6265766E-5	0.95900875	147.39792	0.22944106	0.97426724	0.0
SPIKE	S151:T>A	0	203927	0.0	9999.0	0.0	TRUE	T	3.019164E-5	0.0	1.1490435E-4	0.999517	27.49973	0.22391488	0.99365574	1.0
SPIKE	S151:T>G	0	203927	0.0	9999.0	0.0	TRUE	T	0.0030152265	2700.0	1.224949E-5	0.9529016	173.67567	0.22773838	0.98782253	0.0
SPIKE	S151:T>C	0	203927	0.0	9999.0	0.0	TRUE	T	0.0010567169	803.0	5.3364114E-5	0.98323464	40.142574	0.26837435	0.97071487	0.0
SPIKE	S152:G>A	0	203882	0.0	9999.0	0.0	TRUE	G	1.4828506E-5	13.0	1.2460076E-4	0.9997628	27.141634	0.23258786	0.9691903	0.0
SPIKE	S152:G>C	0	203882	0.0	9999.0	0.0	TRUE	G	3.1865464E-5	27.0	2.223541E-5	0.99949026	100.34101	0.24062736	0.9897853	0.0
SPIKE	S152:G>T	0	203882	0.0	9999.0	0.0	TRUE	G	0.0011291464	911.0	2.3933948E-5	0.9820959	92.79482	0.25270927	0.98726517	0.0
SPIKE	S153:G>A	0	203738	0.0	9999.0	0.0	TRUE	G	1.3697526E-5	12.0	1.2460076E-4	0.9997809	27.122465	0.23258786	0.9691903	0.0
SPIKE	S153:G>C	0	203738	0.0	9999.0	0.0	TRUE	G	2.5982803E-5	22.0	2.223541E-5	0.9995844	100.27014	0.24062736	0.9897853	0.0
SPIKE	S153:G>T	0	203738	0.0	9999.0	0.0	TRUE	G	2.2326018E-5	18.0	2.3933948E-5	0.99964285	92.72929	0.25270927	0.98726517	0.0
