#pipeline_block
reference	mutation	count	coverage	freq	score	cqs	has.reference	ancestral.allele	error.rate	minor.count.local	minor.fdr	minor.recall	minor.count.global	read.fraction.in.minors	q.filtered.read.fraction	global.est
SPIKE	S0:T>A	0	170656	0.0	9999.0	0.0	TRUE	T	5.0228077E-6	13.0	5.837001E-4	0.9997238	89.00947	0.06597484	0.9858755	0.0
SPIKE	S0:T>G	0	170656	0.0	9999.0	0.0	TRUE	T	1.7107633E-4	9.0	2.290242E-4	0.9906349	700.56537	0.04168332	0.98128587	1.0
SPIKE	S0:T>C	0	170656	0.0	9999.0	0.0	TRUE	T	8.7000015E-5	244.0	5.782574E-4	0.99522644	298.8008	0.060883872	0.9721225	0.0
SPIKE	S1:A>G	0	170759	0.0	9999.0	0.0	TRUE	A	1.4338052E-4	439.0	5.515065E-4	0.99214506	398.63412	0.055801876	0.9762507	0.0
SPIKE	S1:A>C	0	170759	0.0	9999.0	0.0	TRUE	A	1.1220397E-4	194.0	7.083194E-4	0.9938478	44.769413	0.098832056	0.95339644	0.0
SPIKE	S1:A>T	0	170759	0.0	9999.0	0.0	TRUE	A	1.638751E-5	34.0	6.8269315E-4	0.9990991	65.31479	0.082359605	0.9831121	0.0
SPIKE	S2:G>A	0	170866	0.0	9999.0	0.0	TRUE	G	1.03177474E-4	334.0	6.071251E-4	0.9943413	344.82767	0.052815065	0.9759758	0.0
SPIKE	S2:G>C	0	170866	0.0	9999.0	0.0	TRUE	G	7.6194905E-5	8.0	3.4175147E-4	0.9958181	300.64282	0.043319076	0.98499084	1.0
SPIKE	S2:G>T	0	170866	0.0	9999.0	0.0	TRUE	G	4.8168527E-6	17.0	3.868369E-4	0.9997351	258.23633	0.048432637	0.9827735	0.0
SPIKE	S3:C>A	0	171020	0.0	9999.0	0.0	TRUE	C	1.0777864E-5	4.0	0.001544903	0.9994074	12.027095	0.15349363	0.97257596	1.0
SPIKE	S3:C>G	0	171020	0.0	9999.0	0.0	TRUE	C	5.7302923E-6	23.0	3.7985508E-4	0.9996849	311.53873	0.042624652	0.9866955	0.0
SPIKE	S3:C>T	0	171020	0.0	9999.0	0.0	TRUE	C	3.4605904E-4	1186.0	4.5754566E-4	0.98114675	676.0922	0.049924206	0.97986174	0.0
SPIKE	S4:G>A	56	171120	3.2725572E-4	589.46313	39.982143	TRUE	G	1.0487506E-4	340.0	6.071251E-4	0.99424845	345.34027	0.052815065	0.9759758	0.0
SPIKE	S4:G>T	2	171120	1.16877045E-5	29.81017	35.5	TRUE	G	3.3950844E-6	12.0	3.868369E-4	0.99981326	258.6202	0.048432637	0.9827735	0.0
SPIKE	S4:G>C	0	171120	0.0	9999.0	0.0	TRUE	G	4.8082115E-6	19.0	3.4175147E-4	0.9997356	301.08972	0.043319076	0.98499084	0.0
SPIKE	S5:T>A	8	171211	4.672597E-5	65.61753	33.875	TRUE	T	3.4390574E-5	0.0	5.837001E-4	0.9981103	89.29894	0.06597484	0.9858755	1.0
SPIKE	S5:T>G	1	171211	5.8407463E-6	12.330137	40.0	TRUE	T	6.0851485E-6	25.0	2.290242E-4	0.9996654	702.84375	0.04168332	0.98128587	0.0
SPIKE	S5:T>C	28	171211	1.635409E-4	182.96773	39.857143	TRUE	T	1.4784707E-4	416.0	5.782574E-4	0.9919014	299.77258	0.060883872	0.9721225	0.0
SPIKE	I6:>G	2	171283	1.1676582E-5	9999.0	39.96958	TRUE		NaN	NaN	NaN	NaN	NaN	NaN	NaN	NaN
SPIKE	S6:G>A	47	171283	2.7439967E-4	696.2986	37.914894	TRUE	G	3.2357064E-5	105.0	6.071251E-4	0.99822193	345.66922	0.052815065	0.9759758	0.0
SPIKE	S6:G>C	1	171283	5.838291E-6	2.2143192	40.0	TRUE	G	7.6194905E-5	2.0	3.4175147E-4	0.9958181	301.37653	0.043319076	0.98499084	1.0
SPIKE	S6:G>T	2	171283	1.1676582E-5	24.626493	38.5	TRUE	G	6.218398E-6	22.0	3.868369E-4	0.99965805	258.86658	0.048432637	0.9827735	0.0
SPIKE	S7:A>C	16	171348	9.337722E-5	226.43654	39.5	TRUE	A	1.4409572E-5	25.0	7.083194E-4	0.9992078	44.923836	0.098832056	0.95339644	0.0
SPIKE	D7-8:A>	150	171348	8.7541144E-4	9999.0	39.88094	TRUE		NaN	NaN	NaN	NaN	NaN	NaN	NaN	NaN
SPIKE	I7:>A	1	171348	5.836076E-6	9999.0	39.88094	TRUE		NaN	NaN	NaN	NaN	NaN	NaN	NaN	NaN
SPIKE	S7:A>G	0	171348	0.0	9999.0	0.0	TRUE	A	6.1191065E-5	188.0	5.515065E-4	0.99664015	400.00916	0.055801876	0.9762507	0.0
SPIKE	S7:A>T	0	171348	0.0	9999.0	0.0	TRUE	A	3.1480788E-5	6.0	6.8269315E-4	0.99827003	65.54008	0.082359605	0.9831121	1.0
SPIKE	S8:A>G	4	171357	2.3343078E-5	13.704638	39.75	TRUE	A	7.8112156E-5	240.0	5.515065E-4	0.99571306	400.03015	0.055801876	0.9762507	0.0
SPIKE	S8:A>C	12	171357	7.002924E-5	155.78392	40.0	TRUE	A	1.4985168E-5	26.0	7.083194E-4	0.99917614	44.926193	0.098832056	0.95339644	0.0
SPIKE	S8:A>T	0	171357	0.0	9999.0	0.0	TRUE	A	1.5369715E-5	32.0	6.8269315E-4	0.99915504	65.54352	0.082359605	0.9831121	0.0
SPIKE	S9:G>A	56	171365	3.2678785E-4	839.0875	39.732143	TRUE	G	3.665379E-5	119.0	6.071251E-4	0.9979861	345.83472	0.052815065	0.9759758	0.0
SPIKE	S9:G>T	1	171365	5.835497E-6	2.336499	40.0	TRUE	G	7.316979E-5	6.0	3.868369E-4	0.9959837	258.99048	0.048432637	0.9827735	1.0
SPIKE	D9-10:G>	63	171365	3.6763633E-4	9999.0	39.95692	TRUE		NaN	NaN	NaN	NaN	NaN	NaN	NaN	NaN
SPIKE	D9-11:GA>	6	171365	3.5012985E-5	9999.0	39.95692	TRUE		NaN	NaN	NaN	NaN	NaN	NaN	NaN	NaN
SPIKE	S9:G>C	0	171365	0.0	9999.0	0.0	TRUE	G	7.6194905E-5	0.0	3.4175147E-4	0.9958181	301.5208	0.043319076	0.98499084	1.0
SPIKE	S10:A>G	3	171365	1.7506492E-5	1.164168	40.0	TRUE	A	2.4213638E-4	744.0	5.515065E-4	0.9867708	400.04883	0.055801876	0.9762507	0.0
SPIKE	S10:A>C	9	171365	5.2519477E-5	126.73805	39.88889	TRUE	A	9.221211E-6	16.0	7.083194E-4	0.99949294	44.92829	0.098832056	0.95339644	0.0
SPIKE	D10-11:A>	58	171365	3.3845883E-4	9999.0	39.9027	TRUE		NaN	NaN	NaN	NaN	NaN	NaN	NaN	NaN
SPIKE	D10-12:AC>	4	171365	2.3341989E-5	9999.0	39.9027	TRUE		NaN	NaN	NaN	NaN	NaN	NaN	NaN	NaN
SPIKE	S10:A>T	0	171365	0.0	9999.0	0.0	TRUE	A	3.1480788E-5	7.0	6.8269315E-4	0.99827003	65.54658	0.082359605	0.9831121	1.0
SPIKE	S11:C>A	1	171366	5.835463E-6	9.537824	40.0	TRUE	C	1.16261945E-5	13.0	0.001544903	0.99936074	12.051428	0.15349363	0.97257596	0.0
SPIKE	S11:C>G	5	171366	2.9177316E-5	19.429115	40.0	TRUE	C	7.761774E-5	5.0	3.7985508E-4	0.9957401	312.169	0.042624652	0.9866955	1.0
SPIKE	S11:C>T	18	171366	1.05038336E-4	105.0229	39.944443	TRUE	C	1.190998E-4	409.0	4.5754566E-4	0.9934709	677.4601	0.049924206	0.97986174	0.0
SPIKE	D11-12:C>	51	171366	2.9760864E-4	9999.0	39.873657	TRUE		NaN	NaN	NaN	NaN	NaN	NaN	NaN	NaN
SPIKE	I12:>G	1	171366	5.835463E-6	9999.0	39.928482	TRUE		NaN	NaN	NaN	NaN	NaN	NaN	NaN	NaN
SPIKE	S12:G>A	59	171366	3.4429232E-4	793.45374	39.711864	TRUE	G	5.5134373E-5	179.0	6.071251E-4	0.9969722	345.83673	0.052815065	0.9759758	0.0
SPIKE	S12:G>C	2	171366	1.1670926E-5	32.338047	40.0	TRUE	G	2.5270049E-6	10.0	3.4175147E-4	0.999861	301.52258	0.043319076	0.98499084	0.0
SPIKE	D12-13:G>	62	171366	3.617987E-4	9999.0	39.928482	TRUE		NaN	NaN	NaN	NaN	NaN	NaN	NaN	NaN
SPIKE	D12-14:GA>	2	171366	1.1670926E-5	9999.0	39.928482	TRUE		NaN	NaN	NaN	NaN	NaN	NaN	NaN	NaN
SPIKE	S12:G>T	0	171366	0.0	9999.0	0.0	TRUE	G	5.3678336E-6	19.0	3.868369E-4	0.99970484	258.992	0.048432637	0.9827735	0.0
SPIKE	S13:A>G	1	171366	5.835463E-6	0.03417247	40.0	TRUE	A	3.2512477E-4	999.0	5.515065E-4	0.9822771	400.05118	0.055801876	0.9762507	0.0
SPIKE	S13:A>C	10	171366	5.835463E-5	102.38667	40.0	TRUE	A	2.478186E-5	43.0	7.083194E-4	0.9986379	44.928555	0.098832056	0.95339644	0.0
SPIKE	S13:A>T	1	171366	5.835463E-6	7.3042235	40.0	TRUE	A	1.9691412E-5	41.0	6.8269315E-4	0.9989176	65.54696	0.082359605	0.9831121	0.0
SPIKE	D13-14:A>	24	171366	1.4005112E-4	9999.0	39.849663	TRUE		NaN	NaN	NaN	NaN	NaN	NaN	NaN	NaN
SPIKE	I14:>C	2	171366	1.1670926E-5	9999.0	39.93407	TRUE		NaN	NaN	NaN	NaN	NaN	NaN	NaN	NaN
SPIKE	S14:C>A	1	171366	5.835463E-6	9.537824	40.0	TRUE	C	1.16261945E-5	13.0	0.001544903	0.99936074	12.051428	0.15349363	0.97257596	0.0
SPIKE	S14:C>G	3	171366	1.750639E-5	8.937619	39.666668	TRUE	C	7.761774E-5	3.0	3.7985508E-4	0.9957401	312.169	0.042624652	0.9866955	1.0
SPIKE	S14:C>T	33	171366	1.9257028E-4	344.41754	39.666668	TRUE	C	6.551945E-5	225.0	4.5754566E-4	0.9964029	677.4601	0.049924206	0.97986174	0.0
SPIKE	D14-15:C>	23	171366	1.3421566E-4	9999.0	39.93407	TRUE		NaN	NaN	NaN	NaN	NaN	NaN	NaN	NaN
SPIKE	S15:A>G	2	171366	1.1670926E-5	4.3887887	37.0	TRUE	A	8.6244305E-5	265.0	5.515065E-4	0.9952678	400.05118	0.055801876	0.9762507	0.0
SPIKE	S15:A>C	7	171366	4.0848245E-5	77.61602	40.0	TRUE	A	1.5560703E-5	27.0	7.083194E-4	0.99914455	44.928555	0.098832056	0.95339644	0.0
SPIKE	D15-16:A>	48	171366	2.8010225E-4	9999.0	39.914627	TRUE		NaN	NaN	NaN	NaN	NaN	NaN	NaN	NaN
SPIKE	I15:>A	1	171366	5.835463E-6	9999.0	39.914627	TRUE		NaN	NaN	NaN	NaN	NaN	NaN	NaN	NaN
SPIKE	S15:A>T	0	171366	0.0	9999.0	0.0	TRUE	A	9.605567E-6	20.0	6.8269315E-4	0.99947184	65.54696	0.082359605	0.9831121	0.0
SPIKE	S16:G>A	55	171366	3.209505E-4	788.63885	39.890907	TRUE	G	4.18898E-5	136.0	6.071251E-4	0.9976987	345.83673	0.052815065	0.9759758	0.0
SPIKE	S16:G>T	6	171366	3.501278E-5	27.022339	35.833332	TRUE	G	7.316979E-5	3.0	3.868369E-4	0.9959837	258.992	0.048432637	0.9827735	1.0
SPIKE	D16-17:G>	12	171366	7.002556E-5	9999.0	39.96928	TRUE		NaN	NaN	NaN	NaN	NaN	NaN	NaN	NaN
SPIKE	S16:G>C	0	171366	0.0	9999.0	0.0	TRUE	G	7.6194905E-5	1.0	3.4175147E-4	0.9958181	301.52258	0.043319076	0.98499084	1.0
SPIKE	S17:A>C	9	171366	5.2519168E-5	108.14862	39.77778	TRUE	A	1.498438E-5	26.0	7.083194E-4	0.9991762	44.928555	0.098832056	0.95339644	0.0
SPIKE	D17-18:A>	11	171366	6.41901E-5	9999.0	39.90111	TRUE		NaN	NaN	NaN	NaN	NaN	NaN	NaN	NaN
SPIKE	S17:A>G	0	171366	0.0	9999.0	0.0	TRUE	A	2.8411802E-4	873.0	5.515065E-4	0.984495	400.05118	0.055801876	0.9762507	0.0
SPIKE	S17:A>T	0	171366	0.0	9999.0	0.0	TRUE	A	1.2006959E-5	25.0	6.8269315E-4	0.9993398	65.54696	0.082359605	0.9831121	0.0
SPIKE	S18:A>C	38	171366	2.217476E-4	770.1598	39.86842	TRUE	A	7.49219E-6	13.0	7.083194E-4	0.999588	44.928555	0.098832056	0.95339644	0.0
SPIKE	S18:A>G	0	171366	0.0	9999.0	0.0	TRUE	A	1.4352355E-4	441.0	5.515065E-4	0.99213725	400.05118	0.055801876	0.9762507	0.0
SPIKE	S18:A>T	0	171366	0.0	9999.0	0.0	TRUE	A	4.8027837E-6	10.0	6.8269315E-4	0.9997359	65.54696	0.082359605	0.9831121	0.0
SPIKE	S19:C>G	2	171366	1.1670926E-5	5.0086308	39.0	TRUE	C	7.761774E-5	5.0	3.7985508E-4	0.9957401	312.169	0.042624652	0.9866955	1.0
SPIKE	S19:C>T	24	171366	1.4005112E-4	162.22832	39.625	TRUE	C	1.2172058E-4	418.0	4.5754566E-4	0.99332774	677.4601	0.049924206	0.97986174	0.0
SPIKE	S19:C>A	0	171366	0.0	9999.0	0.0	TRUE	C	8.943226E-6	10.0	0.001544903	0.99950826	12.051428	0.15349363	0.97257596	0.0
SPIKE	S20:C>G	2	171366	1.1670926E-5	5.0086308	40.0	TRUE	C	7.761774E-5	0.0	3.7985508E-4	0.9957401	312.169	0.042624652	0.9866955	1.0
SPIKE	S20:C>A	6	171366	3.501278E-5	73.17285	40.0	TRUE	C	1.0777864E-5	3.0	0.001544903	0.9994074	12.051428	0.15349363	0.97257596	1.0
SPIKE	S20:C>T	7	171366	4.0848245E-5	54.47965	39.285713	TRUE	C	3.465251E-5	119.0	4.5754566E-4	0.9980959	677.4601	0.049924206	0.97986174	0.0
SPIKE	S21:A>G	3	171366	1.750639E-5	10.181186	40.0	TRUE	A	6.834455E-5	210.0	5.515065E-4	0.9962481	400.05118	0.055801876	0.9762507	0.0
SPIKE	S21:A>C	13	171366	7.5861026E-5	215.29398	39.846153	TRUE	A	6.9158677E-6	12.0	7.083194E-4	0.9996197	44.928555	0.098832056	0.95339644	0.0
SPIKE	S21:A>T	0	171366	0.0	9999.0	0.0	TRUE	A	3.1480788E-5	5.0	6.8269315E-4	0.99827003	65.54696	0.082359605	0.9831121	1.0
SPIKE	S22:A>G	0	171366	0.0	9999.0	0.0	TRUE	A	1.3019674E-4	0.0	5.515065E-4	0.9928647	400.05118	0.055801876	0.9762507	1.0
SPIKE	S22:A>C	0	171366	0.0	9999.0	0.0	TRUE	A	2.5893329E-5	0.0	7.083194E-4	0.9985769	44.928555	0.098832056	0.95339644	1.0
SPIKE	S22:A>T	0	171366	0.0	9999.0	0.0	TRUE	A	3.1480788E-5	2.0	6.8269315E-4	0.99827003	65.54696	0.082359605	0.9831121	1.0
SPIKE	S23:A>T	171365	171366	0.99999416	Infinity	39.99599	TRUE	T	3.1480788E-5	0.0	6.8269315E-4	0.99827003	65.54696	0.082359605	0.9831121	1.0
SPIKE	S23:A>G	0	171366	0.0	9999.0	0.0	TRUE	T	1.3019674E-4	1.0	5.515065E-4	0.9928647	400.05118	0.055801876	0.9762507	1.0
SPIKE	S23:A>C	0	171366	0.0	9999.0	0.0	TRUE	T	2.5893329E-5	0.0	7.083194E-4	0.9985769	44.928555	0.098832056	0.95339644	1.0
SPIKE	S24:A>G	171365	171366	0.99999416	Infinity	39.99599	TRUE	G	1.3019674E-4	0.0	5.515065E-4	0.9928647	400.05118	0.055801876	0.9762507	1.0
SPIKE	S24:A>C	0	171366	0.0	9999.0	0.0	TRUE	G	2.5893329E-5	2.0	7.083194E-4	0.9985769	44.928555	0.098832056	0.95339644	1.0
SPIKE	S24:A>T	0	171366	0.0	9999.0	0.0	TRUE	G	3.1480788E-5	8.0	6.8269315E-4	0.99827003	65.54696	0.082359605	0.9831121	1.0
SPIKE	S25:A>C	171365	171366	0.99999416	Infinity	39.99599	TRUE	C	2.5893329E-5	0.0	7.083194E-4	0.9985769	44.928555	0.098832056	0.95339644	1.0
SPIKE	S25:A>G	0	171366	0.0	9999.0	0.0	TRUE	C	1.3019674E-4	8.0	5.515065E-4	0.9928647	400.05118	0.055801876	0.9762507	1.0
SPIKE	S25:A>T	0	171366	0.0	9999.0	0.0	TRUE	C	3.1480788E-5	2.0	6.8269315E-4	0.99827003	65.54696	0.082359605	0.9831121	1.0
SPIKE	S26:T>C	2	171366	1.1670926E-5	1.3350973	36.5	TRUE	T	1.6937323E-4	477.0	5.782574E-4	0.9907277	300.04398	0.060883872	0.9721225	0.0
SPIKE	S26:T>A	0	171366	0.0	9999.0	0.0	TRUE	T	1.8084145E-5	47.0	5.837001E-4	0.99900585	89.37978	0.06597484	0.9858755	0.0
SPIKE	S26:T>G	0	171366	0.0	9999.0	0.0	TRUE	T	6.8092018E-6	28.0	2.290242E-4	0.99962556	703.48004	0.04168332	0.98128587	0.0
SPIKE	S27:G>A	16	171366	9.336741E-5	161.22299	39.4375	TRUE	G	3.788563E-5	123.0	6.071251E-4	0.9979185	345.83673	0.052815065	0.9759758	0.0
SPIKE	S27:G>T	5	171366	2.9177316E-5	81.504234	39.0	TRUE	G	3.672728E-6	13.0	3.868369E-4	0.999798	258.992	0.048432637	0.9827735	0.0
SPIKE	S27:G>C	0	171366	0.0	9999.0	0.0	TRUE	G	7.6194905E-5	1.0	3.4175147E-4	0.9958181	301.52258	0.043319076	0.98499084	1.0
SPIKE	S28:G>A	12	171366	7.002556E-5	102.14999	39.916668	TRUE	G	4.3429867E-5	141.0	6.071251E-4	0.9976142	345.83673	0.052815065	0.9759758	0.0
SPIKE	S28:G>C	0	171366	0.0	9999.0	0.0	TRUE	G	7.6194905E-5	1.0	3.4175147E-4	0.9958181	301.52258	0.043319076	0.98499084	1.0
SPIKE	S28:G>T	0	171366	0.0	9999.0	0.0	TRUE	G	7.316979E-5	8.0	3.868369E-4	0.9959837	258.992	0.048432637	0.9827735	1.0
SPIKE	S29:G>A	11	171366	6.41901E-5	80.20461	40.0	TRUE	G	5.482636E-5	178.0	6.071251E-4	0.9969891	345.83673	0.052815065	0.9759758	0.0
SPIKE	S29:G>T	2	171366	1.1670926E-5	5.369282	36.5	TRUE	G	7.316979E-5	2.0	3.868369E-4	0.9959837	258.992	0.048432637	0.9827735	1.0
SPIKE	S29:G>C	0	171366	0.0	9999.0	0.0	TRUE	G	7.6194905E-5	0.0	3.4175147E-4	0.9958181	301.52258	0.043319076	0.98499084	1.0
SPIKE	S30:A>G	0	171366	0.0	9999.0	0.0	TRUE	A	3.4497723E-5	106.0	5.515065E-4	0.99810445	400.05118	0.055801876	0.9762507	0.0
SPIKE	S30:A>C	0	171366	0.0	9999.0	0.0	TRUE	A	2.5893329E-5	0.0	7.083194E-4	0.9985769	44.928555	0.098832056	0.95339644	1.0
SPIKE	S30:A>T	0	171366	0.0	9999.0	0.0	TRUE	A	3.1480788E-5	0.0	6.8269315E-4	0.99827003	65.54696	0.082359605	0.9831121	1.0
SPIKE	S31:T>C	1	171366	5.835463E-6	1.5117984	40.0	TRUE	T	9.800212E-5	276.0	5.782574E-4	0.9946244	300.04398	0.060883872	0.9721225	0.0
SPIKE	S31:T>A	0	171366	0.0	9999.0	0.0	TRUE	T	3.4390574E-5	4.0	5.837001E-4	0.9981103	89.37978	0.06597484	0.9858755	1.0
SPIKE	S31:T>G	0	171366	0.0	9999.0	0.0	TRUE	T	1.7107633E-4	3.0	2.290242E-4	0.9906349	703.48004	0.04168332	0.98128587	1.0
SPIKE	S32:C>T	11	171366	6.41901E-5	85.50105	39.545456	TRUE	C	4.8629994E-5	167.0	4.5754566E-4	0.99732894	677.4601	0.049924206	0.97986174	0.0
SPIKE	S32:C>A	11	171366	6.41901E-5	154.9885	38.363636	TRUE	C	1.0777864E-5	3.0	0.001544903	0.9994074	12.051428	0.15349363	0.97257596	1.0
SPIKE	S32:C>G	0	171366	0.0	9999.0	0.0	TRUE	C	7.761774E-5	0.0	3.7985508E-4	0.9957401	312.169	0.042624652	0.9866955	1.0
SPIKE	S33:C>T	4	171366	2.3341852E-5	23.403948	39.5	TRUE	C	3.9894065E-5	137.0	4.5754566E-4	0.9978082	677.4601	0.049924206	0.97986174	0.0
SPIKE	S33:C>A	19	171366	1.108738E-4	304.422	39.736843	TRUE	C	1.0777864E-5	7.0	0.001544903	0.9994074	12.051428	0.15349363	0.97257596	1.0
SPIKE	S33:C>G	0	171366	0.0	9999.0	0.0	TRUE	C	7.761774E-5	0.0	3.7985508E-4	0.9957401	312.169	0.042624652	0.9866955	1.0
SPIKE	S34:A>G	0	171366	0.0	9999.0	0.0	TRUE	A	1.9527013E-5	60.0	5.515065E-4	0.9989266	400.05118	0.055801876	0.9762507	0.0
SPIKE	S34:A>C	0	171366	0.0	9999.0	0.0	TRUE	A	2.5893329E-5	2.0	7.083194E-4	0.9985769	44.928555	0.098832056	0.95339644	1.0
SPIKE	S34:A>T	0	171366	0.0	9999.0	0.0	TRUE	A	3.1480788E-5	1.0	6.8269315E-4	0.99827003	65.54696	0.082359605	0.9831121	1.0
SPIKE	S35:T>A	0	171366	0.0	9999.0	0.0	TRUE	T	3.4390574E-5	5.0	5.837001E-4	0.9981103	89.37978	0.06597484	0.9858755	1.0
SPIKE	S35:T>G	0	171366	0.0	9999.0	0.0	TRUE	T	6.3228304E-6	26.0	2.290242E-4	0.9996523	703.48004	0.04168332	0.98128587	0.0
SPIKE	S35:T>C	0	171366	0.0	9999.0	0.0	TRUE	T	1.1114009E-4	313.0	5.782574E-4	0.99390596	300.04398	0.060883872	0.9721225	0.0
SPIKE	S36:T>A	0	171366	0.0	9999.0	0.0	TRUE	T	3.4390574E-5	4.0	5.837001E-4	0.9981103	89.37978	0.06597484	0.9858755	1.0
SPIKE	S36:T>G	0	171366	0.0	9999.0	0.0	TRUE	T	1.7107633E-4	1.0	2.290242E-4	0.9906349	703.48004	0.04168332	0.98128587	1.0
SPIKE	S36:T>C	0	171366	0.0	9999.0	0.0	TRUE	T	1.6688768E-5	47.0	5.782574E-4	0.99908257	300.04398	0.060883872	0.9721225	0.0
SPIKE	S37:A>G	3	171366	1.750639E-5	16.956896	40.0	TRUE	A	3.6450423E-5	112.0	5.515065E-4	0.9979972	400.05118	0.055801876	0.9762507	0.0
SPIKE	S37:A>C	0	171366	0.0	9999.0	0.0	TRUE	A	2.5893329E-5	3.0	7.083194E-4	0.9985769	44.928555	0.098832056	0.95339644	1.0
SPIKE	S37:A>T	0	171366	0.0	9999.0	0.0	TRUE	A	3.1480788E-5	0.0	6.8269315E-4	0.99827003	65.54696	0.082359605	0.9831121	1.0
SPIKE	S38:T>C	1	171366	5.835463E-6	9.252653	40.0	TRUE	T	1.2427806E-5	35.0	5.782574E-4	0.9993167	300.04398	0.060883872	0.9721225	0.0
SPIKE	S38:T>A	0	171366	0.0	9999.0	0.0	TRUE	T	3.4390574E-5	1.0	5.837001E-4	0.9981103	89.37978	0.06597484	0.9858755	1.0
SPIKE	S38:T>G	0	171366	0.0	9999.0	0.0	TRUE	T	1.7107633E-4	2.0	2.290242E-4	0.9906349	703.48004	0.04168332	0.98128587	1.0
SPIKE	S39:C>T	13	171366	7.5861026E-5	82.00373	40.0	TRUE	C	8.0370526E-5	276.0	4.5754566E-4	0.9955894	677.4601	0.049924206	0.97986174	0.0
SPIKE	S39:C>A	100	171366	5.8354635E-4	2266.1277	39.05	TRUE	C	1.0777864E-5	4.0	0.001544903	0.9994074	12.051428	0.15349363	0.97257596	1.0
SPIKE	S39:C>G	1	171366	5.835463E-6	2.1573303	40.0	TRUE	C	7.761774E-5	0.0	3.7985508E-4	0.9957401	312.169	0.042624652	0.9866955	1.0
SPIKE	S40:G>T	1	171366	5.835463E-6	13.613141	36.0	TRUE	G	4.520281E-6	16.0	3.868369E-4	0.9997514	258.992	0.048432637	0.9827735	0.0
SPIKE	S40:G>A	35	171366	2.0424121E-4	394.44934	39.714287	TRUE	G	5.667444E-5	184.0	6.071251E-4	0.99688774	345.83673	0.052815065	0.9759758	0.0
SPIKE	S40:G>C	0	171366	0.0	9999.0	0.0	TRUE	G	7.6194905E-5	0.0	3.4175147E-4	0.9958181	301.52258	0.043319076	0.98499084	1.0
SPIKE	S41:G>A	9	171366	5.2519168E-5	50.587875	38.444443	TRUE	G	7.2075105E-5	234.0	6.071251E-4	0.99604374	345.83673	0.052815065	0.9759758	0.0
SPIKE	S41:G>C	0	171366	0.0	9999.0	0.0	TRUE	G	7.6194905E-5	1.0	3.4175147E-4	0.9958181	301.52258	0.043319076	0.98499084	1.0
SPIKE	S41:G>T	0	171366	0.0	9999.0	0.0	TRUE	G	7.316979E-5	4.0	3.868369E-4	0.9959837	258.992	0.048432637	0.9827735	1.0
SPIKE	S42:C>T	18	171366	1.05038336E-4	53.03243	39.666668	TRUE	C	2.6673696E-4	916.0	4.5754566E-4	0.98543656	677.4601	0.049924206	0.97986174	0.0
SPIKE	S42:C>A	27	171366	1.5755752E-4	443.0931	39.555557	TRUE	C	1.34148395E-5	15.0	0.001544903	0.99926245	12.051428	0.15349363	0.97257596	0.0
SPIKE	S42:C>G	0	171366	0.0	9999.0	0.0	TRUE	C	7.761774E-5	4.0	3.7985508E-4	0.9957401	312.169	0.042624652	0.9866955	1.0
SPIKE	S43:G>A	24	171366	1.4005112E-4	242.59895	39.5	TRUE	G	5.3286294E-5	173.0	6.071251E-4	0.99707353	345.83673	0.052815065	0.9759758	0.0
SPIKE	S43:G>C	0	171366	0.0	9999.0	0.0	TRUE	G	7.6194905E-5	1.0	3.4175147E-4	0.9958181	301.52258	0.043319076	0.98499084	1.0
SPIKE	S43:G>T	0	171366	0.0	9999.0	0.0	TRUE	G	4.520281E-6	16.0	3.868369E-4	0.9997514	258.992	0.048432637	0.9827735	0.0
SPIKE	S44:G>A	14	171366	8.169649E-5	44.396027	40.0	TRUE	G	2.0205669E-4	656.0	6.071251E-4	0.9889484	345.83673	0.052815065	0.9759758	0.0
SPIKE	S44:G>C	0	171366	0.0	9999.0	0.0	TRUE	G	7.6194905E-5	3.0	3.4175147E-4	0.9958181	301.52258	0.043319076	0.98499084	1.0
SPIKE	S44:G>T	0	171366	0.0	9999.0	0.0	TRUE	G	7.316979E-5	6.0	3.868369E-4	0.9959837	258.992	0.048432637	0.9827735	1.0
SPIKE	S45:C>T	12	171366	7.002556E-5	114.993286	38.583332	TRUE	C	3.348772E-5	115.0	4.5754566E-4	0.9981599	677.4601	0.049924206	0.97986174	0.0
SPIKE	S45:C>A	8	171366	4.6683705E-5	104.35969	40.0	TRUE	C	1.0777864E-5	3.0	0.001544903	0.9994074	12.051428	0.15349363	0.97257596	1.0
SPIKE	S45:C>G	0	171366	0.0	9999.0	0.0	TRUE	C	7.761774E-5	0.0	3.7985508E-4	0.9957401	312.169	0.042624652	0.9866955	1.0
SPIKE	S46:G>T	3	171366	1.750639E-5	9.507777	36.666668	TRUE	G	7.316979E-5	6.0	3.868369E-4	0.9959837	258.992	0.048432637	0.9827735	1.0
SPIKE	S46:G>A	16	171366	9.336741E-5	144.69211	39.875	TRUE	G	4.835808E-5	157.0	6.071251E-4	0.99734384	345.83673	0.052815065	0.9759758	0.0
SPIKE	S46:G>C	0	171366	0.0	9999.0	0.0	TRUE	G	7.6194905E-5	0.0	3.4175147E-4	0.9958181	301.52258	0.043319076	0.98499084	1.0
SPIKE	S47:A>G	0	171366	0.0	9999.0	0.0	TRUE	A	1.3019674E-4	7.0	5.515065E-4	0.9928647	400.05118	0.055801876	0.9762507	1.0
SPIKE	S47:A>C	0	171366	0.0	9999.0	0.0	TRUE	A	2.5893329E-5	0.0	7.083194E-4	0.9985769	44.928555	0.098832056	0.95339644	1.0
SPIKE	S47:A>T	0	171366	0.0	9999.0	0.0	TRUE	A	3.1480788E-5	0.0	6.8269315E-4	0.99827003	65.54696	0.082359605	0.9831121	1.0
SPIKE	S48:A>G	1	171366	5.835463E-6	10.90275	39.0	TRUE	A	8.461706E-6	26.0	5.515065E-4	0.9995347	400.05118	0.055801876	0.9762507	0.0
SPIKE	S48:A>C	0	171366	0.0	9999.0	0.0	TRUE	A	2.5893329E-5	2.0	7.083194E-4	0.9985769	44.928555	0.098832056	0.95339644	1.0
SPIKE	S48:A>T	0	171366	0.0	9999.0	0.0	TRUE	A	3.1480788E-5	1.0	6.8269315E-4	0.99827003	65.54696	0.082359605	0.9831121	1.0
SPIKE	S49:T>C	1	171366	5.835463E-6	9.636044	40.0	TRUE	T	1.1362565E-5	32.0	5.782574E-4	0.9993753	300.04398	0.060883872	0.9721225	0.0
SPIKE	S49:T>A	0	171366	0.0	9999.0	0.0	TRUE	T	3.4390574E-5	0.0	5.837001E-4	0.9981103	89.37978	0.06597484	0.9858755	1.0
SPIKE	S49:T>G	0	171366	0.0	9999.0	0.0	TRUE	T	1.7107633E-4	4.0	2.290242E-4	0.9906349	703.48004	0.04168332	0.98128587	1.0
SPIKE	S50:T>C	2	171366	1.1670926E-5	21.608128	40.0	TRUE	T	8.877004E-6	25.0	5.782574E-4	0.9995119	300.04398	0.060883872	0.9721225	0.0
SPIKE	S50:T>A	0	171366	0.0	9999.0	0.0	TRUE	T	3.4390574E-5	3.0	5.837001E-4	0.9981103	89.37978	0.06597484	0.9858755	1.0
SPIKE	S50:T>G	0	171366	0.0	9999.0	0.0	TRUE	T	1.7107633E-4	2.0	2.290242E-4	0.9906349	703.48004	0.04168332	0.98128587	1.0
SPIKE	S51:T>A	0	171366	0.0	9999.0	0.0	TRUE	T	3.4390574E-5	6.0	5.837001E-4	0.9981103	89.37978	0.06597484	0.9858755	1.0
SPIKE	S51:T>G	0	171366	0.0	9999.0	0.0	TRUE	T	1.7107633E-4	1.0	2.290242E-4	0.9906349	703.48004	0.04168332	0.98128587	1.0
SPIKE	S51:T>C	0	171366	0.0	9999.0	0.0	TRUE	T	9.587165E-6	27.0	5.782574E-4	0.99947286	300.04398	0.060883872	0.9721225	0.0
SPIKE	S52:A>G	12	171366	7.002556E-5	66.90995	39.0	TRUE	A	9.112606E-5	280.0	5.515065E-4	0.9950006	400.05118	0.055801876	0.9762507	0.0
SPIKE	S52:A>C	0	171366	0.0	9999.0	0.0	TRUE	A	2.5893329E-5	6.0	7.083194E-4	0.9985769	44.928555	0.098832056	0.95339644	1.0
SPIKE	S52:A>T	0	171366	0.0	9999.0	0.0	TRUE	A	3.1480788E-5	0.0	6.8269315E-4	0.99827003	65.54696	0.082359605	0.9831121	1.0
SPIKE	S53:C>T	14	171366	8.169649E-5	87.246475	39.785713	TRUE	C	8.7068074E-5	299.0	4.5754566E-4	0.9952227	677.4601	0.049924206	0.97986174	0.0
SPIKE	S53:C>A	3	171366	1.750639E-5	31.719154	39.666668	TRUE	C	1.0777864E-5	0.0	0.001544903	0.9994074	12.051428	0.15349363	0.97257596	1.0
SPIKE	S53:C>G	0	171366	0.0	9999.0	0.0	TRUE	C	7.761774E-5	6.0	3.7985508E-4	0.9957401	312.169	0.042624652	0.9866955	1.0
SPIKE	S54:C>T	14	171367	8.169601E-5	113.41464	40.0	TRUE	C	5.4453627E-5	187.0	4.5754566E-4	0.9970095	677.46405	0.049924206	0.97986174	0.0
SPIKE	S54:C>A	100	171367	5.835429E-4	2092.3389	40.0	TRUE	C	1.6097712E-5	18.0	0.001544903	0.999115	12.051498	0.15349363	0.97257596	0.0
SPIKE	S54:C>G	0	171367	0.0	9999.0	0.0	TRUE	C	7.761774E-5	0.0	3.7985508E-4	0.9957401	312.17084	0.042624652	0.9866955	1.0
SPIKE	S55:A>T	1	171367	5.8354294E-6	8.348362	40.0	TRUE	A	1.5368818E-5	32.0	6.8269315E-4	0.99915504	65.54735	0.082359605	0.9831121	0.0
SPIKE	S55:A>C	3	171367	1.7506287E-5	8.502751	40.0	TRUE	A	8.126097E-5	141.0	7.083194E-4	0.9955406	44.928818	0.098832056	0.95339644	0.0
SPIKE	S55:A>G	19	171367	1.1087315E-4	47.81563	40.0	TRUE	A	3.199157E-4	983.0	5.515065E-4	0.98255855	400.0535	0.055801876	0.9762507	0.0
SPIKE	S56:C>T	13	171367	7.586058E-5	90.22561	40.0	TRUE	C	6.843103E-5	235.0	4.5754566E-4	0.99624336	677.46405	0.049924206	0.97986174	0.0
SPIKE	S56:C>A	10	171367	5.8354293E-5	141.49794	40.0	TRUE	C	9.837491E-6	11.0	0.001544903	0.9994591	12.051498	0.15349363	0.97257596	0.0
SPIKE	S56:C>G	0	171367	0.0	9999.0	0.0	TRUE	C	7.761774E-5	0.0	3.7985508E-4	0.9957401	312.17084	0.042624652	0.9866955	1.0
SPIKE	S57:C>T	10	171367	5.8354293E-5	80.44109	40.0	TRUE	C	4.22234E-5	145.0	4.5754566E-4	0.9976804	677.46405	0.049924206	0.97986174	0.0
SPIKE	S57:C>A	80	171367	4.6683435E-4	1640.2821	40.0	TRUE	C	1.4309078E-5	16.0	0.001544903	0.99921334	12.051498	0.15349363	0.97257596	0.0
SPIKE	S57:C>G	0	171367	0.0	9999.0	0.0	TRUE	C	7.761774E-5	1.0	3.7985508E-4	0.9957401	312.17084	0.042624652	0.9866955	1.0
SPIKE	S58:A>G	4	171367	2.3341718E-5	16.921846	40.0	TRUE	A	6.183518E-5	190.0	5.515065E-4	0.99660486	400.0535	0.055801876	0.9762507	0.0
SPIKE	S58:A>C	0	171367	0.0	9999.0	0.0	TRUE	A	7.319251E-5	127.0	7.083194E-4	0.9959825	44.928818	0.098832056	0.95339644	0.0
SPIKE	S58:A>T	0	171367	0.0	9999.0	0.0	TRUE	A	6.243582E-6	13.0	6.8269315E-4	0.9996567	65.54735	0.082359605	0.9831121	0.0
SPIKE	S59:T>C	6	171367	3.5012574E-5	21.729961	40.0	TRUE	T	9.4095696E-5	265.0	5.782574E-4	0.9948381	300.04572	0.060883872	0.9721225	0.0
SPIKE	S59:T>A	1	171367	5.8354294E-6	3.5881314	40.0	TRUE	T	5.040445E-5	131.0	5.837001E-4	0.9972316	89.38031	0.06597484	0.9858755	0.0
SPIKE	S59:T>G	0	171367	0.0	9999.0	0.0	TRUE	T	1.7107633E-4	6.0	2.290242E-4	0.9906349	703.48413	0.04168332	0.98128587	1.0
SPIKE	S60:T>C	2	171367	1.1670859E-5	9.545951	40.0	TRUE	T	3.9768747E-5	112.0	5.782574E-4	0.99781513	300.04572	0.060883872	0.9721225	0.0
SPIKE	S60:T>A	0	171367	0.0	9999.0	0.0	TRUE	T	3.4390574E-5	4.0	5.837001E-4	0.9981103	89.38031	0.06597484	0.9858755	1.0
SPIKE	S60:T>G	0	171367	0.0	9999.0	0.0	TRUE	T	2.4318435E-6	10.0	2.290242E-4	0.99986625	703.48413	0.04168332	0.98128587	0.0
SPIKE	S61:G>T	3	171367	1.7506287E-5	17.69362	40.0	TRUE	G	3.4184424E-5	121.0	3.868369E-4	0.9981216	258.99353	0.048432637	0.9827735	0.0
SPIKE	S61:G>A	9	171367	5.2518863E-5	76.537636	40.0	TRUE	G	3.4805296E-5	113.0	6.071251E-4	0.9980875	345.83875	0.052815065	0.9759758	0.0
SPIKE	S61:G>C	0	171367	0.0	9999.0	0.0	TRUE	G	7.6194905E-5	0.0	3.4175147E-4	0.9958181	301.52432	0.043319076	0.98499084	1.0
SPIKE	S62:A>G	1	171367	5.8354294E-6	3.0606644	40.0	TRUE	A	5.8580696E-5	180.0	5.515065E-4	0.99678326	400.0535	0.055801876	0.9762507	0.0
SPIKE	D62-63:A>	4	171367	2.3341718E-5	9999.0	39.999966	TRUE		NaN	NaN	NaN	NaN	NaN	NaN	NaN	NaN
SPIKE	S62:A>C	0	171367	0.0	9999.0	0.0	TRUE	A	2.5893329E-5	3.0	7.083194E-4	0.9985769	44.928818	0.098832056	0.95339644	1.0
SPIKE	S62:A>T	0	171367	0.0	9999.0	0.0	TRUE	A	3.1480788E-5	6.0	6.8269315E-4	0.99827003	65.54735	0.082359605	0.9831121	1.0
SPIKE	S63:A>C	1	171367	5.8354294E-6	6.171383	40.0	TRUE	A	2.5893329E-5	2.0	7.083194E-4	0.9985769	44.928818	0.098832056	0.95339644	1.0
SPIKE	S63:A>G	4	171367	2.3341718E-5	29.325823	40.0	TRUE	A	2.7337659E-5	84.0	5.515065E-4	0.99849755	400.0535	0.055801876	0.9762507	0.0
SPIKE	S63:A>T	0	171367	0.0	9999.0	0.0	TRUE	A	3.1480788E-5	7.0	6.8269315E-4	0.99827003	65.54735	0.082359605	0.9831121	1.0
SPIKE	S64:A>G	6	171367	3.5012574E-5	25.35362	40.0	TRUE	A	7.908394E-5	243.0	5.515065E-4	0.9956598	400.0535	0.055801876	0.9762507	0.0
SPIKE	S64:A>C	1	171367	5.8354294E-6	11.427519	40.0	TRUE	A	7.4921463E-6	13.0	7.083194E-4	0.999588	44.928818	0.098832056	0.95339644	0.0
SPIKE	S64:A>T	2	171367	1.1670859E-5	11.308109	40.0	TRUE	A	3.1480788E-5	5.0	6.8269315E-4	0.99827003	65.54735	0.082359605	0.9831121	1.0
SPIKE	S65:A>G	15	171367	8.7531436E-5	49.65776	40.0	TRUE	A	2.0503244E-4	630.0	5.515065E-4	0.9887866	400.0535	0.055801876	0.9762507	0.0
SPIKE	S65:A>C	4	171367	2.3341718E-5	7.554583	40.0	TRUE	A	1.2967177E-4	225.0	7.083194E-4	0.9928934	44.928818	0.098832056	0.95339644	0.0
SPIKE	S65:A>T	0	171367	0.0	9999.0	0.0	TRUE	A	3.1480788E-5	4.0	6.8269315E-4	0.99827003	65.54735	0.082359605	0.9831121	1.0
SPIKE	S66:C>A	5	171367	2.9177147E-5	46.915134	40.0	TRUE	C	1.8780665E-5	21.0	0.001544903	0.9989676	12.051498	0.15349363	0.97257596	0.0
SPIKE	S66:C>T	7	171367	4.0848005E-5	38.261723	40.0	TRUE	C	6.260711E-5	215.0	4.5754566E-4	0.99656254	677.46405	0.049924206	0.97986174	0.0
SPIKE	S66:C>G	0	171367	0.0	9999.0	0.0	TRUE	C	7.761774E-5	2.0	3.7985508E-4	0.9957401	312.17084	0.042624652	0.9866955	1.0
SPIKE	S67:C>A	70	171367	4.0848006E-4	789.3624	40.0	TRUE	C	1.0821241E-4	121.0	0.001544903	0.994066	12.051498	0.15349363	0.97257596	0.0
SPIKE	S67:C>T	14	171367	8.169601E-5	132.12573	40.0	TRUE	C	3.9311442E-5	135.0	4.5754566E-4	0.9978402	677.46405	0.049924206	0.97986174	0.0
SPIKE	S67:C>G	0	171367	0.0	9999.0	0.0	TRUE	C	7.761774E-5	0.0	3.7985508E-4	0.9957401	312.17084	0.042624652	0.9866955	1.0
SPIKE	S68:A>G	23	171367	1.3421488E-4	74.32756	40.0	TRUE	A	3.0201604E-4	928.0	5.515065E-4	0.9835263	400.0535	0.055801876	0.9762507	0.0
SPIKE	S68:A>C	4	171367	2.3341718E-5	21.02356	40.0	TRUE	A	4.6681835E-5	81.0	7.083194E-4	0.9974358	44.928818	0.098832056	0.95339644	0.0
SPIKE	S68:A>T	2	171367	1.1670859E-5	12.8154545	40.0	TRUE	A	2.593488E-5	54.0	6.8269315E-4	0.9985746	65.54735	0.082359605	0.9831121	0.0
SPIKE	S69:G>A	14	171367	8.169601E-5	54.832645	40.0	TRUE	G	1.6232203E-4	527.0	6.071251E-4	0.991112	345.83875	0.052815065	0.9759758	0.0
SPIKE	S69:G>T	2	171367	1.1670859E-5	26.825232	40.0	TRUE	G	4.8027705E-6	17.0	3.868369E-4	0.9997359	258.99353	0.048432637	0.9827735	0.0
SPIKE	S69:G>C	0	171367	0.0	9999.0	0.0	TRUE	G	2.9565785E-5	117.0	3.4175147E-4	0.9983752	301.52432	0.043319076	0.98499084	0.0
SPIKE	S70:C>A	9	171367	5.2518863E-5	120.746056	40.0	TRUE	C	1.0777864E-5	5.0	0.001544903	0.9994074	12.051498	0.15349363	0.97257596	1.0
SPIKE	S70:C>T	29	171367	1.6922745E-4	112.54688	40.0	TRUE	C	3.0692044E-4	1054.0	4.5754566E-4	0.98326105	677.46405	0.049924206	0.97986174	0.0
SPIKE	S70:C>G	0	171367	0.0	9999.0	0.0	TRUE	C	4.4754956E-6	18.0	3.7985508E-4	0.9997539	312.17084	0.042624652	0.9866955	0.0
SPIKE	S71:C>A	58	171367	3.384549E-4	1000.61865	40.0	TRUE	C	2.2357935E-5	25.0	0.001544903	0.9987711	12.051498	0.15349363	0.97257596	0.0
SPIKE	S71:C>G	1	171367	5.8354294E-6	6.3787255	40.0	TRUE	C	2.4615227E-5	99.0	3.7985508E-4	0.9986471	312.17084	0.042624652	0.9866955	0.0
SPIKE	S71:C>T	9	171367	5.2518863E-5	58.701225	40.0	TRUE	C	5.707439E-5	196.0	4.5754566E-4	0.9968658	677.46405	0.049924206	0.97986174	0.0
SPIKE	S72:G>A	30	171367	1.7506287E-4	259.7629	40.0	TRUE	G	9.240344E-5	300.0	6.071251E-4	0.9949307	345.83875	0.052815065	0.9759758	0.0
SPIKE	S72:G>C	0	171367	0.0	9999.0	0.0	TRUE	G	4.295883E-6	17.0	3.4175147E-4	0.9997637	301.52432	0.043319076	0.98499084	0.0
SPIKE	S72:G>T	0	171367	0.0	9999.0	0.0	TRUE	G	1.6385922E-5	58.0	3.868369E-4	0.9990992	258.99353	0.048432637	0.9827735	0.0
SPIKE	S73:T>C	14	171367	8.169601E-5	26.327583	40.0	TRUE	T	3.0856286E-4	869.0	5.782574E-4	0.98317224	300.04572	0.060883872	0.9721225	0.0
SPIKE	S73:T>A	0	171367	0.0	9999.0	0.0	TRUE	T	4.6172017E-6	12.0	5.837001E-4	0.9997461	89.38031	0.06597484	0.9858755	0.0
SPIKE	S73:T>G	0	171367	0.0	9999.0	0.0	TRUE	T	3.3802626E-5	139.0	2.290242E-4	0.9981426	703.48413	0.04168332	0.98128587	0.0
SPIKE	S74:G>A	14	171367	8.169601E-5	141.82808	40.0	TRUE	G	3.3265238E-5	108.0	6.071251E-4	0.9981721	345.83875	0.052815065	0.9759758	0.0
SPIKE	S74:G>T	2	171367	1.1670859E-5	26.336882	40.0	TRUE	G	5.0852864E-6	18.0	3.868369E-4	0.99972034	258.99353	0.048432637	0.9827735	0.0
SPIKE	S74:G>C	0	171367	0.0	9999.0	0.0	TRUE	G	2.779689E-6	11.0	3.4175147E-4	0.9998471	301.52432	0.043319076	0.98499084	0.0
SPIKE	S75:G>A	18	171367	1.05037725E-4	128.0521	40.0	TRUE	G	8.593519E-5	279.0	6.071251E-4	0.99528474	345.83875	0.052815065	0.9759758	0.0
SPIKE	S75:G>T	1	171367	5.8354294E-6	5.7370334	40.0	TRUE	G	2.8816623E-5	102.0	3.868369E-4	0.99841636	258.99353	0.048432637	0.9827735	0.0
SPIKE	S75:G>C	0	171367	0.0	9999.0	0.0	TRUE	G	7.6194905E-5	0.0	3.4175147E-4	0.9958181	301.52432	0.043319076	0.98499084	1.0
SPIKE	S76:T>G	1	171367	5.8354294E-6	7.3547907	40.0	TRUE	T	1.9454748E-5	80.0	2.290242E-4	0.9989306	703.48413	0.04168332	0.98128587	0.0
SPIKE	S76:T>C	7	171367	4.0848005E-5	15.017015	40.0	TRUE	T	1.668867E-4	470.0	5.782574E-4	0.9908632	300.04572	0.060883872	0.9721225	0.0
SPIKE	S76:T>A	0	171367	0.0	9999.0	0.0	TRUE	T	3.847668E-6	10.0	5.837001E-4	0.9997884	89.38031	0.06597484	0.9858755	0.0
SPIKE	S77:T>C	1	171367	5.8354294E-6	6.280708	40.0	TRUE	T	2.5210544E-5	71.0	5.782574E-4	0.9986144	300.04572	0.060883872	0.9721225	0.0
SPIKE	S77:T>A	0	171367	0.0	9999.0	0.0	TRUE	T	3.4390574E-5	1.0	5.837001E-4	0.9981103	89.38031	0.06597484	0.9858755	1.0
SPIKE	S77:T>G	0	171367	0.0	9999.0	0.0	TRUE	T	2.9182124E-6	12.0	2.290242E-4	0.9998395	703.48413	0.04168332	0.98128587	0.0
SPIKE	S78:T>A	0	171367	0.0	9999.0	0.0	TRUE	T	3.4390574E-5	0.0	5.837001E-4	0.9981103	89.38031	0.06597484	0.9858755	1.0
SPIKE	S78:T>G	0	171367	0.0	9999.0	0.0	TRUE	T	3.3316257E-5	137.0	2.290242E-4	0.9981693	703.48413	0.04168332	0.98128587	0.0
SPIKE	S78:T>C	0	171367	0.0	9999.0	0.0	TRUE	T	4.9710934E-6	14.0	5.782574E-4	0.99972665	300.04572	0.060883872	0.9721225	0.0
SPIKE	S79:G>A	8	171367	4.6683435E-5	48.857533	40.0	TRUE	G	5.8214166E-5	189.0	6.071251E-4	0.99680334	345.83875	0.052815065	0.9759758	0.0
SPIKE	S79:G>C	0	171367	0.0	9999.0	0.0	TRUE	G	3.133468E-5	124.0	3.4175147E-4	0.9982781	301.52432	0.043319076	0.98499084	0.0
SPIKE	S79:G>T	0	171367	0.0	9999.0	0.0	TRUE	G	7.316979E-5	8.0	3.868369E-4	0.9959837	258.99353	0.048432637	0.9827735	1.0
SPIKE	S80:C>G	1	171367	5.8354294E-6	5.768417	40.0	TRUE	C	2.8593446E-5	115.0	3.7985508E-4	0.9984286	312.17084	0.042624652	0.9866955	0.0
SPIKE	S80:C>A	19	171367	1.1087315E-4	304.4215	40.0	TRUE	C	1.0777864E-5	8.0	0.001544903	0.9994074	12.051498	0.15349363	0.97257596	1.0
SPIKE	S80:C>T	28	171367	1.6339202E-4	137.45053	40.0	TRUE	C	2.2392962E-4	769.0	4.5754566E-4	0.9877594	677.46405	0.049924206	0.97986174	0.0
SPIKE	S81:G>A	16	171367	9.336687E-5	112.944466	40.0	TRUE	G	7.8850935E-5	256.0	6.071251E-4	0.9956726	345.83875	0.052815065	0.9759758	0.0
SPIKE	S81:G>T	1	171367	5.8354294E-6	12.646917	40.0	TRUE	G	5.650318E-6	20.0	3.868369E-4	0.9996893	258.99353	0.048432637	0.9827735	0.0
SPIKE	S81:G>C	0	171367	0.0	9999.0	0.0	TRUE	G	7.6194905E-5	4.0	3.4175147E-4	0.9958181	301.52432	0.043319076	0.98499084	1.0
SPIKE	S82:G>A	21	171366	1.2254473E-4	85.82485	40.0	TRUE	G	2.1776537E-4	707.0	6.071251E-4	0.98809433	345.83673	0.052815065	0.9759758	0.0
SPIKE	S82:G>C	0	171366	0.0	9999.0	0.0	TRUE	G	2.8807855E-5	114.0	3.4175147E-4	0.99841684	301.52258	0.043319076	0.98499084	0.0
SPIKE	S82:G>T	0	171366	0.0	9999.0	0.0	TRUE	G	2.8251754E-6	10.0	3.868369E-4	0.9998446	258.992	0.048432637	0.9827735	0.0
SPIKE	S83:C>G	1	171366	5.835463E-6	5.433522	40.0	TRUE	C	3.1080013E-5	125.0	3.7985508E-4	0.9982921	312.169	0.042624652	0.9866955	0.0
SPIKE	S83:C>A	26	171366	1.5172205E-4	447.3984	40.0	TRUE	C	1.0777864E-5	6.0	0.001544903	0.9994074	12.051428	0.15349363	0.97257596	1.0
SPIKE	S83:C>T	18	171366	1.05038336E-4	116.521286	40.0	TRUE	C	1.0104555E-4	347.0	4.5754566E-4	0.9944579	677.4601	0.049924206	0.97986174	0.0
SPIKE	S84:G>A	13	171366	7.5861026E-5	79.53378	40.0	TRUE	G	8.439563E-5	274.0	6.071251E-4	0.995369	345.83673	0.052815065	0.9759758	0.0
SPIKE	S84:G>T	5	171366	2.9177316E-5	85.10018	40.0	TRUE	G	3.1076931E-6	11.0	3.868369E-4	0.9998291	258.992	0.048432637	0.9827735	0.0
SPIKE	S84:G>C	0	171366	0.0	9999.0	0.0	TRUE	G	7.6194905E-5	4.0	3.4175147E-4	0.9958181	301.52258	0.043319076	0.98499084	1.0
SPIKE	S85:A>G	1	171366	5.835463E-6	9.162613	40.0	TRUE	A	1.2692559E-5	39.0	5.515065E-4	0.99930215	400.05118	0.055801876	0.9762507	0.0
SPIKE	S85:A>C	0	171366	0.0	9999.0	0.0	TRUE	A	2.5893329E-5	0.0	7.083194E-4	0.9985769	44.928555	0.098832056	0.95339644	1.0
SPIKE	S85:A>T	0	171366	0.0	9999.0	0.0	TRUE	A	5.0909504E-5	106.0	6.8269315E-4	0.9972039	65.54696	0.082359605	0.9831121	0.0
SPIKE	S86:T>A	0	171366	0.0	9999.0	0.0	TRUE	T	3.4390574E-5	7.0	5.837001E-4	0.9981103	89.37978	0.06597484	0.9858755	1.0
SPIKE	S86:T>G	0	171366	0.0	9999.0	0.0	TRUE	T	2.6750436E-6	11.0	2.290242E-4	0.9998529	703.48004	0.04168332	0.98128587	0.0
SPIKE	S86:T>C	0	171366	0.0	9999.0	0.0	TRUE	T	5.219678E-5	147.0	5.782574E-4	0.9971333	300.04398	0.060883872	0.9721225	0.0
SPIKE	S87:T>A	0	171366	0.0	9999.0	0.0	TRUE	T	3.4390574E-5	5.0	5.837001E-4	0.9981103	89.37978	0.06597484	0.9858755	1.0
SPIKE	S87:T>G	0	171366	0.0	9999.0	0.0	TRUE	T	5.350087E-6	22.0	2.290242E-4	0.9997058	703.48004	0.04168332	0.98128587	0.0
SPIKE	S87:T>C	0	171366	0.0	9999.0	0.0	TRUE	T	2.6986092E-5	76.0	5.782574E-4	0.99851686	300.04398	0.060883872	0.9721225	0.0
SPIKE	S88:T>C	1	171366	5.835463E-6	7.493978	31.0	TRUE	T	1.8819248E-5	53.0	5.782574E-4	0.9989655	300.04398	0.060883872	0.9721225	0.0
SPIKE	S88:T>A	0	171366	0.0	9999.0	0.0	TRUE	T	4.2324596E-6	11.0	5.837001E-4	0.99976724	89.37978	0.06597484	0.9858755	0.0
SPIKE	S88:T>G	0	171366	0.0	9999.0	0.0	TRUE	T	1.7107633E-4	1.0	2.290242E-4	0.9906349	703.48004	0.04168332	0.98128587	1.0
SPIKE	S89:A>G	4	171366	2.3341852E-5	40.27823	40.0	TRUE	A	1.39943595E-5	43.0	5.515065E-4	0.9992306	400.05118	0.055801876	0.9762507	0.0
SPIKE	S89:A>C	0	171366	0.0	9999.0	0.0	TRUE	A	2.5893329E-5	1.0	7.083194E-4	0.9985769	44.928555	0.098832056	0.95339644	1.0
SPIKE	S89:A>T	0	171366	0.0	9999.0	0.0	TRUE	A	4.8027837E-6	10.0	6.8269315E-4	0.9997359	65.54696	0.082359605	0.9831121	0.0
SPIKE	S90:T>C	1	171366	5.835463E-6	7.263428	40.0	TRUE	T	1.9884488E-5	56.0	5.782574E-4	0.99890697	300.04398	0.060883872	0.9721225	0.0
SPIKE	S90:T>A	0	171366	0.0	9999.0	0.0	TRUE	T	3.4390574E-5	3.0	5.837001E-4	0.9981103	89.37978	0.06597484	0.9858755	1.0
SPIKE	S90:T>G	0	171366	0.0	9999.0	0.0	TRUE	T	1.7107633E-4	6.0	2.290242E-4	0.9906349	703.48004	0.04168332	0.98128587	1.0
SPIKE	S91:C>A	160	171366	9.336741E-4	Infinity	39.775	TRUE	C	1.0777864E-5	5.0	0.001544903	0.9994074	12.051428	0.15349363	0.97257596	1.0
SPIKE	S91:C>T	14	171366	8.169649E-5	116.22341	39.57143	TRUE	C	5.1833165E-5	178.0	4.5754566E-4	0.9971532	677.4601	0.049924206	0.97986174	0.0
SPIKE	S91:C>G	0	171366	0.0	9999.0	0.0	TRUE	C	7.761774E-5	0.0	3.7985508E-4	0.9957401	312.169	0.042624652	0.9866955	1.0
SPIKE	S92:G>A	40	171366	2.3341853E-4	387.92307	39.85	TRUE	G	9.332802E-5	303.0	6.071251E-4	0.99488014	345.83673	0.052815065	0.9759758	0.0
SPIKE	S92:G>C	0	171366	0.0	9999.0	0.0	TRUE	G	7.6194905E-5	4.0	3.4175147E-4	0.9958181	301.52258	0.043319076	0.98499084	1.0
SPIKE	S92:G>T	0	171366	0.0	9999.0	0.0	TRUE	G	7.316979E-5	2.0	3.868369E-4	0.9959837	258.992	0.048432637	0.9827735	1.0
SPIKE	S93:T>A	0	171366	0.0	9999.0	0.0	TRUE	T	8.08015E-6	21.0	5.837001E-4	0.9995557	89.37978	0.06597484	0.9858755	0.0
SPIKE	S93:T>G	0	171366	0.0	9999.0	0.0	TRUE	T	4.134158E-6	17.0	2.290242E-4	0.99977267	703.48004	0.04168332	0.98128587	0.0
SPIKE	S93:T>C	0	171366	0.0	9999.0	0.0	TRUE	T	2.0204061E-4	569.0	5.782574E-4	0.9889493	300.04398	0.060883872	0.9721225	0.0
SPIKE	S94:C>G	1	171366	5.835463E-6	2.1573303	40.0	TRUE	C	7.761774E-5	0.0	3.7985508E-4	0.9957401	312.169	0.042624652	0.9866955	1.0
SPIKE	S94:C>A	167	171366	9.745224E-4	Infinity	39.724552	TRUE	C	1.0777864E-5	4.0	0.001544903	0.9994074	12.051428	0.15349363	0.97257596	1.0
SPIKE	S94:C>T	13	171366	7.5861026E-5	118.64111	38.846153	TRUE	C	3.9894065E-5	137.0	4.5754566E-4	0.9978082	677.4601	0.049924206	0.97986174	0.0
SPIKE	S95:G>A	21	171366	1.2254473E-4	140.42307	39.190475	TRUE	G	1.09344706E-4	355.0	6.071251E-4	0.9940041	345.83673	0.052815065	0.9759758	0.0
SPIKE	S95:G>C	0	171366	0.0	9999.0	0.0	TRUE	G	7.6194905E-5	1.0	3.4175147E-4	0.9958181	301.52258	0.043319076	0.98499084	1.0
SPIKE	S95:G>T	0	171366	0.0	9999.0	0.0	TRUE	G	7.316979E-5	1.0	3.868369E-4	0.9959837	258.992	0.048432637	0.9827735	1.0
SPIKE	S96:T>C	1	171366	5.835463E-6	0.14475645	32.0	TRUE	T	2.3932403E-4	674.0	5.782574E-4	0.98692346	300.04398	0.060883872	0.9721225	0.0
SPIKE	S96:T>A	0	171366	0.0	9999.0	0.0	TRUE	T	7.3106116E-6	19.0	5.837001E-4	0.999598	89.37978	0.06597484	0.9858755	0.0
SPIKE	S96:T>G	0	171366	0.0	9999.0	0.0	TRUE	T	2.4318579E-6	10.0	2.290242E-4	0.99986625	703.48004	0.04168332	0.98128587	0.0
SPIKE	S97:C>T	10	171366	5.835463E-5	100.05484	40.0	TRUE	C	2.6207781E-5	90.0	4.5754566E-4	0.9985596	677.4601	0.049924206	0.97986174	0.0
SPIKE	S97:C>A	89	171366	5.193562E-4	1973.5156	39.80899	TRUE	C	1.0777864E-5	2.0	0.001544903	0.9994074	12.051428	0.15349363	0.97257596	1.0
SPIKE	S97:C>G	0	171366	0.0	9999.0	0.0	TRUE	C	7.761774E-5	0.0	3.7985508E-4	0.9957401	312.169	0.042624652	0.9866955	1.0
SPIKE	S98:A>G	2	171366	1.1670926E-5	6.695394	40.0	TRUE	A	5.955739E-5	183.0	5.515065E-4	0.99672973	400.05118	0.055801876	0.9762507	0.0
SPIKE	S98:A>C	0	171366	0.0	9999.0	0.0	TRUE	A	2.5893329E-5	6.0	7.083194E-4	0.9985769	44.928555	0.098832056	0.95339644	1.0
SPIKE	S98:A>T	0	171366	0.0	9999.0	0.0	TRUE	A	3.1480788E-5	0.0	6.8269315E-4	0.99827003	65.54696	0.082359605	0.9831121	1.0
SPIKE	S99:T>A	1	171366	5.835463E-6	5.032417	40.0	TRUE	T	3.4390574E-5	0.0	5.837001E-4	0.9981103	89.37978	0.06597484	0.9858755	1.0
SPIKE	S99:T>G	0	171366	0.0	9999.0	0.0	TRUE	T	1.7107633E-4	8.0	2.290242E-4	0.9906349	703.48004	0.04168332	0.98128587	1.0
SPIKE	S99:T>C	0	171366	0.0	9999.0	0.0	TRUE	T	2.7341172E-5	77.0	5.782574E-4	0.99849737	300.04398	0.060883872	0.9721225	0.0
SPIKE	S100:C>T	9	171366	5.2519168E-5	43.44028	39.77778	TRUE	C	8.9106456E-5	306.0	4.5754566E-4	0.9951111	677.4601	0.049924206	0.97986174	0.0
SPIKE	S100:C>A	71	171366	4.1431788E-4	1507.7689	39.74648	TRUE	C	1.0777864E-5	3.0	0.001544903	0.9994074	12.051428	0.15349363	0.97257596	1.0
SPIKE	S100:C>G	0	171366	0.0	9999.0	0.0	TRUE	C	7.761774E-5	2.0	3.7985508E-4	0.9957401	312.169	0.042624652	0.9866955	1.0
SPIKE	S101:G>A	27	171366	1.5755752E-4	270.64914	39.62963	TRUE	G	6.03706E-5	196.0	6.071251E-4	0.99668515	345.83673	0.052815065	0.9759758	0.0
SPIKE	S101:G>C	0	171366	0.0	9999.0	0.0	TRUE	G	7.6194905E-5	1.0	3.4175147E-4	0.9958181	301.52258	0.043319076	0.98499084	1.0
SPIKE	S101:G>T	0	171366	0.0	9999.0	0.0	TRUE	G	7.316979E-5	3.0	3.868369E-4	0.9959837	258.992	0.048432637	0.9827735	1.0
SPIKE	S102:T>A	0	171366	0.0	9999.0	0.0	TRUE	T	3.4390574E-5	1.0	5.837001E-4	0.9981103	89.37978	0.06597484	0.9858755	1.0
SPIKE	S102:T>G	0	171366	0.0	9999.0	0.0	TRUE	T	1.7107633E-4	7.0	2.290242E-4	0.9906349	703.48004	0.04168332	0.98128587	1.0
SPIKE	S102:T>C	0	171366	0.0	9999.0	0.0	TRUE	T	6.3204265E-5	178.0	5.782574E-4	0.9965298	300.04398	0.060883872	0.9721225	0.0
SPIKE	S103:G>C	1	171366	5.835463E-6	2.2128575	40.0	TRUE	G	7.6194905E-5	1.0	3.4175147E-4	0.9958181	301.52258	0.043319076	0.98499084	1.0
SPIKE	S103:G>A	15	171366	8.7531946E-5	168.01747	40.0	TRUE	G	2.741318E-5	89.0	6.071251E-4	0.99849343	345.83673	0.052815065	0.9759758	0.0
SPIKE	S103:G>T	0	171366	0.0	9999.0	0.0	TRUE	G	7.316979E-5	2.0	3.868369E-4	0.9959837	258.992	0.048432637	0.9827735	1.0
SPIKE	S104:G>C	1	171366	5.835463E-6	2.2128575	38.0	TRUE	G	7.6194905E-5	1.0	3.4175147E-4	0.9958181	301.52258	0.043319076	0.98499084	1.0
SPIKE	S104:G>A	9	171366	5.2519168E-5	25.280546	39.11111	TRUE	G	1.6016689E-4	520.0	6.071251E-4	0.99122953	345.83673	0.052815065	0.9759758	0.0
SPIKE	S104:G>T	0	171366	0.0	9999.0	0.0	TRUE	G	7.316979E-5	6.0	3.868369E-4	0.9959837	258.992	0.048432637	0.9827735	1.0
SPIKE	S105:C>T	34	171366	1.9840575E-4	143.59131	39.735294	TRUE	C	3.2177332E-4	1105.0	4.5754566E-4	0.9824582	677.4601	0.049924206	0.97986174	0.0
SPIKE	S105:C>A	28	171366	1.6339298E-4	448.36832	39.42857	TRUE	C	1.52034845E-5	17.0	0.001544903	0.99916416	12.051428	0.15349363	0.97257596	0.0
SPIKE	S105:C>G	0	171366	0.0	9999.0	0.0	TRUE	C	7.761774E-5	3.0	3.7985508E-4	0.9957401	312.169	0.042624652	0.9866955	1.0
SPIKE	S106:G>A	16	171366	9.336741E-5	103.97908	39.0	TRUE	G	9.086391E-5	295.0	6.071251E-4	0.99501497	345.83673	0.052815065	0.9759758	0.0
SPIKE	S106:G>C	0	171366	0.0	9999.0	0.0	TRUE	G	7.6194905E-5	2.0	3.4175147E-4	0.9958181	301.52258	0.043319076	0.98499084	1.0
SPIKE	S106:G>T	0	171366	0.0	9999.0	0.0	TRUE	G	5.650351E-6	20.0	3.868369E-4	0.9996893	258.992	0.048432637	0.9827735	0.0
SPIKE	S107:G>A	11	171366	6.41901E-5	15.74696	39.909092	TRUE	G	3.0308505E-4	984.0	6.071251E-4	0.9834685	345.83673	0.052815065	0.9759758	0.0
SPIKE	S107:G>C	0	171366	0.0	9999.0	0.0	TRUE	G	7.6194905E-5	3.0	3.4175147E-4	0.9958181	301.52258	0.043319076	0.98499084	1.0
SPIKE	S107:G>T	0	171366	0.0	9999.0	0.0	TRUE	G	7.316979E-5	2.0	3.868369E-4	0.9959837	258.992	0.048432637	0.9827735	1.0
SPIKE	S108:C>T	18	171366	1.05038336E-4	51.531914	39.666668	TRUE	C	2.7372572E-4	940.0	4.5754566E-4	0.98505783	677.4601	0.049924206	0.97986174	0.0
SPIKE	S108:C>A	14	171366	8.169649E-5	208.85362	39.785713	TRUE	C	1.0777864E-5	4.0	0.001544903	0.9994074	12.051428	0.15349363	0.97257596	1.0
SPIKE	S108:C>G	0	171366	0.0	9999.0	0.0	TRUE	C	7.761774E-5	0.0	3.7985508E-4	0.9957401	312.169	0.042624652	0.9866955	1.0
SPIKE	S109:A>T	1	171366	5.835463E-6	5.3824043	40.0	TRUE	A	3.1480788E-5	2.0	6.8269315E-4	0.99827003	65.54696	0.082359605	0.9831121	1.0
SPIKE	S109:A>G	9	171366	5.2519168E-5	90.7219	39.444443	TRUE	A	2.3757866E-5	73.0	5.515065E-4	0.9986942	400.05118	0.055801876	0.9762507	0.0
SPIKE	S109:A>C	0	171366	0.0	9999.0	0.0	TRUE	A	2.5893329E-5	1.0	7.083194E-4	0.9985769	44.928555	0.098832056	0.95339644	1.0
SPIKE	S110:G>A	9	171366	5.2519168E-5	31.066694	39.11111	TRUE	G	1.3152167E-4	427.0	6.071251E-4	0.9927924	345.83673	0.052815065	0.9759758	0.0
SPIKE	S110:G>C	0	171366	0.0	9999.0	0.0	TRUE	G	7.6194905E-5	1.0	3.4175147E-4	0.9958181	301.52258	0.043319076	0.98499084	1.0
SPIKE	S110:G>T	0	171366	0.0	9999.0	0.0	TRUE	G	7.316979E-5	3.0	3.868369E-4	0.9959837	258.992	0.048432637	0.9827735	1.0
SPIKE	S111:C>T	22	171366	1.283802E-4	112.79129	38.81818	TRUE	C	1.7064177E-4	586.0	4.5754566E-4	0.9906586	677.4601	0.049924206	0.97986174	0.0
SPIKE	S111:C>A	12	171366	7.002556E-5	172.60448	39.833332	TRUE	C	1.0777864E-5	4.0	0.001544903	0.9994074	12.051428	0.15349363	0.97257596	1.0
SPIKE	S111:C>G	0	171366	0.0	9999.0	0.0	TRUE	C	7.761774E-5	0.0	3.7985508E-4	0.9957401	312.169	0.042624652	0.9866955	1.0
SPIKE	S112:G>C	1	171366	5.835463E-6	2.2128575	40.0	TRUE	G	7.6194905E-5	0.0	3.4175147E-4	0.9958181	301.52258	0.043319076	0.98499084	1.0
SPIKE	S112:G>A	13	171366	7.5861026E-5	107.715675	39.846153	TRUE	G	4.8974107E-5	159.0	6.071251E-4	0.99731004	345.83673	0.052815065	0.9759758	0.0
SPIKE	S112:G>T	0	171366	0.0	9999.0	0.0	TRUE	G	7.316979E-5	1.0	3.868369E-4	0.9959837	258.992	0.048432637	0.9827735	1.0
SPIKE	S113:T>C	1	171366	5.835463E-6	0.4365248	31.0	TRUE	T	1.7256895E-4	486.0	5.782574E-4	0.9905536	300.04398	0.060883872	0.9721225	0.0
SPIKE	S113:T>A	0	171366	0.0	9999.0	0.0	TRUE	T	3.4390574E-5	0.0	5.837001E-4	0.9981103	89.37978	0.06597484	0.9858755	1.0
SPIKE	S113:T>G	0	171366	0.0	9999.0	0.0	TRUE	T	5.1069014E-6	21.0	2.290242E-4	0.99971914	703.48004	0.04168332	0.98128587	0.0
SPIKE	S114:G>A	9	171366	5.2519168E-5	71.41129	40.0	TRUE	G	4.0041723E-5	130.0	6.071251E-4	0.9978001	345.83673	0.052815065	0.9759758	0.0
SPIKE	S114:G>C	0	171366	0.0	9999.0	0.0	TRUE	G	7.6194905E-5	0.0	3.4175147E-4	0.9958181	301.52258	0.043319076	0.98499084	1.0
SPIKE	S114:G>T	0	171366	0.0	9999.0	0.0	TRUE	G	7.316979E-5	2.0	3.868369E-4	0.9959837	258.992	0.048432637	0.9827735	1.0
SPIKE	S115:A>G	8	171366	4.6683705E-5	17.700836	39.375	TRUE	A	1.7899762E-4	550.0	5.515065E-4	0.99020344	400.05118	0.055801876	0.9762507	0.0
SPIKE	S115:A>C	0	171366	0.0	9999.0	0.0	TRUE	A	2.5893329E-5	3.0	7.083194E-4	0.9985769	44.928555	0.098832056	0.95339644	1.0
SPIKE	S115:A>T	0	171366	0.0	9999.0	0.0	TRUE	A	3.1480788E-5	6.0	6.8269315E-4	0.99827003	65.54696	0.082359605	0.9831121	1.0
SPIKE	S116:C>T	5	171366	2.9177316E-5	40.78426	40.0	TRUE	C	2.5334188E-5	87.0	4.5754566E-4	0.9986076	677.4601	0.049924206	0.97986174	0.0
SPIKE	S116:C>A	3	171366	1.750639E-5	31.719154	39.333332	TRUE	C	1.0777864E-5	0.0	0.001544903	0.9994074	12.051428	0.15349363	0.97257596	1.0
SPIKE	S116:C>G	0	171366	0.0	9999.0	0.0	TRUE	C	7.761774E-5	0.0	3.7985508E-4	0.9957401	312.169	0.042624652	0.9866955	1.0
SPIKE	S117:C>T	7	171366	4.0848245E-5	51.779366	38.714287	TRUE	C	3.814688E-5	131.0	4.5754566E-4	0.9979041	677.4601	0.049924206	0.97986174	0.0
SPIKE	S117:C>A	43	171366	2.5092493E-4	825.96936	39.813953	TRUE	C	1.0731871E-5	12.0	0.001544903	0.9994099	12.051428	0.15349363	0.97257596	0.0
SPIKE	S117:C>G	0	171366	0.0	9999.0	0.0	TRUE	C	7.761774E-5	1.0	3.7985508E-4	0.9957401	312.169	0.042624652	0.9866955	1.0
SPIKE	S118:T>C	1	171366	5.835463E-6	0.60940033	34.0	TRUE	T	1.5232939E-4	429.0	5.782574E-4	0.9916569	300.04398	0.060883872	0.9721225	0.0
SPIKE	S118:T>A	0	171366	0.0	9999.0	0.0	TRUE	T	4.809613E-5	125.0	5.837001E-4	0.9973582	89.37978	0.06597484	0.9858755	0.0
SPIKE	S118:T>G	0	171366	0.0	9999.0	0.0	TRUE	T	7.0523874E-6	29.0	2.290242E-4	0.9996122	703.48004	0.04168332	0.98128587	0.0
SPIKE	S119:A>C	1	171366	5.835463E-6	6.1714067	40.0	TRUE	A	2.5893329E-5	7.0	7.083194E-4	0.9985769	44.928555	0.098832056	0.95339644	1.0
SPIKE	S119:A>G	3	171366	1.750639E-5	13.271898	39.666668	TRUE	A	5.0770235E-5	156.0	5.515065E-4	0.9972115	400.05118	0.055801876	0.9762507	0.0
SPIKE	S119:A>T	0	171366	0.0	9999.0	0.0	TRUE	A	3.1480788E-5	8.0	6.8269315E-4	0.99827003	65.54696	0.082359605	0.9831121	1.0
SPIKE	S120:T>C	3	171366	1.750639E-5	13.499593	37.333332	TRUE	T	4.9711223E-5	140.0	5.782574E-4	0.99726963	300.04398	0.060883872	0.9721225	0.0
SPIKE	S120:T>A	0	171366	0.0	9999.0	0.0	TRUE	T	3.4390574E-5	4.0	5.837001E-4	0.9981103	89.37978	0.06597484	0.9858755	1.0
SPIKE	S120:T>G	0	171366	0.0	9999.0	0.0	TRUE	T	3.1614152E-6	13.0	2.290242E-4	0.99982613	703.48004	0.04168332	0.98128587	0.0
SPIKE	S121:G>A	14	171366	8.169649E-5	131.05954	39.714287	TRUE	G	4.0041723E-5	130.0	6.071251E-4	0.9978001	345.83673	0.052815065	0.9759758	0.0
SPIKE	S121:G>C	0	171366	0.0	9999.0	0.0	TRUE	G	7.6194905E-5	0.0	3.4175147E-4	0.9958181	301.52258	0.043319076	0.98499084	1.0
SPIKE	S121:G>T	0	171366	0.0	9999.0	0.0	TRUE	G	7.316979E-5	1.0	3.868369E-4	0.9959837	258.992	0.048432637	0.9827735	1.0
SPIKE	S122:T>C	1	171366	5.835463E-6	0.35778546	40.0	TRUE	T	1.8464169E-4	520.0	5.782574E-4	0.9898961	300.04398	0.060883872	0.9721225	0.0
SPIKE	S122:T>A	0	171366	0.0	9999.0	0.0	TRUE	T	3.4390574E-5	3.0	5.837001E-4	0.9981103	89.37978	0.06597484	0.9858755	1.0
SPIKE	S122:T>G	0	171366	0.0	9999.0	0.0	TRUE	T	4.8637157E-6	20.0	2.290242E-4	0.99973255	703.48004	0.04168332	0.98128587	0.0
SPIKE	S123:G>A	16	171366	9.336741E-5	149.45668	39.1875	TRUE	G	4.4969936E-5	146.0	6.071251E-4	0.9975297	345.83673	0.052815065	0.9759758	0.0
SPIKE	S123:G>C	0	171366	0.0	9999.0	0.0	TRUE	G	7.6194905E-5	0.0	3.4175147E-4	0.9958181	301.52258	0.043319076	0.98499084	1.0
SPIKE	S123:G>T	0	171366	0.0	9999.0	0.0	TRUE	G	7.316979E-5	1.0	3.868369E-4	0.9959837	258.992	0.048432637	0.9827735	1.0
SPIKE	S124:T>A	0	171366	0.0	9999.0	0.0	TRUE	T	3.4390574E-5	4.0	5.837001E-4	0.9981103	89.37978	0.06597484	0.9858755	1.0
SPIKE	S124:T>G	0	171366	0.0	9999.0	0.0	TRUE	T	1.7107633E-4	6.0	2.290242E-4	0.9906349	703.48004	0.04168332	0.98128587	1.0
SPIKE	S124:T>C	0	171366	0.0	9999.0	0.0	TRUE	T	1.3919143E-4	392.0	5.782574E-4	0.9923737	300.04398	0.060883872	0.9721225	0.0
SPIKE	S125:G>A	15	171366	8.7531946E-5	63.504875	39.266666	TRUE	G	1.5708676E-4	510.0	6.071251E-4	0.99139744	345.83673	0.052815065	0.9759758	0.0
SPIKE	S125:G>C	0	171366	0.0	9999.0	0.0	TRUE	G	7.6194905E-5	5.0	3.4175147E-4	0.9958181	301.52258	0.043319076	0.98499084	1.0
SPIKE	S125:G>T	0	171366	0.0	9999.0	0.0	TRUE	G	7.316979E-5	2.0	3.868369E-4	0.9959837	258.992	0.048432637	0.9827735	1.0
SPIKE	S126:C>T	16	171366	9.336741E-5	56.565952	39.0	TRUE	C	2.023823E-4	695.0	4.5754566E-4	0.9889307	677.4601	0.049924206	0.97986174	0.0
SPIKE	S126:C>A	27	171366	1.5755752E-4	468.5366	39.0	TRUE	C	1.0777864E-5	6.0	0.001544903	0.9994074	12.051428	0.15349363	0.97257596	1.0
SPIKE	S126:C>G	0	171366	0.0	9999.0	0.0	TRUE	C	2.486401E-6	10.0	3.7985508E-4	0.99986327	312.169	0.042624652	0.9866955	0.0
SPIKE	S127:G>T	2	171366	1.1670926E-5	5.369282	39.5	TRUE	G	7.316979E-5	7.0	3.868369E-4	0.9959837	258.992	0.048432637	0.9827735	1.0
SPIKE	S127:G>A	20	171366	1.1670926E-4	192.90492	39.05	TRUE	G	5.0822186E-5	165.0	6.071251E-4	0.99720865	345.83673	0.052815065	0.9759758	0.0
SPIKE	S127:G>C	0	171366	0.0	9999.0	0.0	TRUE	G	7.6194905E-5	8.0	3.4175147E-4	0.9958181	301.52258	0.043319076	0.98499084	1.0
SPIKE	S128:G>A	13	171366	7.5861026E-5	40.524605	38.23077	TRUE	G	1.9343232E-4	628.0	6.071251E-4	0.9894176	345.83673	0.052815065	0.9759758	0.0
SPIKE	S128:G>C	0	171366	0.0	9999.0	0.0	TRUE	G	7.6194905E-5	2.0	3.4175147E-4	0.9958181	301.52258	0.043319076	0.98499084	1.0
SPIKE	S128:G>T	0	171366	0.0	9999.0	0.0	TRUE	G	7.316979E-5	7.0	3.868369E-4	0.9959837	258.992	0.048432637	0.9827735	1.0
SPIKE	S129:C>A	21	171366	1.2254473E-4	344.68942	39.04762	TRUE	C	1.0731871E-5	12.0	0.001544903	0.9994099	12.051428	0.15349363	0.97257596	0.0
SPIKE	S129:C>T	15	171366	8.7531946E-5	56.91567	37.666668	TRUE	C	1.7792171E-4	611.0	4.5754566E-4	0.99026203	677.4601	0.049924206	0.97986174	0.0
SPIKE	S129:C>G	0	171366	0.0	9999.0	0.0	TRUE	C	3.4809614E-6	14.0	3.7985508E-4	0.99980855	312.169	0.042624652	0.9866955	0.0
SPIKE	D130-133:GGC>	1	171366	5.835463E-6	9999.0	39.387295	TRUE		NaN	NaN	NaN	NaN	NaN	NaN	NaN	NaN
SPIKE	S130:G>A	9	171366	5.2519168E-5	49.58056	39.333332	TRUE	G	7.42312E-5	241.0	6.071251E-4	0.9959256	345.83673	0.052815065	0.9759758	0.0
SPIKE	S130:G>T	2	171366	1.1670926E-5	5.369282	37.0	TRUE	G	7.316979E-5	6.0	3.868369E-4	0.9959837	258.992	0.048432637	0.9827735	1.0
SPIKE	S130:G>C	0	171366	0.0	9999.0	0.0	TRUE	G	7.6194905E-5	9.0	3.4175147E-4	0.9958181	301.52258	0.043319076	0.98499084	1.0
SPIKE	S131:G>A	18	171366	1.05038336E-4	39.46232	39.166668	TRUE	G	3.4035466E-4	1105.0	6.071251E-4	0.9814546	345.83673	0.052815065	0.9759758	0.0
SPIKE	S131:G>C	0	171366	0.0	9999.0	0.0	TRUE	G	7.6194905E-5	4.0	3.4175147E-4	0.9958181	301.52258	0.043319076	0.98499084	1.0
SPIKE	S131:G>T	0	171366	0.0	9999.0	0.0	TRUE	G	7.316979E-5	3.0	3.868369E-4	0.9959837	258.992	0.048432637	0.9827735	1.0
SPIKE	S132:C>A	13	171366	7.5861026E-5	190.56812	39.53846	TRUE	C	1.0777864E-5	1.0	0.001544903	0.9994074	12.051428	0.15349363	0.97257596	1.0
SPIKE	S132:C>T	22	171366	1.283802E-4	102.46518	35.636364	TRUE	C	1.9364638E-4	665.0	4.5754566E-4	0.989406	677.4601	0.049924206	0.97986174	0.0
SPIKE	S132:C>G	0	171366	0.0	9999.0	0.0	TRUE	C	2.486401E-6	10.0	3.7985508E-4	0.99986327	312.169	0.042624652	0.9866955	0.0
SPIKE	S133:A>G	0	171366	0.0	9999.0	0.0	TRUE	A	9.438057E-6	29.0	5.515065E-4	0.999481	400.05118	0.055801876	0.9762507	0.0
SPIKE	S133:A>C	0	171366	0.0	9999.0	0.0	TRUE	A	1.9018637E-5	33.0	7.083194E-4	0.99895453	44.928555	0.098832056	0.95339644	0.0
SPIKE	S133:A>T	0	171366	0.0	9999.0	0.0	TRUE	A	3.1480788E-5	1.0	6.8269315E-4	0.99827003	65.54696	0.082359605	0.9831121	1.0
SPIKE	S134:G>A	0	171366	0.0	9999.0	0.0	TRUE	G	4.2690636E-4	1386.0	6.071251E-4	0.97679365	345.83673	0.052815065	0.9759758	0.0
SPIKE	S134:G>C	0	171366	0.0	9999.0	0.0	TRUE	G	2.046874E-5	81.0	3.4175147E-4	0.99887484	301.52258	0.043319076	0.98499084	0.0
SPIKE	S134:G>T	0	171366	0.0	9999.0	0.0	TRUE	G	6.4979035E-6	23.0	3.868369E-4	0.99964267	258.992	0.048432637	0.9827735	0.0
SPIKE	S135:C>A	0	171366	0.0	9999.0	0.0	TRUE	C	1.7886452E-5	20.0	0.001544903	0.9990167	12.051428	0.15349363	0.97257596	0.0
SPIKE	S135:C>G	0	171366	0.0	9999.0	0.0	TRUE	C	8.702404E-6	35.0	3.7985508E-4	0.9995215	312.169	0.042624652	0.9866955	0.0
SPIKE	S135:C>T	0	171366	0.0	9999.0	0.0	TRUE	C	2.020911E-4	694.0	4.5754566E-4	0.98894656	677.4601	0.049924206	0.97986174	0.0
SPIKE	S136:C>A	0	171366	0.0	9999.0	0.0	TRUE	C	2.2358065E-5	25.0	0.001544903	0.9987711	12.051428	0.15349363	0.97257596	0.0
SPIKE	S136:C>G	0	171366	0.0	9999.0	0.0	TRUE	C	4.2268816E-6	17.0	3.7985508E-4	0.99976754	312.169	0.042624652	0.9866955	0.0
SPIKE	S136:C>T	0	171366	0.0	9999.0	0.0	TRUE	C	1.8199848E-4	625.0	4.5754566E-4	0.99004	677.4601	0.049924206	0.97986174	0.0
SPIKE	S137:T>A	0	171366	0.0	9999.0	0.0	TRUE	T	5.0019976E-6	13.0	5.837001E-4	0.9997249	89.37978	0.06597484	0.9858755	0.0
SPIKE	S137:T>G	0	171366	0.0	9999.0	0.0	TRUE	T	7.684671E-5	316.0	2.290242E-4	0.9957824	703.48004	0.04168332	0.98128587	0.0
SPIKE	S137:T>C	0	171366	0.0	9999.0	0.0	TRUE	T	2.0594649E-5	58.0	5.782574E-4	0.9988679	300.04398	0.060883872	0.9721225	0.0
SPIKE	S138:G>A	0	171366	0.0	9999.0	0.0	TRUE	G	2.7320776E-4	887.0	6.071251E-4	0.9850859	345.83673	0.052815065	0.9759758	0.0
SPIKE	S138:G>C	0	171366	0.0	9999.0	0.0	TRUE	G	3.0324059E-6	12.0	3.4175147E-4	0.9998332	301.52258	0.043319076	0.98499084	0.0
SPIKE	S138:G>T	0	171366	0.0	9999.0	0.0	TRUE	G	3.135945E-5	111.0	3.868369E-4	0.9982767	258.992	0.048432637	0.9827735	0.0
SPIKE	S139:A>G	0	171366	0.0	9999.0	0.0	TRUE	A	6.443914E-5	198.0	5.515065E-4	0.9964621	400.05118	0.055801876	0.9762507	0.0
SPIKE	S139:A>C	0	171366	0.0	9999.0	0.0	TRUE	A	2.5893329E-5	8.0	7.083194E-4	0.9985769	44.928555	0.098832056	0.95339644	1.0
SPIKE	S139:A>T	0	171366	0.0	9999.0	0.0	TRUE	A	5.840185E-4	1216.0	6.8269315E-4	0.9683894	65.54696	0.082359605	0.9831121	0.0
SPIKE	S140:T>A	0	171366	0.0	9999.0	0.0	TRUE	T	1.11583024E-4	290.0	5.837001E-4	0.9938817	89.37978	0.06597484	0.9858755	0.0
SPIKE	S140:T>G	0	171366	0.0	9999.0	0.0	TRUE	T	2.9911851E-5	123.0	2.290242E-4	0.9983562	703.48004	0.04168332	0.98128587	0.0
SPIKE	S140:T>C	0	171366	0.0	9999.0	0.0	TRUE	T	2.237005E-5	63.0	5.782574E-4	0.9987704	300.04398	0.060883872	0.9721225	0.0
SPIKE	S141:T>A	0	171366	0.0	9999.0	0.0	TRUE	T	9.0728543E-4	2358.0	5.837001E-4	0.95132387	89.37978	0.06597484	0.9858755	0.0
SPIKE	S141:T>G	0	171366	0.0	9999.0	0.0	TRUE	T	5.3257685E-5	219.0	2.290242E-4	0.99707514	703.48004	0.04168332	0.98128587	0.0
SPIKE	S141:T>C	0	171366	0.0	9999.0	0.0	TRUE	T	5.2551863E-5	148.0	5.782574E-4	0.9971138	300.04398	0.060883872	0.9721225	0.0
SPIKE	S142:A>G	0	171366	0.0	9999.0	0.0	TRUE	A	0.0010759385	3306.0	5.515065E-4	0.9425403	400.05118	0.055801876	0.9762507	0.0
SPIKE	S142:A>C	0	171366	0.0	9999.0	0.0	TRUE	A	2.2591835E-4	392.0	7.083194E-4	0.98765135	44.928555	0.098832056	0.95339644	0.0
SPIKE	S142:A>T	0	171366	0.0	9999.0	0.0	TRUE	A	2.1228303E-4	442.0	6.8269315E-4	0.98839235	65.54696	0.082359605	0.9831121	0.0
SPIKE	S143:G>A	0	171366	0.0	9999.0	0.0	TRUE	G	2.8244816E-4	917.0	6.071251E-4	0.9845854	345.83673	0.052815065	0.9759758	0.0
SPIKE	S143:G>C	0	171366	0.0	9999.0	0.0	TRUE	G	0.0012048759	4768.0	3.4175147E-4	0.9358798	301.52258	0.043319076	0.98499084	0.0
SPIKE	S143:G>T	0	171366	0.0	9999.0	0.0	TRUE	G	1.8081124E-5	64.0	3.868369E-4	0.99900603	258.992	0.048432637	0.9827735	0.0
SPIKE	S144:C>A	0	171366	0.0	9999.0	0.0	TRUE	C	2.056942E-5	23.0	0.001544903	0.9988693	12.051428	0.15349363	0.97257596	0.0
SPIKE	S144:C>G	0	171366	0.0	9999.0	0.0	TRUE	C	2.0413352E-4	821.0	3.7985508E-4	0.98883545	312.169	0.042624652	0.9866955	0.0
SPIKE	S144:C>T	0	171366	0.0	9999.0	0.0	TRUE	C	2.149038E-4	738.0	4.5754566E-4	0.9882499	677.4601	0.049924206	0.97986174	0.0
SPIKE	S145:C>A	0	171366	0.0	9999.0	0.0	TRUE	C	1.0731871E-5	12.0	0.001544903	0.9994099	12.051428	0.15349363	0.97257596	0.0
SPIKE	S145:C>G	0	171366	0.0	9999.0	0.0	TRUE	C	1.5092455E-4	607.0	3.7985508E-4	0.9917335	312.169	0.042624652	0.9866955	0.0
SPIKE	S145:C>T	0	171366	0.0	9999.0	0.0	TRUE	C	1.668562E-4	573.0	4.5754566E-4	0.9908649	677.4601	0.049924206	0.97986174	0.0
SPIKE	S146:C>A	0	171366	0.0	9999.0	0.0	TRUE	C	1.0777864E-5	9.0	0.001544903	0.9994074	12.051428	0.15349363	0.97257596	1.0
SPIKE	S146:C>G	0	171366	0.0	9999.0	0.0	TRUE	C	0.0016581808	6669.0	3.7985508E-4	0.9128352	312.169	0.042624652	0.9866955	0.0
SPIKE	S146:C>T	0	171366	0.0	9999.0	0.0	TRUE	C	2.8246164E-4	970.0	4.5754566E-4	0.9845847	677.4601	0.049924206	0.97986174	0.0
SPIKE	S147:G>A	0	171366	0.0	9999.0	0.0	TRUE	G	9.0247886E-5	293.0	6.071251E-4	0.99504864	345.83673	0.052815065	0.9759758	0.0
SPIKE	S147:G>C	0	171366	0.0	9999.0	0.0	TRUE	G	3.8006154E-4	1504.0	3.4175147E-4	0.97931355	301.52258	0.043319076	0.98499084	0.0
SPIKE	S147:G>T	0	171366	0.0	9999.0	0.0	TRUE	G	0.0020143501	7130.0	3.868369E-4	0.89512736	258.992	0.048432637	0.9827735	0.0
SPIKE	S148:T>A	0	171366	0.0	9999.0	0.0	TRUE	T	3.4390574E-5	9.0	5.837001E-4	0.9981103	89.37978	0.06597484	0.9858755	1.0
SPIKE	S148:T>G	0	171366	0.0	9999.0	0.0	TRUE	T	0.0027623472	11359.0	2.290242E-4	0.8590492	703.48004	0.04168332	0.98128587	0.0
SPIKE	S148:T>C	0	171366	0.0	9999.0	0.0	TRUE	T	2.4109942E-4	679.0	5.782574E-4	0.9868271	300.04398	0.060883872	0.9721225	0.0
SPIKE	S149:G>A	0	171366	0.0	9999.0	0.0	TRUE	G	1.2905756E-4	419.0	6.071251E-4	0.99292696	345.83673	0.052815065	0.9759758	0.0
SPIKE	S149:G>C	0	171366	0.0	9999.0	0.0	TRUE	G	0.0019147116	7577.0	3.4175147E-4	0.9000462	301.52258	0.043319076	0.98499084	0.0
SPIKE	S149:G>T	0	171366	0.0	9999.0	0.0	TRUE	G	7.195722E-4	2547.0	3.868369E-4	0.9611964	258.992	0.048432637	0.9827735	0.0
SPIKE	S150:C>A	0	171365	0.0	9999.0	0.0	TRUE	C	1.0777864E-5	5.0	0.001544903	0.9994074	12.051357	0.15349363	0.97257596	1.0
SPIKE	S150:C>G	0	171365	0.0	9999.0	0.0	TRUE	C	8.871531E-4	3568.0	3.7985508E-4	0.95237786	312.1672	0.042624652	0.9866955	0.0
SPIKE	S150:C>T	0	171365	0.0	9999.0	0.0	TRUE	C	0.0028345336	9734.0	4.5754566E-4	0.8556453	677.4561	0.049924206	0.97986174	0.0
SPIKE	S151:T>A	0	171358	0.0	9999.0	0.0	TRUE	T	3.4390574E-5	6.0	5.837001E-4	0.9981103	89.37561	0.06597484	0.9858755	1.0
SPIKE	S151:T>G	0	171358	0.0	9999.0	0.0	TRUE	T	0.002905233	11946.0	2.290242E-4	0.8523246	703.4472	0.04168332	0.98128587	0.0
SPIKE	S151:T>C	0	171358	0.0	9999.0	0.0	TRUE	T	7.3256454E-4	2063.0	5.782574E-4	0.96050984	300.02997	0.060883872	0.9721225	0.0
SPIKE	S152:G>A	0	171339	0.0	9999.0	0.0	TRUE	G	9.057017E-5	294.0	6.071251E-4	0.995031	345.78223	0.052815065	0.9759758	0.0
SPIKE	S152:G>C	0	171339	0.0	9999.0	0.0	TRUE	G	6.8239883E-6	27.0	3.4175147E-4	0.9996247	301.47507	0.043319076	0.98499084	0.0
SPIKE	S152:G>T	0	171339	0.0	9999.0	0.0	TRUE	G	5.467576E-4	1935.0	3.868369E-4	0.970376	258.9512	0.048432637	0.9827735	0.0
SPIKE	S153:G>A	0	171195	0.0	9999.0	0.0	TRUE	G	6.382243E-5	207.0	6.071251E-4	0.9964959	345.49164	0.052815065	0.9759758	0.0
SPIKE	S153:G>C	0	171195	0.0	9999.0	0.0	TRUE	G	4.806105E-6	19.0	3.4175147E-4	0.9997357	301.22168	0.043319076	0.98499084	0.0
SPIKE	S153:G>T	0	171195	0.0	9999.0	0.0	TRUE	G	7.635594E-6	27.0	3.868369E-4	0.99958014	258.73355	0.048432637	0.9827735	0.0
