#pipeline_block
reference	mutation	count	coverage	freq	score	cqs	has.reference	ancestral.allele	error.rate	minor.count.local	minor.fdr	minor.recall	minor.count.global	read.fraction.in.minors	q.filtered.read.fraction	global.est
SPIKE	S0:T>A	0	466139	0.0	9999.0	0.0	TRUE	T	2.7081987E-5	71.0	4.4624385E-4	0.99913377	104.10855	0.17788179	0.9813414	0.0
SPIKE	S0:T>G	0	466139	0.0	9999.0	0.0	TRUE	T	5.4134257E-6	28.0	2.2897804E-4	0.9998268	767.9579	0.090142384	0.98439497	0.0
SPIKE	S0:T>C	0	466139	0.0	9999.0	0.0	TRUE	T	9.912938E-5	361.0	4.0197786E-4	0.9968329	405.24036	0.12805167	0.9599668	0.0
SPIKE	S1:A>G	0	466441	0.0	9999.0	0.0	TRUE	A	1.4891259E-4	638.0	3.9800012E-4	0.9952461	517.0735	0.10891315	0.9605481	0.0
SPIKE	S1:A>C	0	466441	0.0	9999.0	0.0	TRUE	A	1.0571945E-5	23.0	3.698378E-4	0.99966174	65.94935	0.21447882	0.9474373	0.0
SPIKE	S1:A>T	0	466441	0.0	9999.0	0.0	TRUE	A	6.727206E-5	145.0	4.6547374E-4	0.9978496	84.448425	0.21650387	0.9741741	0.0
SPIKE	S2:G>A	0	466765	0.0	9999.0	0.0	TRUE	G	1.0834544E-4	479.0	4.8738744E-4	0.99653894	363.94354	0.10562948	0.9722687	0.0
SPIKE	S2:G>C	0	466765	0.0	9999.0	0.0	TRUE	G	8.499093E-6	38.0	3.1685212E-4	0.9997281	324.3687	0.104429916	0.9851049	0.0
SPIKE	S2:G>T	0	466765	0.0	9999.0	0.0	TRUE	G	8.772699E-6	34.0	3.498947E-4	0.9997193	275.17096	0.12047713	0.98427105	0.0
SPIKE	S3:C>A	0	467171	0.0	9999.0	0.0	TRUE	C	9.723485E-6	19.0	6.4822054E-4	0.9996889	30.322563	0.23923562	0.9654954	0.0
SPIKE	S3:C>G	0	467171	0.0	9999.0	0.0	TRUE	C	2.5715552E-5	117.0	3.5962116E-4	0.99917746	321.48608	0.10271694	0.98719156	0.0
SPIKE	S3:C>T	0	467171	0.0	9999.0	0.0	TRUE	C	1.976099E-4	917.0	3.8892316E-4	0.99369645	641.47687	0.10071269	0.9766672	0.0
SPIKE	S4:G>A	150	467462	3.208817E-4	1530.6937	39.76	TRUE	G	1.06828775E-4	473.0	4.8738744E-4	0.99658734	364.487	0.10562948	0.9722687	0.0
SPIKE	S4:G>C	7	467462	1.4974479E-5	44.66062	39.714287	TRUE	G	1.8089477E-5	81.0	3.1685212E-4	0.9994213	324.8531	0.104429916	0.9851049	0.0
SPIKE	S4:G>T	3	467462	6.417634E-6	18.595243	36.0	TRUE	G	1.1593614E-5	45.0	3.498947E-4	0.9996291	275.58185	0.12047713	0.98427105	0.0
SPIKE	S5:T>A	14	467714	2.9932822E-5	75.4779	40.0	TRUE	T	3.9710798E-5	9.0	4.4624385E-4	0.99873006	104.46032	0.17788179	0.9813414	1.0
SPIKE	S5:T>G	1	467714	2.1380588E-6	2.6761334	40.0	TRUE	T	2.4085699E-5	125.0	2.2897804E-4	0.99922955	770.5527	0.090142384	0.98439497	0.0
SPIKE	S5:T>C	53	467714	1.1331711E-4	207.32812	39.88679	TRUE	T	1.9567543E-4	715.0	4.0197786E-4	0.99375796	406.6096	0.12805167	0.9599668	0.0
SPIKE	I6:>G	2	467922	4.2742167E-6	9999.0	39.968407	TRUE		NaN	NaN	NaN	NaN	NaN	NaN	NaN	NaN
SPIKE	S6:G>A	131	467922	2.7996118E-4	1815.1228	39.78626	TRUE	G	3.9485534E-5	175.0	4.8738744E-4	0.9987373	364.84567	0.10562948	0.9722687	0.0
SPIKE	S6:G>C	4	467922	8.5484335E-6	3.6338117	40.0	TRUE	G	7.254842E-5	2.0	3.1685212E-4	0.99768114	325.17276	0.104429916	0.9851049	1.0
SPIKE	S6:G>T	5	467922	1.0685541E-5	26.173689	36.0	TRUE	G	1.9561077E-5	76.0	3.498947E-4	0.9993743	275.85303	0.12047713	0.98427105	0.0
SPIKE	S7:A>G	1	468086	2.1363596E-6	0.26858538	40.0	TRUE	A	7.396205E-5	318.0	3.9800012E-4	0.997636	518.89703	0.10891315	0.9605481	0.0
SPIKE	S7:A>C	21	468086	4.486355E-5	300.57623	40.0	TRUE	A	6.412482E-6	14.0	3.698378E-4	0.99979484	66.18193	0.21447882	0.9474373	0.0
SPIKE	D7-8:A>	384	468086	8.2036207E-4	9999.0	39.9671	TRUE		NaN	NaN	NaN	NaN	NaN	NaN	NaN	NaN
SPIKE	I7:>A	8	468086	1.7090877E-5	9999.0	39.9671	TRUE		NaN	NaN	NaN	NaN	NaN	NaN	NaN	NaN
SPIKE	S7:A>T	0	468086	0.0	9999.0	0.0	TRUE	A	8.321666E-6	18.0	4.6547374E-4	0.99973375	84.74625	0.21650387	0.9741741	0.0
SPIKE	S8:A>G	1	468114	2.1362318E-6	0.12312743	40.0	TRUE	A	9.116789E-5	392.0	3.9800012E-4	0.9970869	518.92804	0.10891315	0.9605481	0.0
SPIKE	S8:A>C	30	468114	6.4086955E-5	430.90213	39.7	TRUE	A	8.7021335E-6	19.0	3.698378E-4	0.9997216	66.18589	0.21447882	0.9474373	0.0
SPIKE	S8:A>T	0	468114	0.0	9999.0	0.0	TRUE	A	9.245743E-6	20.0	4.6547374E-4	0.9997042	84.75132	0.21650387	0.9741741	0.0
SPIKE	I9:>G	3	468136	6.4083943E-6	9999.0	39.955345	TRUE		NaN	NaN	NaN	NaN	NaN	NaN	NaN	NaN
SPIKE	S9:G>A	152	468136	3.2469197E-4	2110.2173	39.848682	TRUE	G	4.5331224E-5	201.0	4.8738744E-4	0.9985505	365.0125	0.10562948	0.9722687	0.0
SPIKE	S9:G>C	3	468136	6.4083943E-6	1.9886951	39.333332	TRUE	G	7.254842E-5	0.0	3.1685212E-4	0.99768114	325.32147	0.104429916	0.9851049	1.0
SPIKE	S9:G>T	5	468136	1.06806565E-5	52.94233	36.2	TRUE	G	5.1452985E-6	20.0	3.498947E-4	0.9998354	275.9792	0.12047713	0.98427105	0.0
SPIKE	D9-10:G>	159	468136	3.396449E-4	9999.0	39.955345	TRUE		NaN	NaN	NaN	NaN	NaN	NaN	NaN	NaN
SPIKE	D9-11:GA>	33	468136	7.049234E-5	9999.0	39.955345	TRUE		NaN	NaN	NaN	NaN	NaN	NaN	NaN	NaN
SPIKE	S10:A>G	10	468138	2.1361222E-5	3.9469316	40.0	TRUE	A	1.7837292E-4	767.0	3.9800012E-4	0.99430835	518.95465	0.10891315	0.9605481	0.0
SPIKE	S10:A>C	31	468138	6.621979E-5	351.17938	39.774193	TRUE	A	1.8319342E-5	40.0	3.698378E-4	0.99941397	66.189285	0.21447882	0.9474373	0.0
SPIKE	D10-11:A>	144	468138	3.0760161E-4	9999.0	39.91128	TRUE		NaN	NaN	NaN	NaN	NaN	NaN	NaN	NaN
SPIKE	I10:>A	1	468138	2.1361222E-6	9999.0	39.91128	TRUE		NaN	NaN	NaN	NaN	NaN	NaN	NaN	NaN
SPIKE	D10-12:AC>	14	468138	2.9905712E-5	9999.0	39.91128	TRUE		NaN	NaN	NaN	NaN	NaN	NaN	NaN	NaN
SPIKE	S10:A>T	0	468138	0.0	9999.0	0.0	TRUE	A	5.5471614E-6	12.0	4.6547374E-4	0.9998225	84.75566	0.21650387	0.9741741	0.0
SPIKE	I11:>C	2	468141	4.272217E-6	9999.0	39.92218	TRUE		NaN	NaN	NaN	NaN	NaN	NaN	NaN	NaN
SPIKE	S11:C>G	9	468141	1.9224977E-5	116.68109	40.0	TRUE	C	4.3867126E-6	20.0	3.5962116E-4	0.99985963	322.1536	0.10271694	0.98719156	0.0
SPIKE	S11:C>T	35	468141	7.47638E-5	174.33266	39.82857	TRUE	C	9.9352896E-5	462.0	3.8892316E-4	0.99682575	642.8088	0.10071269	0.9766672	0.0
SPIKE	D11-13:CG>	1	468141	2.1361086E-6	9999.0	39.92218	TRUE		NaN	NaN	NaN	NaN	NaN	NaN	NaN	NaN
SPIKE	D11-12:C>	142	468141	3.0332743E-4	9999.0	39.92218	TRUE		NaN	NaN	NaN	NaN	NaN	NaN	NaN	NaN
SPIKE	S11:C>A	0	468141	0.0	9999.0	0.0	TRUE	C	2.6556505E-5	52.0	6.4822054E-4	0.9991506	30.385523	0.23923562	0.9654954	0.0
SPIKE	S12:G>A	148	468144	3.1614205E-4	1998.616	39.506756	TRUE	G	4.8262267E-5	214.0	4.8738744E-4	0.9984568	365.01877	0.10562948	0.9722687	0.0
SPIKE	S12:G>C	9	468144	1.9224854E-5	82.97167	40.0	TRUE	G	1.0704073E-5	48.0	3.1685212E-4	0.9996575	325.32703	0.104429916	0.9851049	0.0
SPIKE	S12:G>T	1	468144	2.136095E-6	7.3070254	37.0	TRUE	G	7.203295E-6	28.0	3.498947E-4	0.9997695	275.98392	0.12047713	0.98427105	0.0
SPIKE	D12-13:G>	168	468144	3.5886394E-4	9999.0	39.872696	TRUE		NaN	NaN	NaN	NaN	NaN	NaN	NaN	NaN
SPIKE	D12-14:GA>	10	468144	2.136095E-5	9999.0	39.872696	TRUE		NaN	NaN	NaN	NaN	NaN	NaN	NaN	NaN
SPIKE	S13:A>G	8	468147	1.7088649E-5	0.014966048	40.0	TRUE	A	3.5325068E-4	1519.0	3.9800012E-4	0.98875964	518.96466	0.10891315	0.9605481	0.0
SPIKE	S13:A>C	23	468147	4.9129867E-5	173.36366	39.913044	TRUE	A	3.5264056E-5	77.0	3.698378E-4	0.99887216	66.19056	0.21447882	0.9474373	0.0
SPIKE	S13:A>T	1	468147	2.136081E-6	0.8100963	40.0	TRUE	A	4.946124E-5	107.0	4.6547374E-4	0.9984185	84.75729	0.21650387	0.9741741	0.0
SPIKE	D13-14:A>	110	468147	2.3496893E-4	9999.0	39.85744	TRUE		NaN	NaN	NaN	NaN	NaN	NaN	NaN	NaN
SPIKE	I13:>A	3	468147	6.4082437E-6	9999.0	39.85744	TRUE		NaN	NaN	NaN	NaN	NaN	NaN	NaN	NaN
SPIKE	I14:>C	3	468147	6.4082437E-6	9999.0	39.956512	TRUE		NaN	NaN	NaN	NaN	NaN	NaN	NaN	NaN
SPIKE	D14-16:CA>	4	468147	8.544324E-6	9999.0	39.956512	TRUE		NaN	NaN	NaN	NaN	NaN	NaN	NaN	NaN
SPIKE	S14:C>G	7	468147	1.4952569E-5	12.220183	40.0	TRUE	C	7.065976E-5	4.0	3.5962116E-4	0.99774146	322.1577	0.10271694	0.98719156	1.0
SPIKE	S14:C>T	68	468147	1.4525352E-4	642.9466	39.882355	TRUE	C	5.9567963E-5	277.0	3.8892316E-4	0.99809563	642.817	0.10071269	0.9766672	0.0
SPIKE	D14-15:C>	74	468147	1.5807E-4	9999.0	39.956512	TRUE		NaN	NaN	NaN	NaN	NaN	NaN	NaN	NaN
SPIKE	S14:C>A	0	468147	0.0	9999.0	0.0	TRUE	C	2.24706E-5	44.0	6.4822054E-4	0.9992812	30.385912	0.23923562	0.9654954	0.0
SPIKE	S15:A>G	9	468147	1.922473E-5	10.540422	40.0	TRUE	A	1.0674263E-4	459.0	3.9800012E-4	0.9965901	518.96466	0.10891315	0.9605481	0.0
SPIKE	S15:A>C	33	468147	7.049068E-5	283.24835	39.78788	TRUE	A	3.7553928E-5	82.0	3.698378E-4	0.99879897	66.19056	0.21447882	0.9474373	0.0
SPIKE	D15-16:A>	100	468147	2.1360812E-4	9999.0	39.885437	TRUE		NaN	NaN	NaN	NaN	NaN	NaN	NaN	NaN
SPIKE	I15:>A	3	468147	6.4082437E-6	9999.0	39.885437	TRUE		NaN	NaN	NaN	NaN	NaN	NaN	NaN	NaN
SPIKE	S15:A>T	0	468147	0.0	9999.0	0.0	TRUE	A	1.4792146E-5	32.0	4.6547374E-4	0.99952674	84.75729	0.21650387	0.9741741	0.0
SPIKE	S16:G>A	142	468147	3.0332353E-4	1991.3824	39.866196	TRUE	G	4.104522E-5	182.0	4.8738744E-4	0.9986874	365.0211	0.10562948	0.9722687	0.0
SPIKE	S16:G>T	4	468147	8.544324E-6	36.507256	35.75	TRUE	G	6.4314722E-6	25.0	3.498947E-4	0.9997942	275.9857	0.12047713	0.98427105	0.0
SPIKE	S16:G>C	2	468147	4.272162E-6	0.89151156	40.0	TRUE	G	7.254842E-5	0.0	3.1685212E-4	0.99768114	325.3291	0.104429916	0.9851049	1.0
SPIKE	D16-17:G>	39	468147	8.330717E-5	9999.0	39.9686	TRUE		NaN	NaN	NaN	NaN	NaN	NaN	NaN	NaN
SPIKE	S17:A>G	7	468147	1.4952569E-5	0.32618836	40.0	TRUE	A	2.2534556E-4	969.0	3.9800012E-4	0.9928149	518.96466	0.10891315	0.9605481	0.0
SPIKE	S17:A>C	28	468147	5.9810274E-5	287.52548	39.785713	TRUE	A	2.1524813E-5	47.0	3.698378E-4	0.99931145	66.19056	0.21447882	0.9474373	0.0
SPIKE	D17-18:A>	28	468147	5.9810274E-5	9999.0	39.907528	TRUE		NaN	NaN	NaN	NaN	NaN	NaN	NaN	NaN
SPIKE	S17:A>T	0	468147	0.0	9999.0	0.0	TRUE	A	1.8952438E-5	41.0	4.6547374E-4	0.9993937	84.75729	0.21650387	0.9741741	0.0
SPIKE	S18:A>G	1	468147	2.136081E-6	0.017765496	40.0	TRUE	A	1.3302131E-4	572.0	3.9800012E-4	0.9957524	518.96466	0.10891315	0.9605481	0.0
SPIKE	S18:A>C	133	468147	2.840988E-4	2717.5027	39.849625	TRUE	A	8.7015205E-6	19.0	3.698378E-4	0.9997216	66.19056	0.21447882	0.9474373	0.0
SPIKE	S18:A>T	0	468147	0.0	9999.0	0.0	TRUE	A	3.9179446E-5	9.0	4.6547374E-4	0.99874705	84.75729	0.21650387	0.9741741	1.0
SPIKE	S19:C>G	8	468147	1.7088649E-5	15.984647	39.75	TRUE	C	7.065976E-5	6.0	3.5962116E-4	0.99774146	322.1577	0.10271694	0.98719156	1.0
SPIKE	S19:C>T	44	468147	9.3987575E-5	281.2714	39.68182	TRUE	C	8.451339E-5	393.0	3.8892316E-4	0.99729925	642.817	0.10071269	0.9766672	0.0
SPIKE	S19:C>A	0	468147	0.0	9999.0	0.0	TRUE	C	3.0131032E-5	59.0	6.4822054E-4	0.99903625	30.385912	0.23923562	0.9654954	0.0
SPIKE	S20:C>T	12	468147	2.5632975E-5	69.05964	39.833332	TRUE	C	3.1826927E-5	148.0	3.8892316E-4	0.9989821	642.817	0.10071269	0.9766672	0.0
SPIKE	S20:C>A	0	468147	0.0	9999.0	0.0	TRUE	C	1.5517948E-5	6.0	6.4822054E-4	0.99950355	30.385912	0.23923562	0.9654954	1.0
SPIKE	S20:C>G	0	468147	0.0	9999.0	0.0	TRUE	C	7.065976E-5	0.0	3.5962116E-4	0.99774146	322.1577	0.10271694	0.98719156	1.0
SPIKE	S21:A>G	1	468147	2.136081E-6	0.23679534	35.0	TRUE	A	7.674307E-5	330.0	3.9800012E-4	0.9975472	518.96466	0.10891315	0.9605481	0.0
SPIKE	S21:A>C	21	468147	4.4857705E-5	209.75822	39.42857	TRUE	A	1.7861015E-5	39.0	3.698378E-4	0.99942863	66.19056	0.21447882	0.9474373	0.0
SPIKE	S21:A>T	0	468147	0.0	9999.0	0.0	TRUE	A	3.9179446E-5	7.0	4.6547374E-4	0.99874705	84.75729	0.21650387	0.9741741	1.0
SPIKE	S22:A>G	0	468147	0.0	9999.0	0.0	TRUE	A	1.2068769E-4	0.0	3.9800012E-4	0.9961454	518.96466	0.10891315	0.9605481	1.0
SPIKE	S22:A>C	0	468147	0.0	9999.0	0.0	TRUE	A	3.0313604E-5	0.0	3.698378E-4	0.9990304	66.19056	0.21447882	0.9474373	1.0
SPIKE	S22:A>T	0	468147	0.0	9999.0	0.0	TRUE	A	3.9179446E-5	3.0	4.6547374E-4	0.99874705	84.75729	0.21650387	0.9741741	1.0
SPIKE	S23:A>T	468145	468147	0.9999957	Infinity	39.994473	TRUE	T	3.9179446E-5	0.0	4.6547374E-4	0.99874705	84.75729	0.21650387	0.9741741	1.0
SPIKE	S23:A>G	0	468147	0.0	9999.0	0.0	TRUE	T	1.2068769E-4	3.0	3.9800012E-4	0.9961454	518.96466	0.10891315	0.9605481	1.0
SPIKE	S23:A>C	0	468147	0.0	9999.0	0.0	TRUE	T	3.0313604E-5	0.0	3.698378E-4	0.9990304	66.19056	0.21447882	0.9474373	1.0
SPIKE	S24:A>G	468145	468147	0.9999957	Infinity	39.994473	TRUE	G	1.2068769E-4	0.0	3.9800012E-4	0.9961454	518.96466	0.10891315	0.9605481	1.0
SPIKE	S24:A>C	0	468147	0.0	9999.0	0.0	TRUE	G	3.0313604E-5	3.0	3.698378E-4	0.9990304	66.19056	0.21447882	0.9474373	1.0
SPIKE	S24:A>T	0	468147	0.0	9999.0	0.0	TRUE	G	1.2018619E-5	26.0	4.6547374E-4	0.9996155	84.75729	0.21650387	0.9741741	0.0
SPIKE	S25:A>C	468145	468147	0.9999957	Infinity	39.99448	TRUE	C	3.0313604E-5	0.0	3.698378E-4	0.9990304	66.19056	0.21447882	0.9474373	1.0
SPIKE	S25:A>G	0	468147	0.0	9999.0	0.0	TRUE	C	6.744088E-6	29.0	3.9800012E-4	0.99978423	518.96466	0.10891315	0.9605481	0.0
SPIKE	S25:A>T	0	468147	0.0	9999.0	0.0	TRUE	C	3.9179446E-5	3.0	4.6547374E-4	0.99874705	84.75729	0.21650387	0.9741741	1.0
SPIKE	S26:T>A	1	468148	2.1360765E-6	1.6664108	35.0	TRUE	T	3.380216E-5	89.0	4.4624385E-4	0.9989189	104.55725	0.17788179	0.9813414	0.0
SPIKE	S26:T>C	6	468148	1.281646E-5	0.08368977	40.0	TRUE	T	2.4552955E-4	898.0	4.0197786E-4	0.99217385	406.98688	0.12805167	0.9599668	0.0
SPIKE	S26:T>G	0	468148	0.0	9999.0	0.0	TRUE	T	9.047827E-6	47.0	2.2897804E-4	0.9997105	771.2677	0.090142384	0.98439497	0.0
SPIKE	S27:G>A	30	468148	6.40823E-5	245.90585	39.4	TRUE	G	3.7887814E-5	168.0	4.8738744E-4	0.9987883	365.02188	0.10562948	0.9722687	0.0
SPIKE	S27:G>T	1	468148	2.1360765E-6	5.939746	40.0	TRUE	G	1.0033075E-5	39.0	3.498947E-4	0.99967897	275.98627	0.12047713	0.98427105	0.0
SPIKE	S27:G>C	0	468148	0.0	9999.0	0.0	TRUE	G	7.254842E-5	0.0	3.1685212E-4	0.99768114	325.3298	0.104429916	0.9851049	1.0
SPIKE	S28:G>A	30	468148	6.40823E-5	204.63318	38.2	TRUE	G	5.344888E-5	237.0	4.8738744E-4	0.9982911	365.02188	0.10562948	0.9722687	0.0
SPIKE	S28:G>C	0	468148	0.0	9999.0	0.0	TRUE	G	7.254842E-5	0.0	3.1685212E-4	0.99768114	325.3298	0.104429916	0.9851049	1.0
SPIKE	S28:G>T	0	468148	0.0	9999.0	0.0	TRUE	G	3.6016168E-6	14.0	3.498947E-4	0.9998848	275.98627	0.12047713	0.98427105	0.0
SPIKE	S29:G>A	27	468148	5.7674068E-5	173.80779	39.555557	TRUE	G	5.36744E-5	238.0	4.8738744E-4	0.9982839	365.02188	0.10562948	0.9722687	0.0
SPIKE	S29:G>C	0	468148	0.0	9999.0	0.0	TRUE	G	7.254842E-5	2.0	3.1685212E-4	0.99768114	325.3298	0.104429916	0.9851049	1.0
SPIKE	S29:G>T	0	468148	0.0	9999.0	0.0	TRUE	G	7.099977E-5	3.0	3.498947E-4	0.9977306	275.98627	0.12047713	0.98427105	1.0
SPIKE	D30-41:ATCCATTATCG>	1	468148	2.1360765E-6	9999.0	39.94916	TRUE		NaN	NaN	NaN	NaN	NaN	NaN	NaN	NaN
SPIKE	S30:A>G	2	468148	4.272153E-6	2.25246	38.0	TRUE	A	4.8371287E-5	208.0	3.9800012E-4	0.9984533	518.96576	0.10891315	0.9605481	0.0
SPIKE	S30:A>C	0	468148	0.0	9999.0	0.0	TRUE	A	4.579738E-6	10.0	3.698378E-4	0.99985343	66.1907	0.21447882	0.9474373	0.0
SPIKE	S30:A>T	0	468148	0.0	9999.0	0.0	TRUE	A	3.9179446E-5	2.0	4.6547374E-4	0.99874705	84.75748	0.21650387	0.9741741	1.0
SPIKE	S31:T>C	2	468148	4.272153E-6	0.13423829	40.0	TRUE	T	1.2057743E-4	441.0	4.0197786E-4	0.99614894	406.98688	0.12805167	0.9599668	0.0
SPIKE	S31:T>A	0	468148	0.0	9999.0	0.0	TRUE	T	3.9710798E-5	2.0	4.4624385E-4	0.99873006	104.55725	0.17788179	0.9813414	1.0
SPIKE	S31:T>G	0	468148	0.0	9999.0	0.0	TRUE	T	5.390195E-6	28.0	2.2897804E-4	0.9998275	771.2677	0.090142384	0.98439497	0.0
SPIKE	S32:C>T	3	468148	6.40823E-6	5.0115604	40.0	TRUE	C	4.472964E-5	208.0	3.8892316E-4	0.99856967	642.81836	0.10071269	0.9766672	0.0
SPIKE	S32:C>A	0	468148	0.0	9999.0	0.0	TRUE	C	1.5517948E-5	4.0	6.4822054E-4	0.99950355	30.385977	0.23923562	0.9654954	1.0
SPIKE	S32:C>G	0	468148	0.0	9999.0	0.0	TRUE	C	7.065976E-5	0.0	3.5962116E-4	0.99774146	322.1584	0.10271694	0.98719156	1.0
SPIKE	S33:C>T	6	468148	1.281646E-5	18.958857	40.0	TRUE	C	3.9568527E-5	184.0	3.8892316E-4	0.9987346	642.81836	0.10071269	0.9766672	0.0
SPIKE	S33:C>A	2	468148	4.272153E-6	14.522784	38.5	TRUE	C	7.660416E-6	15.0	6.4822054E-4	0.9997549	30.385977	0.23923562	0.9654954	0.0
SPIKE	S33:C>G	0	468148	0.0	9999.0	0.0	TRUE	C	7.065976E-5	1.0	3.5962116E-4	0.99774146	322.1584	0.10271694	0.98719156	1.0
SPIKE	S34:A>G	1	468148	2.1360765E-6	1.5494865	40.0	TRUE	A	3.5348246E-5	152.0	3.9800012E-4	0.9988695	518.96576	0.10891315	0.9605481	0.0
SPIKE	S34:A>C	0	468148	0.0	9999.0	0.0	TRUE	A	4.579738E-6	10.0	3.698378E-4	0.99985343	66.1907	0.21447882	0.9474373	0.0
SPIKE	S34:A>T	0	468148	0.0	9999.0	0.0	TRUE	A	3.9179446E-5	3.0	4.6547374E-4	0.99874705	84.75748	0.21650387	0.9741741	1.0
SPIKE	S35:T>C	5	468148	1.0680383E-5	0.35327616	39.4	TRUE	T	1.7389399E-4	636.0	4.0197786E-4	0.99445087	406.98688	0.12805167	0.9599668	0.0
SPIKE	S35:T>A	0	468148	0.0	9999.0	0.0	TRUE	T	3.9710798E-5	7.0	4.4624385E-4	0.99873006	104.55725	0.17788179	0.9813414	1.0
SPIKE	S35:T>G	0	468148	0.0	9999.0	0.0	TRUE	T	1.4438022E-5	75.0	2.2897804E-4	0.99953806	771.2677	0.090142384	0.98439497	0.0
SPIKE	S36:T>A	0	468148	0.0	9999.0	0.0	TRUE	T	3.9710798E-5	2.0	4.4624385E-4	0.99873006	104.55725	0.17788179	0.9813414	1.0
SPIKE	S36:T>G	0	468148	0.0	9999.0	0.0	TRUE	T	1.484744E-4	2.0	2.2897804E-4	0.99526006	771.2677	0.090142384	0.98439497	1.0
SPIKE	S36:T>C	0	468148	0.0	9999.0	0.0	TRUE	T	2.7068403E-5	99.0	4.0197786E-4	0.9991342	406.98688	0.12805167	0.9599668	0.0
SPIKE	S37:A>G	2	468148	4.272153E-6	3.8326855	40.0	TRUE	A	3.4883138E-5	150.0	3.9800012E-4	0.9988844	518.96576	0.10891315	0.9605481	0.0
SPIKE	S37:A>C	0	468148	0.0	9999.0	0.0	TRUE	A	3.4806006E-5	76.0	3.698378E-4	0.9988868	66.1907	0.21447882	0.9474373	0.0
SPIKE	S37:A>T	0	468148	0.0	9999.0	0.0	TRUE	A	3.9179446E-5	2.0	4.6547374E-4	0.99874705	84.75748	0.21650387	0.9741741	1.0
SPIKE	S38:T>C	1	468148	2.1360765E-6	4.634072	40.0	TRUE	T	1.3944329E-5	51.0	4.0197786E-4	0.99955386	406.98688	0.12805167	0.9599668	0.0
SPIKE	S38:T>A	0	468148	0.0	9999.0	0.0	TRUE	T	3.9710798E-5	6.0	4.4624385E-4	0.99873006	104.55725	0.17788179	0.9813414	1.0
SPIKE	S38:T>G	0	468148	0.0	9999.0	0.0	TRUE	T	1.484744E-4	8.0	2.2897804E-4	0.99526006	771.2677	0.090142384	0.98439497	1.0
SPIKE	S39:C>T	9	468148	1.922469E-5	20.463312	39.666668	TRUE	C	6.989006E-5	325.0	3.8892316E-4	0.997766	642.81836	0.10071269	0.9766672	0.0
SPIKE	S39:C>A	2	468148	4.272153E-6	9.076819	40.0	TRUE	C	1.5517948E-5	3.0	6.4822054E-4	0.99950355	30.385977	0.23923562	0.9654954	1.0
SPIKE	S39:C>G	1	468148	2.1360765E-6	0.31156567	40.0	TRUE	C	7.065976E-5	2.0	3.5962116E-4	0.99774146	322.1584	0.10271694	0.98719156	1.0
SPIKE	S40:G>A	22	468148	4.6993686E-5	123.34662	39.409092	TRUE	G	5.5027536E-5	244.0	4.8738744E-4	0.99824065	365.02188	0.10562948	0.9722687	0.0
SPIKE	S40:G>C	0	468148	0.0	9999.0	0.0	TRUE	G	7.254842E-5	2.0	3.1685212E-4	0.99768114	325.3298	0.104429916	0.9851049	1.0
SPIKE	S40:G>T	0	468148	0.0	9999.0	0.0	TRUE	G	4.8879083E-6	19.0	3.498947E-4	0.9998436	275.98627	0.12047713	0.98427105	0.0
SPIKE	S41:G>C	1	468148	2.1360765E-6	0.28614032	40.0	TRUE	G	7.254842E-5	0.0	3.1685212E-4	0.99768114	325.3298	0.104429916	0.9851049	1.0
SPIKE	S41:G>A	18	468148	3.844938E-5	76.6707	38.61111	TRUE	G	6.6529195E-5	295.0	4.8738744E-4	0.9978733	365.02188	0.10562948	0.9722687	0.0
SPIKE	S41:G>T	0	468148	0.0	9999.0	0.0	TRUE	G	7.099977E-5	6.0	3.498947E-4	0.9977306	275.98627	0.12047713	0.98427105	1.0
SPIKE	S42:C>T	19	468148	4.0585455E-5	47.874813	38.57895	TRUE	C	1.1698521E-4	544.0	3.8892316E-4	0.99626344	642.81836	0.10071269	0.9766672	0.0
SPIKE	S42:C>A	2	468148	4.272153E-6	10.526981	40.0	TRUE	C	1.2767359E-5	25.0	6.4822054E-4	0.9995915	30.385977	0.23923562	0.9654954	0.0
SPIKE	S42:C>G	0	468148	0.0	9999.0	0.0	TRUE	C	2.1933233E-6	10.0	3.5962116E-4	0.99992985	322.1584	0.10271694	0.98719156	0.0
SPIKE	S43:G>C	1	468148	2.1360765E-6	0.28614032	40.0	TRUE	G	7.254842E-5	1.0	3.1685212E-4	0.99768114	325.3298	0.104429916	0.9851049	1.0
SPIKE	S43:G>A	19	468148	4.0585455E-5	86.71853	39.57895	TRUE	G	6.404844E-5	284.0	4.8738744E-4	0.9979525	365.02188	0.10562948	0.9722687	0.0
SPIKE	S43:G>T	0	468148	0.0	9999.0	0.0	TRUE	G	2.5725833E-6	10.0	3.498947E-4	0.9999177	275.98627	0.12047713	0.98427105	0.0
SPIKE	S44:G>A	32	468148	6.835445E-5	96.31557	39.65625	TRUE	G	1.5854245E-4	703.0	4.8738744E-4	0.9949395	365.02188	0.10562948	0.9722687	0.0
SPIKE	S44:G>C	0	468148	0.0	9999.0	0.0	TRUE	G	7.254842E-5	7.0	3.1685212E-4	0.99768114	325.3298	0.104429916	0.9851049	1.0
SPIKE	S44:G>T	0	468148	0.0	9999.0	0.0	TRUE	G	7.099977E-5	8.0	3.498947E-4	0.9977306	275.98627	0.12047713	0.98427105	1.0
SPIKE	S45:C>T	6	468148	1.281646E-5	1.7886355	39.166668	TRUE	C	1.3823574E-4	5.0	3.8892316E-4	0.9955862	642.81836	0.10071269	0.9766672	1.0
SPIKE	S45:C>A	4	468148	8.544306E-6	22.477001	39.5	TRUE	C	1.5517948E-5	2.0	6.4822054E-4	0.99950355	30.385977	0.23923562	0.9654954	1.0
SPIKE	S45:C>G	0	468148	0.0	9999.0	0.0	TRUE	C	7.065976E-5	1.0	3.5962116E-4	0.99774146	322.1584	0.10271694	0.98719156	1.0
SPIKE	S46:G>T	2	468148	4.272153E-6	0.94606674	34.0	TRUE	G	7.099977E-5	5.0	3.498947E-4	0.9977306	275.98627	0.12047713	0.98427105	1.0
SPIKE	S46:G>A	28	468148	5.9810147E-5	207.51106	39.214287	TRUE	G	4.3300355E-5	192.0	4.8738744E-4	0.9986153	365.02188	0.10562948	0.9722687	0.0
SPIKE	S46:G>C	0	468148	0.0	9999.0	0.0	TRUE	G	7.254842E-5	0.0	3.1685212E-4	0.99768114	325.3298	0.104429916	0.9851049	1.0
SPIKE	D47-48:A>	1	468148	2.1360765E-6	9999.0	39.92613	TRUE		NaN	NaN	NaN	NaN	NaN	NaN	NaN	NaN
SPIKE	S47:A>G	0	468148	0.0	9999.0	0.0	TRUE	A	5.581302E-6	24.0	3.9800012E-4	0.9998214	518.96576	0.10891315	0.9605481	0.0
SPIKE	S47:A>C	0	468148	0.0	9999.0	0.0	TRUE	A	3.0313604E-5	1.0	3.698378E-4	0.9990304	66.1907	0.21447882	0.9474373	1.0
SPIKE	S47:A>T	0	468148	0.0	9999.0	0.0	TRUE	A	3.9179446E-5	3.0	4.6547374E-4	0.99874705	84.75748	0.21650387	0.9741741	1.0
SPIKE	S48:A>G	2	468148	4.272153E-6	9.860397	40.0	TRUE	A	1.3953255E-5	60.0	3.9800012E-4	0.9995536	518.96576	0.10891315	0.9605481	0.0
SPIKE	S48:A>C	0	468148	0.0	9999.0	0.0	TRUE	A	3.0313604E-5	3.0	3.698378E-4	0.9990304	66.1907	0.21447882	0.9474373	1.0
SPIKE	S48:A>T	0	468148	0.0	9999.0	0.0	TRUE	A	3.9179446E-5	2.0	4.6547374E-4	0.99874705	84.75748	0.21650387	0.9741741	1.0
SPIKE	D49-50:T>	1	468148	2.1360765E-6	9999.0	39.91806	TRUE		NaN	NaN	NaN	NaN	NaN	NaN	NaN	NaN
SPIKE	S49:T>A	0	468148	0.0	9999.0	0.0	TRUE	T	3.9710798E-5	2.0	4.4624385E-4	0.99873006	104.55725	0.17788179	0.9813414	1.0
SPIKE	S49:T>G	0	468148	0.0	9999.0	0.0	TRUE	T	1.484744E-4	7.0	2.2897804E-4	0.99526006	771.2677	0.090142384	0.98439497	1.0
SPIKE	S49:T>C	0	468148	0.0	9999.0	0.0	TRUE	T	1.7498765E-5	64.0	4.0197786E-4	0.9994402	406.98688	0.12805167	0.9599668	0.0
SPIKE	S50:T>A	0	468148	0.0	9999.0	0.0	TRUE	T	3.9710798E-5	4.0	4.4624385E-4	0.99873006	104.55725	0.17788179	0.9813414	1.0
SPIKE	S50:T>G	0	468148	0.0	9999.0	0.0	TRUE	T	3.4651252E-6	18.0	2.2897804E-4	0.99988914	771.2677	0.090142384	0.98439497	0.0
SPIKE	S50:T>C	0	468148	0.0	9999.0	0.0	TRUE	T	1.695193E-5	62.0	4.0197786E-4	0.99945766	406.98688	0.12805167	0.9599668	0.0
SPIKE	S51:T>C	2	468148	4.272153E-6	10.164173	38.5	TRUE	T	1.3397493E-5	49.0	4.0197786E-4	0.9995714	406.98688	0.12805167	0.9599668	0.0
SPIKE	S51:T>A	0	468148	0.0	9999.0	0.0	TRUE	T	8.355591E-6	22.0	4.4624385E-4	0.9997327	104.55725	0.17788179	0.9813414	0.0
SPIKE	S51:T>G	0	468148	0.0	9999.0	0.0	TRUE	T	1.484744E-4	2.0	2.2897804E-4	0.99526006	771.2677	0.090142384	0.98439497	1.0
SPIKE	S52:A>G	13	468148	2.7768996E-5	35.66543	39.153847	TRUE	A	7.953356E-5	342.0	3.9800012E-4	0.99745816	518.96576	0.10891315	0.9605481	0.0
SPIKE	S52:A>C	0	468148	0.0	9999.0	0.0	TRUE	A	2.6562479E-5	58.0	3.698378E-4	0.99915034	66.1907	0.21447882	0.9474373	0.0
SPIKE	S52:A>T	0	468148	0.0	9999.0	0.0	TRUE	A	3.9179446E-5	3.0	4.6547374E-4	0.99874705	84.75748	0.21650387	0.9741741	1.0
SPIKE	S53:C>T	12	468148	2.563292E-5	31.235842	39.416668	TRUE	C	7.806182E-5	363.0	3.8892316E-4	0.9975051	642.81836	0.10071269	0.9766672	0.0
SPIKE	S53:C>A	2	468148	4.272153E-6	9.076819	40.0	TRUE	C	1.5517948E-5	1.0	6.4822054E-4	0.99950355	30.385977	0.23923562	0.9654954	1.0
SPIKE	D53-54:C>	1	468148	2.1360765E-6	9999.0	39.842735	TRUE		NaN	NaN	NaN	NaN	NaN	NaN	NaN	NaN
SPIKE	S53:C>G	0	468148	0.0	9999.0	0.0	TRUE	C	7.065976E-5	8.0	3.5962116E-4	0.99774146	322.1584	0.10271694	0.98719156	1.0
SPIKE	S54:C>T	7	468151	1.495244E-5	20.94269	40.0	TRUE	C	4.6234665E-5	215.0	3.8892316E-4	0.99852157	642.8225	0.10071269	0.9766672	0.0
SPIKE	S54:C>A	2	468151	4.272126E-6	8.48007	40.0	TRUE	C	1.6852806E-5	33.0	6.4822054E-4	0.9994609	30.386171	0.23923562	0.9654954	0.0
SPIKE	S54:C>G	0	468151	0.0	9999.0	0.0	TRUE	C	7.065976E-5	0.0	3.5962116E-4	0.99774146	322.16046	0.10271694	0.98719156	1.0
SPIKE	S55:A>C	2	468151	4.272126E-6	0.04161594	40.0	TRUE	A	1.4884053E-4	325.0	3.698378E-4	0.99524844	66.191124	0.21447882	0.9474373	0.0
SPIKE	S55:A>G	49	468151	1.0466708E-4	113.27394	40.0	TRUE	A	2.9208628E-4	1256.0	3.9800012E-4	0.9906968	518.96906	0.10891315	0.9605481	0.0
SPIKE	S55:A>T	0	468151	0.0	9999.0	0.0	TRUE	A	1.7103273E-5	37.0	4.6547374E-4	0.9994528	84.75802	0.21650387	0.9741741	0.0
SPIKE	S56:C>T	11	468151	2.3496692E-5	39.858105	40.0	TRUE	C	5.333115E-5	248.0	3.8892316E-4	0.99829483	642.8225	0.10071269	0.9766672	0.0
SPIKE	S56:C>A	3	468151	6.4081887E-6	1.2162981	40.0	TRUE	C	8.7328175E-5	171.0	6.4822054E-4	0.99720937	30.386171	0.23923562	0.9654954	0.0
SPIKE	S56:C>G	0	468151	0.0	9999.0	0.0	TRUE	C	7.065976E-5	4.0	3.5962116E-4	0.99774146	322.16046	0.10271694	0.98719156	1.0
SPIKE	S57:C>T	12	468151	2.5632755E-5	60.94213	40.0	TRUE	C	3.8062957E-5	177.0	3.8892316E-4	0.99878275	642.8225	0.10071269	0.9766672	0.0
SPIKE	S57:C>A	5	468151	1.06803145E-5	21.66183	40.0	TRUE	C	2.5023865E-5	49.0	6.4822054E-4	0.99919957	30.386171	0.23923562	0.9654954	0.0
SPIKE	S57:C>G	0	468151	0.0	9999.0	0.0	TRUE	C	7.065976E-5	0.0	3.5962116E-4	0.99774146	322.16046	0.10271694	0.98719156	1.0
SPIKE	S58:A>G	12	468151	2.5632755E-5	28.378744	40.0	TRUE	A	8.441666E-5	363.0	3.9800012E-4	0.9973023	518.96906	0.10891315	0.9605481	0.0
SPIKE	S58:A>C	0	468151	0.0	9999.0	0.0	TRUE	A	1.0029561E-4	219.0	3.698378E-4	0.9967957	66.191124	0.21447882	0.9474373	0.0
SPIKE	S58:A>T	0	468151	0.0	9999.0	0.0	TRUE	A	1.8027775E-5	39.0	4.6547374E-4	0.99942327	84.75802	0.21650387	0.9741741	0.0
SPIKE	S59:T>C	8	468151	1.7088503E-5	6.4200954	40.0	TRUE	T	1.1756908E-4	430.0	4.0197786E-4	0.99624485	406.98947	0.12805167	0.9599668	0.0
SPIKE	S59:T>A	1	468151	2.136063E-6	0.18006635	40.0	TRUE	T	8.279578E-5	218.0	4.4624385E-4	0.99735403	104.557915	0.17788179	0.9813414	0.0
SPIKE	S59:T>G	0	468151	0.0	9999.0	0.0	TRUE	T	2.6950802E-6	14.0	2.2897804E-4	0.99991375	771.27264	0.090142384	0.98439497	0.0
SPIKE	S60:T>C	4	468151	8.544252E-6	3.443694	40.0	TRUE	T	7.436928E-5	272.0	4.0197786E-4	0.997623	406.98947	0.12805167	0.9599668	0.0
SPIKE	S60:T>A	0	468151	0.0	9999.0	0.0	TRUE	T	3.9710798E-5	2.0	4.4624385E-4	0.99873006	104.557915	0.17788179	0.9813414	1.0
SPIKE	S60:T>G	0	468151	0.0	9999.0	0.0	TRUE	T	5.967677E-6	31.0	2.2897804E-4	0.999809	771.27264	0.090142384	0.98439497	0.0
SPIKE	S61:G>A	21	468151	4.4857323E-5	151.20557	40.0	TRUE	G	3.5181314E-5	156.0	4.8738744E-4	0.99887484	365.02423	0.10562948	0.9722687	0.0
SPIKE	S61:G>C	0	468151	0.0	9999.0	0.0	TRUE	G	7.254842E-5	0.0	3.1685212E-4	0.99768114	325.33188	0.104429916	0.9851049	1.0
SPIKE	S61:G>T	0	468151	0.0	9999.0	0.0	TRUE	G	5.6596473E-5	220.0	3.498947E-4	0.9981905	275.98804	0.12047713	0.98427105	0.0
SPIKE	S62:A>G	5	468151	1.06803145E-5	6.03071	40.0	TRUE	A	7.116114E-5	306.0	3.9800012E-4	0.9977254	518.96906	0.10891315	0.9605481	0.0
SPIKE	D62-63:A>	10	468151	2.1360629E-5	9999.0	39.999996	TRUE		NaN	NaN	NaN	NaN	NaN	NaN	NaN	NaN
SPIKE	S62:A>C	0	468151	0.0	9999.0	0.0	TRUE	A	3.0313604E-5	3.0	3.698378E-4	0.9990304	66.191124	0.21447882	0.9474373	1.0
SPIKE	S62:A>T	0	468151	0.0	9999.0	0.0	TRUE	A	7.858261E-6	17.0	4.6547374E-4	0.9997486	84.75802	0.21650387	0.9741741	0.0
SPIKE	S63:A>G	3	468151	6.4081887E-6	8.069595	40.0	TRUE	A	3.116207E-5	134.0	3.9800012E-4	0.9990033	518.96906	0.10891315	0.9605481	0.0
SPIKE	S63:A>C	0	468151	0.0	9999.0	0.0	TRUE	A	3.0313604E-5	8.0	3.698378E-4	0.9990304	66.191124	0.21447882	0.9474373	1.0
SPIKE	S63:A>T	0	468151	0.0	9999.0	0.0	TRUE	A	1.0169514E-5	22.0	4.6547374E-4	0.9996746	84.75802	0.21650387	0.9741741	0.0
SPIKE	S64:A>G	5	468151	1.06803145E-5	5.3498826	40.0	TRUE	A	7.5812204E-5	326.0	3.9800012E-4	0.99757695	518.96906	0.10891315	0.9605481	0.0
SPIKE	S64:A>C	1	468151	2.136063E-6	5.9226527	40.0	TRUE	A	1.0075359E-5	22.0	3.698378E-4	0.99967766	66.191124	0.21447882	0.9474373	0.0
SPIKE	S64:A>T	0	468151	0.0	9999.0	0.0	TRUE	A	3.9179446E-5	4.0	4.6547374E-4	0.99874705	84.75802	0.21650387	0.9741741	1.0
SPIKE	S65:A>G	16	468151	3.4177006E-5	20.176918	40.0	TRUE	A	1.6022885E-4	689.0	3.9800012E-4	0.9948858	518.96906	0.10891315	0.9605481	0.0
SPIKE	S65:A>C	8	468151	1.7088503E-5	0.97442526	40.0	TRUE	A	2.0562891E-4	449.0	3.698378E-4	0.99344146	66.191124	0.21447882	0.9474373	0.0
SPIKE	S65:A>T	0	468151	0.0	9999.0	0.0	TRUE	A	8.320511E-6	18.0	4.6547374E-4	0.9997338	84.75802	0.21650387	0.9741741	0.0
SPIKE	S66:C>A	3	468151	6.4081887E-6	10.815057	40.0	TRUE	C	2.349179E-5	46.0	6.4822054E-4	0.99924856	30.386171	0.23923562	0.9654954	0.0
SPIKE	S66:C>G	1	468151	2.136063E-6	0.31155932	40.0	TRUE	C	7.065976E-5	2.0	3.5962116E-4	0.99774146	322.16046	0.10271694	0.98719156	1.0
SPIKE	S66:C>T	16	468151	3.4177006E-5	72.23333	40.0	TRUE	C	5.6126733E-5	261.0	3.8892316E-4	0.99820554	642.8225	0.10071269	0.9766672	0.0
SPIKE	S67:C>A	4	468151	8.544252E-6	1.0699272	40.0	TRUE	C	1.1388412E-4	223.0	6.4822054E-4	0.9963623	30.386171	0.23923562	0.9654954	0.0
SPIKE	S67:C>T	7	468151	1.495244E-5	28.828758	40.0	TRUE	C	3.3116925E-5	154.0	3.8892316E-4	0.9989408	642.8225	0.10071269	0.9766672	0.0
SPIKE	S67:C>G	0	468151	0.0	9999.0	0.0	TRUE	C	7.065976E-5	0.0	3.5962116E-4	0.99774146	322.16046	0.10271694	0.98719156	1.0
SPIKE	S68:A>G	20	468151	4.2721258E-5	7.5417686	40.0	TRUE	A	3.0859752E-4	1327.0	3.9800012E-4	0.99017346	518.96906	0.10891315	0.9605481	0.0
SPIKE	S68:A>C	5	468151	1.06803145E-5	7.77001	40.0	TRUE	A	6.136809E-5	134.0	3.698378E-4	0.9980382	66.191124	0.21447882	0.9474373	0.0
SPIKE	S68:A>T	0	468151	0.0	9999.0	0.0	TRUE	A	2.8197288E-5	61.0	4.6547374E-4	0.9990981	84.75802	0.21650387	0.9741741	0.0
SPIKE	S69:G>A	15	468151	3.2040945E-5	36.281116	40.0	TRUE	G	9.922935E-5	440.0	4.8738744E-4	0.9968297	365.02423	0.10562948	0.9722687	0.0
SPIKE	S69:G>T	2	468151	4.272126E-6	21.365631	40.0	TRUE	G	3.344337E-6	13.0	3.498947E-4	0.999893	275.98804	0.12047713	0.98427105	0.0
SPIKE	S69:G>C	0	468151	0.0	9999.0	0.0	TRUE	G	5.039759E-5	226.0	3.1685212E-4	0.9983886	325.33188	0.104429916	0.9851049	0.0
SPIKE	S70:C>T	36	468151	7.6898265E-5	112.388596	40.0	TRUE	C	1.7053065E-4	793.0	3.8892316E-4	0.99455786	642.8225	0.10071269	0.9766672	0.0
SPIKE	S70:C>A	0	468151	0.0	9999.0	0.0	TRUE	C	1.5517948E-5	5.0	6.4822054E-4	0.99950355	30.386171	0.23923562	0.9654954	1.0
SPIKE	S70:C>G	0	468151	0.0	9999.0	0.0	TRUE	C	8.992568E-6	41.0	3.5962116E-4	0.9997123	322.16046	0.10271694	0.98719156	0.0
SPIKE	S71:C>A	6	468151	1.2816377E-5	31.401691	40.0	TRUE	C	2.1959717E-5	43.0	6.4822054E-4	0.99929756	30.386171	0.23923562	0.9654954	0.0
SPIKE	S71:C>T	12	468151	2.5632755E-5	40.188393	40.0	TRUE	C	6.193295E-5	288.0	3.8892316E-4	0.9980201	642.8225	0.10071269	0.9766672	0.0
SPIKE	S71:C>G	0	468151	0.0	9999.0	0.0	TRUE	C	4.1453546E-5	189.0	3.5962116E-4	0.9986744	322.16046	0.10271694	0.98719156	0.0
SPIKE	S72:G>A	40	468151	8.5442516E-5	227.90598	40.0	TRUE	G	9.268923E-5	411.0	4.8738744E-4	0.99703836	365.02423	0.10562948	0.9722687	0.0
SPIKE	S72:G>C	0	468151	0.0	9999.0	0.0	TRUE	G	1.0257916E-5	46.0	3.1685212E-4	0.9996718	325.33188	0.104429916	0.9851049	0.0
SPIKE	S72:G>T	0	468151	0.0	9999.0	0.0	TRUE	G	2.8298236E-5	110.0	3.498947E-4	0.99909484	275.98804	0.12047713	0.98427105	0.0
SPIKE	S73:T>G	2	468151	4.272126E-6	1.5476573	40.0	TRUE	T	5.8136728E-5	302.0	2.2897804E-4	0.99814135	771.27264	0.090142384	0.98439497	0.0
SPIKE	S73:T>C	20	468151	4.2721258E-5	5.7236156	40.0	TRUE	T	3.3220102E-4	1215.0	4.0197786E-4	0.9894259	406.98947	0.12805167	0.9599668	0.0
SPIKE	S73:T>A	0	468151	0.0	9999.0	0.0	TRUE	T	6.8363483E-6	18.0	4.4624385E-4	0.99978125	104.557915	0.17788179	0.9813414	0.0
SPIKE	S74:G>A	22	468151	4.6993384E-5	175.37042	40.0	TRUE	G	3.0445368E-5	135.0	4.8738744E-4	0.99902624	365.02423	0.10562948	0.9722687	0.0
SPIKE	S74:G>C	0	468151	0.0	9999.0	0.0	TRUE	G	5.5749547E-6	25.0	3.1685212E-4	0.9998216	325.33188	0.104429916	0.9851049	0.0
SPIKE	S74:G>T	0	468151	0.0	9999.0	0.0	TRUE	G	1.3120091E-5	51.0	3.498947E-4	0.99958026	275.98804	0.12047713	0.98427105	0.0
SPIKE	S75:G>A	24	468151	5.126551E-5	120.36839	40.0	TRUE	G	6.946054E-5	308.0	4.8738744E-4	0.9977797	365.02423	0.10562948	0.9722687	0.0
SPIKE	S75:G>T	1	468151	2.136063E-6	0.7489459	40.0	TRUE	G	5.119408E-5	199.0	3.498947E-4	0.99836314	275.98804	0.12047713	0.98427105	0.0
SPIKE	S75:G>C	0	468151	0.0	9999.0	0.0	TRUE	G	7.254842E-5	2.0	3.1685212E-4	0.99768114	325.33188	0.104429916	0.9851049	1.0
SPIKE	S76:T>G	4	468151	8.544252E-6	9.191136	40.0	TRUE	T	4.1003717E-5	213.0	2.2897804E-4	0.99868876	771.27264	0.090142384	0.98439497	0.0
SPIKE	S76:T>C	18	468151	3.8449132E-5	30.415554	40.0	TRUE	T	1.4901198E-4	545.0	4.0197786E-4	0.99524295	406.98947	0.12805167	0.9599668	0.0
SPIKE	S76:T>A	0	468151	0.0	9999.0	0.0	TRUE	T	6.8363483E-6	18.0	4.4624385E-4	0.99978125	104.557915	0.17788179	0.9813414	0.0
SPIKE	S77:T>C	3	468151	6.4081887E-6	7.9075747	40.0	TRUE	T	3.171631E-5	116.0	4.0197786E-4	0.9989856	406.98947	0.12805167	0.9599668	0.0
SPIKE	S77:T>A	0	468151	0.0	9999.0	0.0	TRUE	T	3.9710798E-5	4.0	4.4624385E-4	0.99873006	104.557915	0.17788179	0.9813414	1.0
SPIKE	S77:T>G	0	468151	0.0	9999.0	0.0	TRUE	T	4.620137E-6	24.0	2.2897804E-4	0.9998522	771.27264	0.090142384	0.98439497	0.0
SPIKE	S78:T>C	2	468151	4.272126E-6	12.980945	40.0	TRUE	T	9.29616E-6	34.0	4.0197786E-4	0.9997026	406.98947	0.12805167	0.9599668	0.0
SPIKE	S78:T>A	0	468151	0.0	9999.0	0.0	TRUE	T	3.9710798E-5	0.0	4.4624385E-4	0.99873006	104.557915	0.17788179	0.9813414	1.0
SPIKE	S78:T>G	0	468151	0.0	9999.0	0.0	TRUE	T	4.4468823E-5	231.0	2.2897804E-4	0.998578	771.27264	0.090142384	0.98439497	0.0
SPIKE	S79:G>A	19	468151	4.0585197E-5	113.23685	40.0	TRUE	G	4.4202163E-5	196.0	4.8738744E-4	0.99858654	365.02423	0.10562948	0.9722687	0.0
SPIKE	S79:G>C	0	468151	0.0	9999.0	0.0	TRUE	G	5.240457E-5	235.0	3.1685212E-4	0.99832445	325.33188	0.104429916	0.9851049	0.0
SPIKE	S79:G>T	0	468151	0.0	9999.0	0.0	TRUE	G	8.232214E-6	32.0	3.498947E-4	0.9997366	275.98804	0.12047713	0.98427105	0.0
SPIKE	S80:C>A	2	468151	4.272126E-6	12.242264	40.0	TRUE	C	1.0213822E-5	20.0	6.4822054E-4	0.9996732	30.386171	0.23923562	0.9654954	0.0
SPIKE	S80:C>T	26	468151	5.5537635E-5	51.385647	40.0	TRUE	C	1.8429353E-4	857.0	3.8892316E-4	0.99411994	642.8225	0.10071269	0.9766672	0.0
SPIKE	S80:C>G	0	468151	0.0	9999.0	0.0	TRUE	C	4.89108E-5	223.0	3.5962116E-4	0.9984361	322.16046	0.10271694	0.98719156	0.0
SPIKE	S81:G>A	33	468151	7.0490074E-5	173.44109	40.0	TRUE	G	8.7502245E-5	388.0	4.8738744E-4	0.9972038	365.02423	0.10562948	0.9722687	0.0
SPIKE	S81:G>T	1	468151	2.136063E-6	6.500875	40.0	TRUE	G	8.746728E-6	34.0	3.498947E-4	0.99972016	275.98804	0.12047713	0.98427105	0.0
SPIKE	S81:G>C	0	468151	0.0	9999.0	0.0	TRUE	G	2.2299819E-6	10.0	3.1685212E-4	0.99992865	325.33188	0.104429916	0.9851049	0.0
SPIKE	S82:G>A	46	468151	9.82589E-5	195.0585	40.0	TRUE	G	1.5628623E-4	693.0	4.8738744E-4	0.9950113	365.02423	0.10562948	0.9722687	0.0
SPIKE	S82:G>T	3	468151	6.4081887E-6	33.802032	40.0	TRUE	G	3.344337E-6	13.0	3.498947E-4	0.999893	275.98804	0.12047713	0.98427105	0.0
SPIKE	S82:G>C	0	468151	0.0	9999.0	0.0	TRUE	G	4.682962E-5	210.0	3.1685212E-4	0.99850255	325.33188	0.104429916	0.9851049	0.0
SPIKE	S83:C>A	8	468150	1.708854E-5	92.37882	40.0	TRUE	C	5.617614E-6	11.0	6.4822054E-4	0.99982023	30.386106	0.23923562	0.9654954	0.0
SPIKE	S83:C>T	8	468150	1.708854E-5	18.217646	40.0	TRUE	C	6.4083535E-5	298.0	3.8892316E-4	0.99795145	642.8211	0.10071269	0.9766672	0.0
SPIKE	S83:C>G	0	468150	0.0	9999.0	0.0	TRUE	C	5.2858868E-5	241.0	3.5962116E-4	0.99830997	322.15976	0.10271694	0.98719156	0.0
SPIKE	S84:G>A	42	468150	8.9714835E-5	235.19235	40.0	TRUE	G	9.945508E-5	441.0	4.8738744E-4	0.9968225	365.02344	0.10562948	0.9722687	0.0
SPIKE	D84-85:G>	1	468150	2.1360675E-6	9999.0	39.999916	TRUE		NaN	NaN	NaN	NaN	NaN	NaN	NaN	NaN
SPIKE	S84:G>C	0	468150	0.0	9999.0	0.0	TRUE	G	2.4529852E-6	11.0	3.1685212E-4	0.9999215	325.3312	0.104429916	0.9851049	0.0
SPIKE	S84:G>T	0	468150	0.0	9999.0	0.0	TRUE	G	7.099977E-5	2.0	3.498947E-4	0.9977306	275.98746	0.12047713	0.98427105	1.0
SPIKE	S85:A>G	0	468150	0.0	9999.0	0.0	TRUE	A	1.4418302E-5	62.0	3.9800012E-4	0.9995387	518.96796	0.10891315	0.9605481	0.0
SPIKE	S85:A>C	0	468150	0.0	9999.0	0.0	TRUE	A	3.0313604E-5	3.0	3.698378E-4	0.9990304	66.19099	0.21447882	0.9474373	1.0
SPIKE	S85:A>T	0	468150	0.0	9999.0	0.0	TRUE	A	9.337482E-5	202.0	4.6547374E-4	0.9970165	84.757835	0.21650387	0.9741741	0.0
SPIKE	S86:T>C	3	468150	6.4082024E-6	1.9589341	40.0	TRUE	T	7.300235E-5	267.0	4.0197786E-4	0.99766666	406.98862	0.12805167	0.9599668	0.0
SPIKE	S86:T>A	0	468150	0.0	9999.0	0.0	TRUE	T	5.317171E-6	14.0	4.4624385E-4	0.9998299	104.55769	0.17788179	0.9813414	0.0
SPIKE	S86:T>G	0	468150	0.0	9999.0	0.0	TRUE	T	6.1601963E-6	32.0	2.2897804E-4	0.9998029	771.271	0.090142384	0.98439497	0.0
SPIKE	S87:T>G	1	468150	2.1360675E-6	6.4501166	40.0	TRUE	T	8.855282E-6	46.0	2.2897804E-4	0.9997167	771.271	0.090142384	0.98439497	0.0
SPIKE	S87:T>A	0	468150	0.0	9999.0	0.0	TRUE	T	3.9710798E-5	8.0	4.4624385E-4	0.99873006	104.55769	0.17788179	0.9813414	1.0
SPIKE	S87:T>C	0	468150	0.0	9999.0	0.0	TRUE	T	2.8161956E-5	103.0	4.0197786E-4	0.9990992	406.98862	0.12805167	0.9599668	0.0
SPIKE	S88:T>A	0	468150	0.0	9999.0	0.0	TRUE	T	9.874747E-6	26.0	4.4624385E-4	0.99968404	104.55769	0.17788179	0.9813414	0.0
SPIKE	S88:T>G	0	468150	0.0	9999.0	0.0	TRUE	T	1.484744E-4	3.0	2.2897804E-4	0.99526006	771.271	0.090142384	0.98439497	1.0
SPIKE	S88:T>C	0	468150	0.0	9999.0	0.0	TRUE	T	3.0896128E-5	113.0	4.0197786E-4	0.9990118	406.98862	0.12805167	0.9599668	0.0
SPIKE	S89:A>G	2	468150	4.272135E-6	10.244111	39.0	TRUE	A	1.3255536E-5	57.0	3.9800012E-4	0.9995759	518.96796	0.10891315	0.9605481	0.0
SPIKE	S89:A>C	0	468150	0.0	9999.0	0.0	TRUE	A	3.0313604E-5	4.0	3.698378E-4	0.9990304	66.19099	0.21447882	0.9474373	1.0
SPIKE	S89:A>T	0	468150	0.0	9999.0	0.0	TRUE	A	1.1556291E-5	25.0	4.6547374E-4	0.9996303	84.757835	0.21650387	0.9741741	0.0
SPIKE	S90:T>A	0	468150	0.0	9999.0	0.0	TRUE	T	3.9710798E-5	3.0	4.4624385E-4	0.99873006	104.55769	0.17788179	0.9813414	1.0
SPIKE	S90:T>G	0	468150	0.0	9999.0	0.0	TRUE	T	2.3100736E-6	12.0	2.2897804E-4	0.9999261	771.271	0.090142384	0.98439497	0.0
SPIKE	S90:T>C	0	468150	0.0	9999.0	0.0	TRUE	T	3.499738E-5	128.0	4.0197786E-4	0.9988807	406.98862	0.12805167	0.9599668	0.0
SPIKE	S91:C>G	1	468150	2.1360675E-6	0.31156144	40.0	TRUE	C	7.065976E-5	0.0	3.5962116E-4	0.99774146	322.15976	0.10271694	0.98719156	1.0
SPIKE	S91:C>A	10	468150	2.1360675E-5	80.278206	39.3	TRUE	C	1.5517948E-5	5.0	6.4822054E-4	0.99950355	30.386106	0.23923562	0.9654954	1.0
SPIKE	S91:C>T	8	468150	1.708854E-5	26.147038	37.5	TRUE	C	4.6664856E-5	217.0	3.8892316E-4	0.99850786	642.8211	0.10071269	0.9766672	0.0
SPIKE	S92:G>A	36	468150	7.689843E-5	203.05875	38.86111	TRUE	G	8.547273E-5	379.0	4.8738744E-4	0.9972686	365.02344	0.10562948	0.9722687	0.0
SPIKE	S92:G>C	0	468150	0.0	9999.0	0.0	TRUE	G	7.254842E-5	1.0	3.1685212E-4	0.99768114	325.3312	0.104429916	0.9851049	1.0
SPIKE	S92:G>T	0	468150	0.0	9999.0	0.0	TRUE	G	7.099977E-5	2.0	3.498947E-4	0.9977306	275.98746	0.12047713	0.98427105	1.0
SPIKE	S93:T>C	2	468150	4.272135E-6	0.41745988	34.0	TRUE	T	9.214155E-5	337.0	4.0197786E-4	0.9970558	406.98862	0.12805167	0.9599668	0.0
SPIKE	S93:T>A	0	468150	0.0	9999.0	0.0	TRUE	T	6.076767E-6	16.0	4.4624385E-4	0.99980557	104.55769	0.17788179	0.9813414	0.0
SPIKE	S93:T>G	0	468150	0.0	9999.0	0.0	TRUE	T	6.930221E-6	36.0	2.2897804E-4	0.9997783	771.271	0.090142384	0.98439497	0.0
SPIKE	S94:C>A	4	468150	8.54427E-6	22.476936	37.75	TRUE	C	1.5517948E-5	8.0	6.4822054E-4	0.99950355	30.386106	0.23923562	0.9654954	1.0
SPIKE	S94:C>T	3	468150	6.4082024E-6	4.032906	38.333332	TRUE	C	5.118081E-5	238.0	3.8892316E-4	0.99836355	642.8211	0.10071269	0.9766672	0.0
SPIKE	S94:C>G	0	468150	0.0	9999.0	0.0	TRUE	C	7.065976E-5	0.0	3.5962116E-4	0.99774146	322.15976	0.10271694	0.98719156	1.0
SPIKE	S95:G>A	21	468150	4.4857417E-5	75.46522	38.238094	TRUE	G	9.178734E-5	407.0	4.8738744E-4	0.9970671	365.02344	0.10562948	0.9722687	0.0
SPIKE	S95:G>C	0	468150	0.0	9999.0	0.0	TRUE	G	7.254842E-5	2.0	3.1685212E-4	0.99768114	325.3312	0.104429916	0.9851049	1.0
SPIKE	S95:G>T	0	468150	0.0	9999.0	0.0	TRUE	G	7.099977E-5	4.0	3.498947E-4	0.9977306	275.98746	0.12047713	0.98427105	1.0
SPIKE	S96:T>C	2	468150	4.272135E-6	0.0049749273	38.5	TRUE	T	1.9795394E-4	724.0	4.0197786E-4	0.9936855	406.98862	0.12805167	0.9599668	0.0
SPIKE	S96:T>A	0	468150	0.0	9999.0	0.0	TRUE	T	1.481212E-5	39.0	4.4624385E-4	0.99952614	104.55769	0.17788179	0.9813414	0.0
SPIKE	S96:T>G	0	468150	0.0	9999.0	0.0	TRUE	T	6.7377146E-6	35.0	2.2897804E-4	0.9997844	771.271	0.090142384	0.98439497	0.0
SPIKE	S97:C>T	7	468150	1.4952472E-5	37.90936	38.285713	TRUE	C	2.3224906E-5	108.0	3.8892316E-4	0.9992571	642.8211	0.10071269	0.9766672	0.0
SPIKE	S97:C>A	5	468150	1.0680337E-5	30.56757	39.2	TRUE	C	1.5517948E-5	5.0	6.4822054E-4	0.99950355	30.386106	0.23923562	0.9654954	1.0
SPIKE	S97:C>G	0	468150	0.0	9999.0	0.0	TRUE	C	7.065976E-5	0.0	3.5962116E-4	0.99774146	322.15976	0.10271694	0.98719156	1.0
SPIKE	S98:A>G	5	468150	1.0680337E-5	7.3982663	40.0	TRUE	A	6.325448E-5	272.0	3.9800012E-4	0.9979779	518.96796	0.10891315	0.9605481	0.0
SPIKE	D98-101:ATC>	1	468150	2.1360675E-6	9999.0	39.93879	TRUE		NaN	NaN	NaN	NaN	NaN	NaN	NaN	NaN
SPIKE	S98:A>C	0	468150	0.0	9999.0	0.0	TRUE	A	4.5797183E-6	10.0	3.698378E-4	0.99985343	66.19099	0.21447882	0.9474373	0.0
SPIKE	S98:A>T	0	468150	0.0	9999.0	0.0	TRUE	A	3.9179446E-5	2.0	4.6547374E-4	0.99874705	84.757835	0.21650387	0.9741741	1.0
SPIKE	S99:T>A	0	468150	0.0	9999.0	0.0	TRUE	T	3.9710798E-5	7.0	4.4624385E-4	0.99873006	104.55769	0.17788179	0.9813414	1.0
SPIKE	S99:T>G	0	468150	0.0	9999.0	0.0	TRUE	T	1.484744E-4	8.0	2.2897804E-4	0.99526006	771.271	0.090142384	0.98439497	1.0
SPIKE	S99:T>C	0	468150	0.0	9999.0	0.0	TRUE	T	3.5817633E-5	131.0	4.0197786E-4	0.9988545	406.98862	0.12805167	0.9599668	0.0
SPIKE	S100:C>T	18	468150	3.8449216E-5	53.68261	39.22222	TRUE	C	9.655539E-5	449.0	3.8892316E-4	0.996915	642.8211	0.10071269	0.9766672	0.0
SPIKE	S100:C>A	2	468150	4.272135E-6	9.076788	40.0	TRUE	C	1.5517948E-5	6.0	6.4822054E-4	0.99950355	30.386106	0.23923562	0.9654954	1.0
SPIKE	S100:C>G	0	468150	0.0	9999.0	0.0	TRUE	C	7.065976E-5	2.0	3.5962116E-4	0.99774146	322.15976	0.10271694	0.98719156	1.0
SPIKE	S101:G>A	20	468150	4.272135E-5	90.26129	39.2	TRUE	G	6.788204E-5	301.0	4.8738744E-4	0.99783015	365.02344	0.10562948	0.9722687	0.0
SPIKE	S101:G>C	0	468150	0.0	9999.0	0.0	TRUE	G	7.254842E-5	1.0	3.1685212E-4	0.99768114	325.3312	0.104429916	0.9851049	1.0
SPIKE	S101:G>T	0	468150	0.0	9999.0	0.0	TRUE	G	7.099977E-5	4.0	3.498947E-4	0.9977306	275.98746	0.12047713	0.98427105	1.0
SPIKE	S102:T>C	3	468150	6.4082024E-6	4.4685516	37.0	TRUE	T	4.81214E-5	176.0	4.0197786E-4	0.9984613	406.98862	0.12805167	0.9599668	0.0
SPIKE	S102:T>A	0	468150	0.0	9999.0	0.0	TRUE	T	3.9710798E-5	3.0	4.4624385E-4	0.99873006	104.55769	0.17788179	0.9813414	1.0
SPIKE	S102:T>G	0	468150	0.0	9999.0	0.0	TRUE	T	2.887592E-6	15.0	2.2897804E-4	0.9999076	771.271	0.090142384	0.98439497	0.0
SPIKE	S103:G>A	23	468150	4.9129554E-5	224.06497	38.913044	TRUE	G	2.0522477E-5	91.0	4.8738744E-4	0.9993435	365.02344	0.10562948	0.9722687	0.0
SPIKE	S103:G>C	0	468150	0.0	9999.0	0.0	TRUE	G	7.254842E-5	2.0	3.1685212E-4	0.99768114	325.3312	0.104429916	0.9851049	1.0
SPIKE	S103:G>T	0	468150	0.0	9999.0	0.0	TRUE	G	7.099977E-5	2.0	3.498947E-4	0.9977306	275.98746	0.12047713	0.98427105	1.0
SPIKE	S104:G>C	1	468150	2.1360675E-6	0.2861363	37.0	TRUE	G	7.254842E-5	1.0	3.1685212E-4	0.99768114	325.3312	0.104429916	0.9851049	1.0
SPIKE	S104:G>A	21	468150	4.4857417E-5	65.58096	38.190475	TRUE	G	1.0554417E-4	468.0	4.8738744E-4	0.9966283	365.02344	0.10562948	0.9722687	0.0
SPIKE	S104:G>T	0	468150	0.0	9999.0	0.0	TRUE	G	7.099977E-5	5.0	3.498947E-4	0.9977306	275.98746	0.12047713	0.98427105	1.0
SPIKE	S105:C>T	15	468150	3.204101E-5	29.784079	34.733334	TRUE	C	1.150493E-4	535.0	3.8892316E-4	0.9963252	642.8211	0.10071269	0.9766672	0.0
SPIKE	S105:C>A	1	468150	2.1360675E-6	4.403137	38.0	TRUE	C	1.48100735E-5	29.0	6.4822054E-4	0.9995262	30.386106	0.23923562	0.9654954	0.0
SPIKE	S105:C>G	1	468150	2.1360675E-6	0.31156144	38.0	TRUE	C	7.065976E-5	2.0	3.5962116E-4	0.99774146	322.15976	0.10271694	0.98719156	1.0
SPIKE	S106:G>T	1	468150	2.1360675E-6	11.292279	40.0	TRUE	G	2.8298296E-6	11.0	3.498947E-4	0.99990946	275.98746	0.12047713	0.98427105	0.0
SPIKE	S106:G>A	12	468150	2.563281E-5	23.096184	39.333332	TRUE	G	9.832747E-5	436.0	4.8738744E-4	0.9968585	365.02344	0.10562948	0.9722687	0.0
SPIKE	S106:G>C	0	468150	0.0	9999.0	0.0	TRUE	G	7.254842E-5	1.0	3.1685212E-4	0.99768114	325.3312	0.104429916	0.9851049	1.0
SPIKE	S107:G>T	1	468150	2.1360675E-6	0.30682424	40.0	TRUE	G	7.099977E-5	5.0	3.498947E-4	0.9977306	275.98746	0.12047713	0.98427105	1.0
SPIKE	S107:G>A	31	468150	6.621809E-5	67.96991	39.16129	TRUE	G	2.0003777E-4	887.0	4.8738744E-4	0.99361926	365.02344	0.10562948	0.9722687	0.0
SPIKE	S107:G>C	0	468150	0.0	9999.0	0.0	TRUE	G	7.254842E-5	6.0	3.1685212E-4	0.99768114	325.3312	0.104429916	0.9851049	1.0
SPIKE	S108:C>T	10	468150	2.1360675E-5	10.049907	39.3	TRUE	C	1.245113E-4	579.0	3.8892316E-4	0.99602354	642.8211	0.10071269	0.9766672	0.0
SPIKE	S108:C>A	1	468150	2.1360675E-6	4.226215	40.0	TRUE	C	1.5517948E-5	6.0	6.4822054E-4	0.99950355	30.386106	0.23923562	0.9654954	1.0
SPIKE	S108:C>G	0	468150	0.0	9999.0	0.0	TRUE	C	7.065976E-5	0.0	3.5962116E-4	0.99774146	322.15976	0.10271694	0.98719156	1.0
SPIKE	S109:A>G	3	468150	6.4082024E-6	4.5364614	38.0	TRUE	A	4.7673417E-5	205.0	3.9800012E-4	0.9984756	518.96796	0.10891315	0.9605481	0.0
SPIKE	D109-121:AGCGTGACCTAT>	1	468150	2.1360675E-6	9999.0	39.931683	TRUE		NaN	NaN	NaN	NaN	NaN	NaN	NaN	NaN
SPIKE	S109:A>C	0	468150	0.0	9999.0	0.0	TRUE	A	3.0313604E-5	5.0	3.698378E-4	0.9990304	66.19099	0.21447882	0.9474373	1.0
SPIKE	S109:A>T	0	468150	0.0	9999.0	0.0	TRUE	A	5.547019E-6	12.0	4.6547374E-4	0.9998225	84.757835	0.21650387	0.9741741	0.0
SPIKE	S110:G>A	19	468150	4.0585284E-5	62.725693	38.57895	TRUE	G	9.178734E-5	407.0	4.8738744E-4	0.9970671	365.02344	0.10562948	0.9722687	0.0
SPIKE	S110:G>C	0	468150	0.0	9999.0	0.0	TRUE	G	7.254842E-5	1.0	3.1685212E-4	0.99768114	325.3312	0.104429916	0.9851049	1.0
SPIKE	S110:G>T	0	468150	0.0	9999.0	0.0	TRUE	G	7.099977E-5	2.0	3.498947E-4	0.9977306	275.98746	0.12047713	0.98427105	1.0
SPIKE	S111:C>T	27	468150	5.7673824E-5	105.58156	38.51852	TRUE	C	1.0451207E-4	486.0	3.8892316E-4	0.9966612	642.8211	0.10071269	0.9766672	0.0
SPIKE	S111:C>A	3	468150	6.4082024E-6	15.250727	40.0	TRUE	C	1.5517948E-5	4.0	6.4822054E-4	0.99950355	30.386106	0.23923562	0.9654954	1.0
SPIKE	S111:C>G	0	468150	0.0	9999.0	0.0	TRUE	C	7.065976E-5	1.0	3.5962116E-4	0.99774146	322.15976	0.10271694	0.98719156	1.0
SPIKE	S112:G>A	28	468150	5.980989E-5	186.09055	38.82143	TRUE	G	5.2546562E-5	233.0	4.8738744E-4	0.9983199	365.02344	0.10562948	0.9722687	0.0
SPIKE	S112:G>C	0	468150	0.0	9999.0	0.0	TRUE	G	7.254842E-5	1.0	3.1685212E-4	0.99768114	325.3312	0.104429916	0.9851049	1.0
SPIKE	S112:G>T	0	468150	0.0	9999.0	0.0	TRUE	G	7.099977E-5	1.0	3.498947E-4	0.9977306	275.98746	0.12047713	0.98427105	1.0
SPIKE	S113:T>C	1	468150	2.1360675E-6	0.006705231	40.0	TRUE	T	1.5366038E-4	562.0	4.0197786E-4	0.99509495	406.98862	0.12805167	0.9599668	0.0
SPIKE	S113:T>A	0	468150	0.0	9999.0	0.0	TRUE	T	3.9710798E-5	6.0	4.4624385E-4	0.99873006	104.55769	0.17788179	0.9813414	1.0
SPIKE	S113:T>G	0	468150	0.0	9999.0	0.0	TRUE	T	5.775184E-6	30.0	2.2897804E-4	0.9998152	771.271	0.090142384	0.98439497	0.0
SPIKE	S114:G>A	27	468150	5.7673824E-5	224.87064	38.962963	TRUE	G	3.3377215E-5	148.0	4.8738744E-4	0.9989325	365.02344	0.10562948	0.9722687	0.0
SPIKE	S114:G>C	0	468150	0.0	9999.0	0.0	TRUE	G	7.254842E-5	4.0	3.1685212E-4	0.99768114	325.3312	0.104429916	0.9851049	1.0
SPIKE	S114:G>T	0	468150	0.0	9999.0	0.0	TRUE	G	7.099977E-5	2.0	3.498947E-4	0.9977306	275.98746	0.12047713	0.98427105	1.0
SPIKE	S115:A>G	17	468150	3.6313148E-5	24.599936	39.0	TRUE	A	1.5604324E-4	671.0	3.9800012E-4	0.9950191	518.96796	0.10891315	0.9605481	0.0
SPIKE	S115:A>C	0	468150	0.0	9999.0	0.0	TRUE	A	3.0313604E-5	7.0	3.698378E-4	0.9990304	66.19099	0.21447882	0.9474373	1.0
SPIKE	S115:A>T	0	468150	0.0	9999.0	0.0	TRUE	A	4.622516E-6	10.0	4.6547374E-4	0.99985206	84.757835	0.21650387	0.9741741	0.0
SPIKE	S116:C>T	3	468150	6.4082024E-6	7.8757963	38.333332	TRUE	C	3.1826723E-5	148.0	3.8892316E-4	0.9989821	642.8211	0.10071269	0.9766672	0.0
SPIKE	S116:C>A	2	468150	4.272135E-6	9.076788	40.0	TRUE	C	1.5517948E-5	3.0	6.4822054E-4	0.99950355	30.386106	0.23923562	0.9654954	1.0
SPIKE	S116:C>G	0	468150	0.0	9999.0	0.0	TRUE	C	7.065976E-5	1.0	3.5962116E-4	0.99774146	322.15976	0.10271694	0.98719156	1.0
SPIKE	S117:C>T	5	468150	1.0680337E-5	15.405587	38.0	TRUE	C	3.6127632E-5	168.0	3.8892316E-4	0.99884456	642.8211	0.10071269	0.9766672	0.0
SPIKE	S117:C>A	5	468150	1.0680337E-5	32.155266	39.4	TRUE	C	1.4299381E-5	28.0	6.4822054E-4	0.99954253	30.386106	0.23923562	0.9654954	0.0
SPIKE	S117:C>G	0	468150	0.0	9999.0	0.0	TRUE	C	7.065976E-5	0.0	3.5962116E-4	0.99774146	322.15976	0.10271694	0.98719156	1.0
SPIKE	S118:T>C	2	468150	4.272135E-6	0.005479655	39.0	TRUE	T	1.9576661E-4	716.0	4.0197786E-4	0.99375504	406.98862	0.12805167	0.9599668	0.0
SPIKE	S118:T>A	2	468150	4.272135E-6	0.24550174	40.0	TRUE	T	1.0558383E-4	278.0	4.4624385E-4	0.99662703	104.55769	0.17788179	0.9813414	0.0
SPIKE	S118:T>G	0	468150	0.0	9999.0	0.0	TRUE	T	6.7377146E-6	35.0	2.2897804E-4	0.9997844	771.271	0.090142384	0.98439497	0.0
SPIKE	S119:A>G	4	468150	8.54427E-6	4.0691366	39.5	TRUE	A	6.8603214E-5	295.0	3.9800012E-4	0.9978071	518.96796	0.10891315	0.9605481	0.0
SPIKE	S119:A>C	0	468150	0.0	9999.0	0.0	TRUE	A	7.327549E-6	16.0	3.698378E-4	0.9997656	66.19099	0.21447882	0.9474373	0.0
SPIKE	S119:A>T	0	468150	0.0	9999.0	0.0	TRUE	A	4.622516E-6	10.0	4.6547374E-4	0.99985206	84.757835	0.21650387	0.9741741	0.0
SPIKE	S120:T>C	2	468150	4.272135E-6	1.138387	39.0	TRUE	T	6.6166926E-5	242.0	4.0197786E-4	0.99788487	406.98862	0.12805167	0.9599668	0.0
SPIKE	S120:T>A	1	468150	2.1360675E-6	1.2648401	40.0	TRUE	T	3.9710798E-5	5.0	4.4624385E-4	0.99873006	104.55769	0.17788179	0.9813414	1.0
SPIKE	S120:T>G	0	468150	0.0	9999.0	0.0	TRUE	T	3.8501225E-6	20.0	2.2897804E-4	0.9998768	771.271	0.090142384	0.98439497	0.0
SPIKE	S121:G>A	23	468150	4.9129554E-5	139.18144	38.695652	TRUE	G	5.0967912E-5	226.0	4.8738744E-4	0.99837035	365.02344	0.10562948	0.9722687	0.0
SPIKE	S121:G>C	0	468150	0.0	9999.0	0.0	TRUE	G	7.254842E-5	0.0	3.1685212E-4	0.99768114	325.3312	0.104429916	0.9851049	1.0
SPIKE	S121:G>T	0	468150	0.0	9999.0	0.0	TRUE	G	7.099977E-5	1.0	3.498947E-4	0.9977306	275.98746	0.12047713	0.98427105	1.0
SPIKE	S122:T>C	5	468150	1.0680337E-5	0.029126845	39.4	TRUE	T	2.4908292E-4	911.0	4.0197786E-4	0.992061	406.98862	0.12805167	0.9599668	0.0
SPIKE	S122:T>A	0	468150	0.0	9999.0	0.0	TRUE	T	3.9710798E-5	8.0	4.4624385E-4	0.99873006	104.55769	0.17788179	0.9813414	1.0
SPIKE	S122:T>G	0	468150	0.0	9999.0	0.0	TRUE	T	9.240294E-6	48.0	2.2897804E-4	0.99970436	771.271	0.090142384	0.98439497	0.0
SPIKE	S123:G>A	37	468150	7.90345E-5	323.281	38.54054	TRUE	G	4.0142866E-5	178.0	4.8738744E-4	0.99871624	365.02344	0.10562948	0.9722687	0.0
SPIKE	S123:G>C	0	468150	0.0	9999.0	0.0	TRUE	G	7.254842E-5	1.0	3.1685212E-4	0.99768114	325.3312	0.104429916	0.9851049	1.0
SPIKE	S123:G>T	0	468150	0.0	9999.0	0.0	TRUE	G	7.099977E-5	5.0	3.498947E-4	0.9977306	275.98746	0.12047713	0.98427105	1.0
SPIKE	S124:T>C	2	468150	4.272135E-6	0.0076744766	40.0	TRUE	T	1.8811093E-4	688.0	4.0197786E-4	0.9939985	406.98862	0.12805167	0.9599668	0.0
SPIKE	S124:T>A	1	468150	2.1360675E-6	1.2648401	37.0	TRUE	T	3.9710798E-5	3.0	4.4624385E-4	0.99873006	104.55769	0.17788179	0.9813414	1.0
SPIKE	S124:T>G	0	468150	0.0	9999.0	0.0	TRUE	T	4.427641E-6	23.0	2.2897804E-4	0.9998583	771.271	0.090142384	0.98439497	0.0
SPIKE	S125:G>A	19	468150	4.0585284E-5	61.185604	38.789474	TRUE	G	9.404256E-5	417.0	4.8738744E-4	0.99699515	365.02344	0.10562948	0.9722687	0.0
SPIKE	S125:G>C	0	468150	0.0	9999.0	0.0	TRUE	G	7.254842E-5	1.0	3.1685212E-4	0.99768114	325.3312	0.104429916	0.9851049	1.0
SPIKE	S125:G>T	0	468150	0.0	9999.0	0.0	TRUE	G	7.099977E-5	1.0	3.498947E-4	0.9977306	275.98746	0.12047713	0.98427105	1.0
SPIKE	S126:C>T	19	468150	4.0585284E-5	52.775684	35.157894	TRUE	C	1.0773775E-4	501.0	3.8892316E-4	0.9965583	642.8211	0.10071269	0.9766672	0.0
SPIKE	S126:C>A	6	468150	1.2816405E-5	39.388084	38.5	TRUE	C	1.5517948E-5	5.0	6.4822054E-4	0.99950355	30.386106	0.23923562	0.9654954	1.0
SPIKE	S126:C>G	0	468150	0.0	9999.0	0.0	TRUE	C	7.0186047E-6	32.0	3.5962116E-4	0.9997754	322.15976	0.10271694	0.98719156	0.0
SPIKE	S127:G>A	26	468150	5.5537756E-5	172.88667	38.884617	TRUE	G	4.9163737E-5	218.0	4.8738744E-4	0.998428	365.02344	0.10562948	0.9722687	0.0
SPIKE	S127:G>C	0	468150	0.0	9999.0	0.0	TRUE	G	5.1289694E-6	23.0	3.1685212E-4	0.9998359	325.3312	0.104429916	0.9851049	0.0
SPIKE	S127:G>T	0	468150	0.0	9999.0	0.0	TRUE	G	7.099977E-5	8.0	3.498947E-4	0.9977306	275.98746	0.12047713	0.98427105	1.0
SPIKE	S128:G>A	24	468150	5.126562E-5	66.35916	38.458332	TRUE	G	1.3238126E-4	587.0	4.8738744E-4	0.9957728	365.02344	0.10562948	0.9722687	0.0
SPIKE	S128:G>C	0	468150	0.0	9999.0	0.0	TRUE	G	7.254842E-5	2.0	3.1685212E-4	0.99768114	325.3312	0.104429916	0.9851049	1.0
SPIKE	S128:G>T	0	468150	0.0	9999.0	0.0	TRUE	G	7.099977E-5	5.0	3.498947E-4	0.9977306	275.98746	0.12047713	0.98427105	1.0
SPIKE	S129:C>A	2	468150	4.272135E-6	9.948812	39.0	TRUE	C	1.3788689E-5	27.0	6.4822054E-4	0.99955887	30.386106	0.23923562	0.9654954	0.0
SPIKE	S129:C>T	12	468150	2.563281E-5	25.336166	33.75	TRUE	C	9.203944E-5	428.0	3.8892316E-4	0.99705905	642.8211	0.10071269	0.9766672	0.0
SPIKE	S129:C>G	0	468150	0.0	9999.0	0.0	TRUE	C	5.483285E-6	25.0	3.5962116E-4	0.9998245	322.15976	0.10271694	0.98719156	0.0
SPIKE	D130-133:GGC>	1	468150	2.1360675E-6	9999.0	39.960083	TRUE		NaN	NaN	NaN	NaN	NaN	NaN	NaN	NaN
SPIKE	S130:G>A	13	468150	2.7768878E-5	39.05971	39.153847	TRUE	G	7.329456E-5	325.0	4.8738744E-4	0.9976573	365.02344	0.10562948	0.9722687	0.0
SPIKE	S130:G>C	0	468150	0.0	9999.0	0.0	TRUE	G	4.9059704E-6	22.0	3.1685212E-4	0.999843	325.3312	0.104429916	0.9851049	0.0
SPIKE	S130:G>T	0	468150	0.0	9999.0	0.0	TRUE	G	7.099977E-5	5.0	3.498947E-4	0.9977306	275.98746	0.12047713	0.98427105	1.0
SPIKE	S131:G>A	36	468150	7.689843E-5	79.795845	38.77778	TRUE	G	2.2710038E-4	1007.0	4.8738744E-4	0.9927591	365.02344	0.10562948	0.9722687	0.0
SPIKE	S131:G>T	1	468150	2.1360675E-6	0.30682424	40.0	TRUE	G	7.099977E-5	5.0	3.498947E-4	0.9977306	275.98746	0.12047713	0.98427105	1.0
SPIKE	S131:G>C	0	468150	0.0	9999.0	0.0	TRUE	G	3.5679786E-6	16.0	3.1685212E-4	0.99988586	325.3312	0.104429916	0.9851049	0.0
SPIKE	S132:C>A	2	468150	4.272135E-6	9.076788	34.5	TRUE	C	1.5517948E-5	3.0	6.4822054E-4	0.99950355	30.386106	0.23923562	0.9654954	1.0
SPIKE	S132:C>T	21	468150	4.4857417E-5	41.568295	39.095238	TRUE	C	1.528973E-4	711.0	3.8892316E-4	0.9951192	642.8211	0.10071269	0.9766672	0.0
SPIKE	S132:C>G	0	468150	0.0	9999.0	0.0	TRUE	C	4.825291E-6	22.0	3.5962116E-4	0.9998456	322.15976	0.10271694	0.98719156	0.0
SPIKE	S133:A>G	1	468150	2.1360675E-6	1.636549	31.0	TRUE	A	3.418533E-5	147.0	3.9800012E-4	0.9989067	518.96796	0.10891315	0.9605481	0.0
SPIKE	S133:A>C	0	468150	0.0	9999.0	0.0	TRUE	A	3.1142084E-5	68.0	3.698378E-4	0.99900395	66.19099	0.21447882	0.9474373	0.0
SPIKE	S133:A>T	0	468150	0.0	9999.0	0.0	TRUE	A	4.622516E-6	10.0	4.6547374E-4	0.99985206	84.757835	0.21650387	0.9741741	0.0
SPIKE	S134:G>A	0	468150	0.0	9999.0	0.0	TRUE	G	1.7365173E-4	770.0	4.8738744E-4	0.99445856	365.02344	0.10562948	0.9722687	0.0
SPIKE	S134:G>C	0	468150	0.0	9999.0	0.0	TRUE	G	4.7275716E-5	212.0	3.1685212E-4	0.9984883	325.3312	0.104429916	0.9851049	0.0
SPIKE	S134:G>T	0	468150	0.0	9999.0	0.0	TRUE	G	9.775775E-6	38.0	3.498947E-4	0.9996872	275.98746	0.12047713	0.98427105	0.0
SPIKE	S135:C>A	0	468150	0.0	9999.0	0.0	TRUE	C	5.6686833E-5	111.0	6.4822054E-4	0.99818766	30.386106	0.23923562	0.9654954	0.0
SPIKE	S135:C>G	0	468150	0.0	9999.0	0.0	TRUE	C	1.1185902E-5	51.0	3.5962116E-4	0.99964213	322.15976	0.10271694	0.98719156	0.0
SPIKE	S135:C>T	0	468150	0.0	9999.0	0.0	TRUE	C	1.7160624E-4	798.0	3.8892316E-4	0.99452364	642.8211	0.10071269	0.9766672	0.0
SPIKE	S136:C>A	0	468150	0.0	9999.0	0.0	TRUE	C	2.4002533E-5	47.0	6.4822054E-4	0.99923223	30.386106	0.23923562	0.9654954	0.0
SPIKE	S136:C>G	0	468150	0.0	9999.0	0.0	TRUE	C	7.0186047E-6	32.0	3.5962116E-4	0.9997754	322.15976	0.10271694	0.98719156	0.0
SPIKE	S136:C>T	0	468150	0.0	9999.0	0.0	TRUE	C	1.6644516E-4	774.0	3.8892316E-4	0.9946879	642.8211	0.10071269	0.9766672	0.0
SPIKE	S137:T>A	0	468150	0.0	9999.0	0.0	TRUE	T	1.0254545E-5	27.0	4.4624385E-4	0.99967194	104.55769	0.17788179	0.9813414	0.0
SPIKE	S137:T>G	0	468150	0.0	9999.0	0.0	TRUE	T	1.0395331E-4	540.0	2.2897804E-4	0.996679	771.271	0.090142384	0.98439497	0.0
SPIKE	S137:T>C	0	468150	0.0	9999.0	0.0	TRUE	T	3.417713E-5	125.0	4.0197786E-4	0.9989069	406.98862	0.12805167	0.9599668	0.0
SPIKE	S138:G>A	0	468150	0.0	9999.0	0.0	TRUE	G	2.273259E-4	1008.0	4.8738744E-4	0.99275196	365.02344	0.10562948	0.9722687	0.0
SPIKE	S138:G>C	0	468150	0.0	9999.0	0.0	TRUE	G	2.675984E-6	12.0	3.1685212E-4	0.99991435	325.3312	0.104429916	0.9851049	0.0
SPIKE	S138:G>T	0	468150	0.0	9999.0	0.0	TRUE	G	4.7078076E-5	183.0	3.498947E-4	0.9984946	275.98746	0.12047713	0.98427105	0.0
SPIKE	S139:A>G	0	468150	0.0	9999.0	0.0	TRUE	A	5.069661E-5	218.0	3.9800012E-4	0.99837905	518.96796	0.10891315	0.9605481	0.0
SPIKE	S139:A>C	0	468150	0.0	9999.0	0.0	TRUE	A	3.0313604E-5	5.0	3.698378E-4	0.9990304	66.19099	0.21447882	0.9474373	1.0
SPIKE	S139:A>T	0	468150	0.0	9999.0	0.0	TRUE	A	6.180304E-4	1337.0	4.6547374E-4	0.9804173	84.757835	0.21650387	0.9741741	0.0
SPIKE	S140:T>A	0	468150	0.0	9999.0	0.0	TRUE	T	1.3254948E-4	349.0	4.4624385E-4	0.9957674	104.55769	0.17788179	0.9813414	0.0
SPIKE	S140:T>G	0	468150	0.0	9999.0	0.0	TRUE	T	2.7335871E-5	142.0	2.2897804E-4	0.99912566	771.271	0.090142384	0.98439497	0.0
SPIKE	S140:T>C	0	468150	0.0	9999.0	0.0	TRUE	T	1.01164305E-5	37.0	4.0197786E-4	0.99967635	406.98862	0.12805167	0.9599668	0.0
SPIKE	S141:T>A	0	468150	0.0	9999.0	0.0	TRUE	T	8.917656E-4	2348.0	4.4624385E-4	0.97186685	104.55769	0.17788179	0.9813414	0.0
SPIKE	S141:T>G	0	468150	0.0	9999.0	0.0	TRUE	T	4.1966337E-5	218.0	2.2897804E-4	0.998658	771.271	0.090142384	0.98439497	0.0
SPIKE	S141:T>C	0	468150	0.0	9999.0	0.0	TRUE	T	3.062271E-5	112.0	4.0197786E-4	0.9990206	406.98862	0.12805167	0.9599668	0.0
SPIKE	S142:A>G	0	468150	0.0	9999.0	0.0	TRUE	A	7.857975E-4	3379.0	3.9800012E-4	0.975168	518.96796	0.10891315	0.9605481	0.0
SPIKE	S142:A>C	0	468150	0.0	9999.0	0.0	TRUE	A	1.4746693E-4	322.0	3.698378E-4	0.9952922	66.19099	0.21447882	0.9474373	0.0
SPIKE	S142:A>T	0	468150	0.0	9999.0	0.0	TRUE	A	2.2973905E-4	497.0	4.6547374E-4	0.9926753	84.757835	0.21650387	0.9741741	0.0
SPIKE	S143:G>A	0	468150	0.0	9999.0	0.0	TRUE	G	1.86732E-4	828.0	4.8738744E-4	0.9940424	365.02344	0.10562948	0.9722687	0.0
SPIKE	S143:G>C	0	468150	0.0	9999.0	0.0	TRUE	G	0.0010897944	4887.0	3.1685212E-4	0.9657276	325.3312	0.104429916	0.9851049	0.0
SPIKE	S143:G>T	0	468150	0.0	9999.0	0.0	TRUE	G	1.1576576E-5	45.0	3.498947E-4	0.9996296	275.98746	0.12047713	0.98427105	0.0
SPIKE	S144:C>A	0	468150	0.0	9999.0	0.0	TRUE	C	1.174592E-5	23.0	6.4822054E-4	0.9996242	30.386106	0.23923562	0.9654954	0.0
SPIKE	S144:C>G	0	468150	0.0	9999.0	0.0	TRUE	C	1.7283314E-4	788.0	3.5962116E-4	0.9944846	322.15976	0.10271694	0.98719156	0.0
SPIKE	S144:C>T	0	468150	0.0	9999.0	0.0	TRUE	C	1.0859794E-4	505.0	3.8892316E-4	0.9965309	642.8211	0.10071269	0.9766672	0.0
SPIKE	S145:C>A	0	468150	0.0	9999.0	0.0	TRUE	C	6.6389985E-6	13.0	6.4822054E-4	0.99978757	30.386106	0.23923562	0.9654954	0.0
SPIKE	S145:C>G	0	468150	0.0	9999.0	0.0	TRUE	C	1.054984E-4	481.0	3.5962116E-4	0.9966297	322.15976	0.10271694	0.98719156	0.0
SPIKE	S145:C>T	0	468150	0.0	9999.0	0.0	TRUE	C	1.4472556E-4	673.0	3.8892316E-4	0.9953795	642.8211	0.10071269	0.9766672	0.0
SPIKE	S146:C>A	0	468150	0.0	9999.0	0.0	TRUE	C	1.5517948E-5	9.0	6.4822054E-4	0.99950355	30.386106	0.23923562	0.9654954	1.0
SPIKE	S146:C>G	0	468150	0.0	9999.0	0.0	TRUE	C	0.0015039555	6857.0	3.5962116E-4	0.9530132	322.15976	0.10271694	0.98719156	0.0
SPIKE	S146:C>T	0	468150	0.0	9999.0	0.0	TRUE	C	1.879497E-4	874.0	3.8892316E-4	0.99400365	642.8211	0.10071269	0.9766672	0.0
SPIKE	S147:G>A	0	468150	0.0	9999.0	0.0	TRUE	G	6.765652E-5	300.0	4.8738744E-4	0.9978373	365.02344	0.10562948	0.9722687	0.0
SPIKE	S147:G>C	0	468150	0.0	9999.0	0.0	TRUE	G	3.153201E-4	1414.0	3.1685212E-4	0.9899605	325.3312	0.104429916	0.9851049	0.0
SPIKE	S147:G>T	0	468150	0.0	9999.0	0.0	TRUE	G	0.001881065	7312.0	3.498947E-4	0.9415818	275.98746	0.12047713	0.98427105	0.0
SPIKE	S148:T>A	0	468150	0.0	9999.0	0.0	TRUE	T	4.1777776E-6	11.0	4.4624385E-4	0.9998663	104.55769	0.17788179	0.9813414	0.0
SPIKE	S148:T>G	0	468150	0.0	9999.0	0.0	TRUE	T	0.0023093035	11996.0	2.2897804E-4	0.92876667	771.271	0.090142384	0.98439497	0.0
SPIKE	S148:T>C	0	468150	0.0	9999.0	0.0	TRUE	T	1.684249E-4	616.0	4.0197786E-4	0.9946249	406.98862	0.12805167	0.9599668	0.0
SPIKE	S149:G>A	0	468150	0.0	9999.0	0.0	TRUE	G	7.171591E-5	318.0	4.8738744E-4	0.9977077	365.02344	0.10562948	0.9722687	0.0
SPIKE	S149:G>C	0	468150	0.0	9999.0	0.0	TRUE	G	0.0017813133	7988.0	3.1685212E-4	0.9445922	325.3312	0.104429916	0.9851049	0.0
SPIKE	S149:G>T	0	468150	0.0	9999.0	0.0	TRUE	G	6.2642136E-4	2435.0	3.498947E-4	0.9801541	275.98746	0.12047713	0.98427105	0.0
SPIKE	S150:C>A	0	468146	0.0	9999.0	0.0	TRUE	C	1.1235325E-5	22.0	6.4822054E-4	0.9996405	30.385847	0.23923562	0.9654954	0.0
SPIKE	S150:C>G	0	468146	0.0	9999.0	0.0	TRUE	C	7.3937245E-4	3371.0	3.5962116E-4	0.97661775	322.157	0.10271694	0.98719156	0.0
SPIKE	S150:C>T	0	468146	0.0	9999.0	0.0	TRUE	C	0.0020982162	9757.0	3.8892316E-4	0.9350616	642.8156	0.10071269	0.9766672	0.0
SPIKE	S151:T>A	0	468134	0.0	9999.0	0.0	TRUE	T	3.9710798E-5	6.0	4.4624385E-4	0.99873006	104.55412	0.17788179	0.9813414	1.0
SPIKE	S151:T>G	0	468134	0.0	9999.0	0.0	TRUE	T	0.002424505	12594.0	2.2897804E-4	0.9253491	771.2446	0.090142384	0.98439497	0.0
SPIKE	S151:T>C	0	468134	0.0	9999.0	0.0	TRUE	T	6.1985763E-4	2267.0	4.0197786E-4	0.98036	406.9747	0.12805167	0.9599668	0.0
SPIKE	S152:G>A	0	468090	0.0	9999.0	0.0	TRUE	G	4.5110126E-5	200.0	4.8738744E-4	0.9985575	364.97665	0.10562948	0.9722687	0.0
SPIKE	S152:G>C	0	468090	0.0	9999.0	0.0	TRUE	G	8.698063E-6	39.0	3.1685212E-4	0.9997217	325.2895	0.104429916	0.9851049	0.0
SPIKE	S152:G>T	0	468090	0.0	9999.0	0.0	TRUE	G	5.4236775E-4	2108.0	3.498947E-4	0.982794	275.9521	0.12047713	0.98427105	0.0
SPIKE	S153:G>A	0	467784	0.0	9999.0	0.0	TRUE	G	2.866367E-5	127.0	4.8738744E-4	0.99908316	364.73807	0.10562948	0.9722687	0.0
SPIKE	S153:G>C	0	467784	0.0	9999.0	0.0	TRUE	G	6.025675E-6	27.0	3.1685212E-4	0.9998072	325.07684	0.104429916	0.9851049	0.0
SPIKE	S153:G>T	0	467784	0.0	9999.0	0.0	TRUE	G	6.1790047E-6	24.0	3.498947E-4	0.9998023	275.77167	0.12047713	0.98427105	0.0
