#pipeline_block
reference	mutation	count	coverage	freq	score	cqs	has.reference	ancestral.allele	error.rate	minor.count.local	minor.fdr	minor.recall	minor.count.global	read.fraction.in.minors	q.filtered.read.fraction	global.est
SPIKE	S0:T>A	0	130836	0.0	9999.0	0.0	TRUE	T	7.929177E-5	274.0	7.46637E-4	0.9927317	383.16568	0.0378904	0.9804995	0.0
SPIKE	S0:T>G	0	130836	0.0	9999.0	0.0	TRUE	T	2.7724729E-5	116.0	3.299583E-4	0.99745256	1568.3345	0.031280946	0.97059447	0.0
SPIKE	S0:T>C	0	130836	0.0	9999.0	0.0	TRUE	T	6.587425E-4	2416.0	5.563787E-4	0.9411956	2531.7893	0.035693385	0.9640081	0.0
SPIKE	S1:A>G	0	130939	0.0	9999.0	0.0	TRUE	A	5.6338025E-4	2106.0	5.489981E-4	0.94948936	2611.1267	0.035046995	0.96526545	0.0
SPIKE	S1:A>C	0	130939	0.0	9999.0	0.0	TRUE	A	1.97913E-5	64.0	6.6851225E-4	0.99818087	451.5227	0.04051854	0.93762076	0.0
SPIKE	S1:A>T	0	130939	0.0	9999.0	0.0	TRUE	A	1.4297491E-4	468.0	7.6744595E-4	0.98693246	402.32336	0.04003284	0.9680579	0.0
SPIKE	S2:G>A	0	131042	0.0	9999.0	0.0	TRUE	G	3.231839E-4	1195.0	7.244613E-4	0.97070473	1100.4601	0.03546558	0.97071797	0.0
SPIKE	S2:G>C	0	131042	0.0	9999.0	0.0	TRUE	G	1.7872779E-5	75.0	4.1535948E-4	0.99835706	822.97363	0.03124077	0.9756299	0.0
SPIKE	S2:G>T	0	131042	0.0	9999.0	0.0	TRUE	G	1.4890318E-5	60.0	5.006903E-4	0.998631	637.6143	0.032537244	0.97685057	0.0
SPIKE	S3:C>A	0	131171	0.0	9999.0	0.0	TRUE	C	1.599314E-5	48.0	9.1429596E-4	0.99852973	245.88806	0.043744918	0.967655	0.0
SPIKE	S3:C>G	0	131171	0.0	9999.0	0.0	TRUE	C	1.0005058E-4	414.0	4.6855802E-4	0.9908376	893.44104	0.031714704	0.9828327	0.0
SPIKE	S3:C>T	0	131171	0.0	9999.0	0.0	TRUE	C	3.777167E-4	1376.0	6.1745907E-4	0.9658469	1378.1198	0.036029134	0.9745408	0.0
SPIKE	S4:G>A	37	131329	2.8173518E-4	245.66191	39.756756	TRUE	G	2.4125105E-4	894.0	7.244613E-4	0.9780494	1102.8702	0.03546558	0.97071797	0.0
SPIKE	S4:G>C	5	131329	3.807232E-5	22.960705	39.8	TRUE	G	8.298624E-5	349.0	4.1535948E-4	0.9923943	824.77606	0.03124077	0.9756299	0.0
SPIKE	S4:G>T	0	131329	0.0	9999.0	0.0	TRUE	G	2.4267703E-5	98.0	5.006903E-4	0.99776983	639.0108	0.032537244	0.97685057	0.0
SPIKE	S5:T>A	6	131410	4.5658624E-5	71.06746	39.833332	TRUE	T	1.5270465E-5	53.0	7.46637E-4	0.99859613	384.8467	0.0378904	0.9804995	0.0
SPIKE	S5:T>G	1	131410	7.609771E-6	1.5120836	40.0	TRUE	T	1.2778575E-4	537.0	3.299583E-4	0.98831254	1575.215	0.031280946	0.97059447	0.0
SPIKE	S5:T>C	13	131410	9.892702E-5	1.4880347	39.615383	TRUE	T	0.0010342906	3810.0	5.563787E-4	0.90923226	2542.8965	0.035693385	0.9640081	0.0
SPIKE	I6:>G	1	131478	7.605835E-6	9999.0	39.883682	TRUE		NaN	NaN	NaN	NaN	NaN	NaN	NaN	NaN
SPIKE	S6:G>A	33	131478	2.5099257E-4	218.5835	39.39394	TRUE	G	2.1806589E-4	809.0	7.244613E-4	0.9801378	1104.1215	0.03546558	0.97071797	0.0
SPIKE	S6:G>C	2	131478	1.521167E-5	1.7399766	40.0	TRUE	G	1.9611766E-4	8.0	4.1535948E-4	0.98211896	825.7118	0.03124077	0.9756299	1.0
SPIKE	S6:G>T	0	131478	0.0	9999.0	0.0	TRUE	G	7.964638E-5	322.0	5.006903E-4	0.9926993	639.7358	0.032537244	0.97685057	0.0
SPIKE	S7:A>G	8	131530	6.0822626E-5	0.26592463	39.375	TRUE	A	9.1424224E-4	3433.0	5.489981E-4	0.9193299	2622.912	0.035046995	0.96526545	0.0
SPIKE	S7:A>C	16	131530	1.2164525E-4	224.20963	40.0	TRUE	A	1.9394522E-5	63.0	6.6851225E-4	0.9982173	453.56067	0.04051854	0.93762076	0.0
SPIKE	S7:A>T	8	131530	6.0822626E-5	52.481453	40.0	TRUE	A	6.751669E-5	222.0	7.6744595E-4	0.99380773	404.13925	0.04003284	0.9680579	0.0
SPIKE	D7-8:A>	106	131530	8.058998E-4	9999.0	39.724457	TRUE		NaN	NaN	NaN	NaN	NaN	NaN	NaN	NaN
SPIKE	I7:>A	1	131530	7.602828E-6	9999.0	39.724457	TRUE		NaN	NaN	NaN	NaN	NaN	NaN	NaN	NaN
SPIKE	S8:A>G	10	131541	7.6021926E-5	0.4573746	39.4	TRUE	A	0.001004171	3771.0	5.489981E-4	0.9117552	2623.1313	0.035046995	0.96526545	0.0
SPIKE	S8:A>C	14	131541	1.0643069E-4	167.75948	39.714287	TRUE	A	2.8011968E-5	91.0	6.6851225E-4	0.9974262	453.5986	0.04051854	0.93762076	0.0
SPIKE	S8:A>T	7	131541	5.3215346E-5	67.57003	39.285713	TRUE	A	2.8585757E-5	94.0	7.6744595E-4	0.9973736	404.17307	0.04003284	0.9680579	0.0
SPIKE	S9:G>A	33	131544	2.5086664E-4	220.51752	39.515152	TRUE	G	2.147235E-4	797.0	7.244613E-4	0.9804393	1104.6757	0.03546558	0.97071797	0.0
SPIKE	S9:G>C	2	131544	1.5204038E-5	1.738133	40.0	TRUE	G	1.9611766E-4	3.0	4.1535948E-4	0.98211896	826.1263	0.03124077	0.9756299	1.0
SPIKE	S9:G>T	2	131544	1.5204038E-5	22.12419	37.5	TRUE	G	1.0877895E-5	44.0	5.006903E-4	0.9989997	640.05695	0.032537244	0.97685057	0.0
SPIKE	D9-10:G>	41	131544	3.116828E-4	9999.0	39.89284	TRUE		NaN	NaN	NaN	NaN	NaN	NaN	NaN	NaN
SPIKE	D9-11:GA>	16	131544	1.2163231E-4	9999.0	39.89284	TRUE		NaN	NaN	NaN	NaN	NaN	NaN	NaN	NaN
SPIKE	S10:A>G	12	131545	9.1223534E-5	1.517746	38.166668	TRUE	A	9.567427E-4	3593.0	5.489981E-4	0.9157423	2623.2112	0.035046995	0.96526545	0.0
SPIKE	S10:A>C	10	131545	7.601961E-5	92.83866	39.9	TRUE	A	4.063151E-5	132.0	6.6851225E-4	0.99626887	453.6124	0.04051854	0.93762076	0.0
SPIKE	S10:A>T	2	131545	1.5203923E-5	13.413978	38.5	TRUE	A	3.132174E-5	103.0	7.6744595E-4	0.9971225	404.18533	0.04003284	0.9680579	0.0
SPIKE	D10-11:A>	48	131545	3.6489413E-4	9999.0	39.70052	TRUE		NaN	NaN	NaN	NaN	NaN	NaN	NaN	NaN
SPIKE	D10-12:AC>	6	131545	4.5611767E-5	9999.0	39.70052	TRUE		NaN	NaN	NaN	NaN	NaN	NaN	NaN	NaN
SPIKE	I11:>C	1	131545	7.6019614E-6	9999.0	39.830303	TRUE		NaN	NaN	NaN	NaN	NaN	NaN	NaN	NaN
SPIKE	S11:C>G	1	131545	7.6019614E-6	7.243781	39.0	TRUE	C	2.6025946E-5	108.0	4.6855802E-4	0.9976085	895.98846	0.031714704	0.9828327	0.0
SPIKE	S11:C>T	30	131545	2.2805884E-4	173.54445	39.633335	TRUE	C	2.4854045E-4	908.0	6.1745907E-4	0.97739375	1382.0491	0.036029134	0.9745408	0.0
SPIKE	D11-12:C>	38	131545	2.8887452E-4	9999.0	39.830303	TRUE		NaN	NaN	NaN	NaN	NaN	NaN	NaN	NaN
SPIKE	S11:C>A	0	131545	0.0	9999.0	0.0	TRUE	C	1.07979016E-4	325.0	9.1429596E-4	0.9901151	246.58916	0.043744918	0.967655	0.0
SPIKE	S12:G>A	48	131548	3.648858E-4	352.6115	39.604168	TRUE	G	2.562056E-4	951.0	7.244613E-4	0.9767047	1104.7094	0.03546558	0.97071797	0.0
SPIKE	S12:G>C	1	131548	7.6017877E-6	3.087044	40.0	TRUE	G	7.572648E-5	319.0	4.1535948E-4	0.99305737	826.1514	0.03124077	0.9756299	0.0
SPIKE	S12:G>T	2	131548	1.52035755E-5	23.822918	40.0	TRUE	G	8.899826E-6	36.0	5.006903E-4	0.99918157	640.0764	0.032537244	0.97685057	0.0
SPIKE	D12-13:G>	56	131548	4.2570013E-4	9999.0	39.761143	TRUE		NaN	NaN	NaN	NaN	NaN	NaN	NaN	NaN
SPIKE	S13:A>G	9	131549	6.8415575E-5	2.2521539	39.11111	TRUE	A	6.704717E-4	2518.0	5.489981E-4	0.9401805	2623.291	0.035046995	0.96526545	0.0
SPIKE	S13:A>C	13	131549	9.882249E-5	134.86868	38.923077	TRUE	A	3.8475635E-5	125.0	6.6851225E-4	0.9964665	453.6262	0.04051854	0.93762076	0.0
SPIKE	S13:A>T	1	131549	7.60173E-6	1.6502823	39.0	TRUE	A	1.2102595E-4	398.0	7.6744595E-4	0.98892736	404.19763	0.04003284	0.9680579	0.0
SPIKE	D13-14:A>	32	131549	2.4325536E-4	9999.0	39.72449	TRUE		NaN	NaN	NaN	NaN	NaN	NaN	NaN	NaN
SPIKE	I13:>A	2	131549	1.520346E-5	9999.0	39.72449	TRUE		NaN	NaN	NaN	NaN	NaN	NaN	NaN	NaN
SPIKE	D14-16:CA>	2	131549	1.520346E-5	9999.0	39.873425	TRUE		NaN	NaN	NaN	NaN	NaN	NaN	NaN	NaN
SPIKE	S14:C>G	4	131549	3.040692E-5	66.70829	40.0	TRUE	C	3.855578E-6	16.0	4.6855802E-4	0.99964535	896.0157	0.031714704	0.9828327	0.0
SPIKE	S14:C>T	34	131549	2.5845884E-4	276.6328	39.47059	TRUE	C	1.5328021E-4	560.0	6.1745907E-4	0.9859972	1382.0911	0.036029134	0.9745408	0.0
SPIKE	D14-15:C>	46	131549	3.4967958E-4	9999.0	39.873425	TRUE		NaN	NaN	NaN	NaN	NaN	NaN	NaN	NaN
SPIKE	S14:C>A	0	131549	0.0	9999.0	0.0	TRUE	C	1.21929515E-4	367.0	9.1429596E-4	0.98884517	246.59665	0.043744918	0.967655	0.0
SPIKE	S15:A>G	6	131549	4.561038E-5	0.0059611006	38.0	TRUE	A	0.0011484291	4313.0	5.489981E-4	0.89973456	2623.291	0.035046995	0.96526545	0.0
SPIKE	S15:A>C	17	131549	1.2922942E-4	100.58751	39.705883	TRUE	A	1.4466839E-4	470.0	6.6851225E-4	0.9867787	453.6262	0.04051854	0.93762076	0.0
SPIKE	S15:A>T	1	131549	7.60173E-6	2.3607779	40.0	TRUE	A	9.457053E-5	311.0	7.6744595E-4	0.99133724	404.19763	0.04003284	0.9680579	0.0
SPIKE	D15-16:A>	51	131549	3.8768823E-4	9999.0	39.571575	TRUE		NaN	NaN	NaN	NaN	NaN	NaN	NaN	NaN
SPIKE	I15:>A	2	131549	1.520346E-5	9999.0	39.571575	TRUE		NaN	NaN	NaN	NaN	NaN	NaN	NaN	NaN
SPIKE	S16:G>A	32	131549	2.4325536E-4	200.43822	39.8125	TRUE	G	2.3249604E-4	863.0	7.244613E-4	0.9788375	1104.7177	0.03546558	0.97071797	0.0
SPIKE	S16:G>T	1	131549	7.60173E-6	12.760899	40.0	TRUE	G	7.1692493E-6	29.0	5.006903E-4	0.99934065	640.0813	0.032537244	0.97685057	0.0
SPIKE	S16:G>C	3	131549	2.280519E-5	52.13739	40.0	TRUE	G	2.8486231E-6	12.0	4.1535948E-4	0.999738	826.1577	0.03124077	0.9756299	0.0
SPIKE	D16-17:G>	34	131549	2.5845884E-4	9999.0	39.89784	TRUE		NaN	NaN	NaN	NaN	NaN	NaN	NaN	NaN
SPIKE	D16-18:GA>	8	131549	6.081384E-5	9999.0	39.89784	TRUE		NaN	NaN	NaN	NaN	NaN	NaN	NaN	NaN
SPIKE	S17:A>G	11	131549	8.361903E-5	2.00529	39.454544	TRUE	A	8.326311E-4	3127.0	5.489981E-4	0.9262584	2623.291	0.035046995	0.96526545	0.0
SPIKE	S17:A>T	3	131549	2.280519E-5	5.98418	39.0	TRUE	A	1.407915E-4	463.0	7.6744595E-4	0.9871307	404.19763	0.04003284	0.9680579	0.0
SPIKE	S17:A>C	15	131549	1.14025956E-4	200.93892	39.8	TRUE	A	2.1238551E-5	69.0	6.6851225E-4	0.99804795	453.6262	0.04051854	0.93762076	0.0
SPIKE	D17-18:A>	108	131549	8.2098687E-4	9999.0	39.694477	TRUE		NaN	NaN	NaN	NaN	NaN	NaN	NaN	NaN
SPIKE	I17:>A	2	131549	1.520346E-5	9999.0	39.694477	TRUE		NaN	NaN	NaN	NaN	NaN	NaN	NaN	NaN
SPIKE	D17-19:AA>	3	131549	2.280519E-5	9999.0	39.694477	TRUE		NaN	NaN	NaN	NaN	NaN	NaN	NaN	NaN
SPIKE	S18:A>G	5	131549	3.800865E-5	0.023462854	39.8	TRUE	A	9.079859E-4	3410.0	5.489981E-4	0.9198592	2623.291	0.035046995	0.96526545	0.0
SPIKE	S18:A>C	17	131549	1.2922942E-4	197.91449	39.82353	TRUE	A	3.570539E-5	116.0	6.6851225E-4	0.9967205	453.6262	0.04051854	0.93762076	0.0
SPIKE	S18:A>T	0	131549	0.0	9999.0	0.0	TRUE	A	1.1555242E-5	38.0	7.6744595E-4	0.9989375	404.19763	0.04003284	0.9680579	0.0
SPIKE	S19:C>G	6	131549	4.561038E-5	86.19498	40.0	TRUE	C	8.434077E-6	35.0	4.6855802E-4	0.99922436	896.0157	0.031714704	0.9828327	0.0
SPIKE	S19:C>T	26	131549	1.9764499E-4	169.0327	39.846153	TRUE	C	1.8174652E-4	664.0	6.1745907E-4	0.98341835	1382.0911	0.036029134	0.9745408	0.0
SPIKE	D19-20:C>	7	131549	5.3212112E-5	9999.0	39.755604	TRUE		NaN	NaN	NaN	NaN	NaN	NaN	NaN	NaN
SPIKE	S19:C>A	0	131549	0.0	9999.0	0.0	TRUE	C	1.11630296E-4	336.0	9.1429596E-4	0.9897826	246.59665	0.043744918	0.967655	0.0
SPIKE	S20:C>G	36	131549	2.736623E-4	250.98119	39.666668	TRUE	C	2.1591617E-4	6.0	4.6855802E-4	0.9803317	896.0157	0.031714704	0.9828327	1.0
SPIKE	S20:C>T	20	131549	1.520346E-4	88.60235	39.65	TRUE	C	2.4716434E-4	903.0	6.1745907E-4	0.9775175	1382.0911	0.036029134	0.9745408	0.0
SPIKE	S20:C>A	0	131549	0.0	9999.0	0.0	TRUE	C	3.12299E-5	94.0	9.1429596E-4	0.997131	246.59665	0.043744918	0.967655	0.0
SPIKE	S21:A>G	24	131549	1.8244152E-4	37.80667	39.375	TRUE	A	7.08016E-4	2659.0	5.489981E-4	0.93693864	2623.291	0.035046995	0.96526545	0.0
SPIKE	S21:A>C	11	131549	8.361903E-5	49.989296	39.81818	TRUE	A	1.4620741E-4	475.0	6.6851225E-4	0.98663896	453.6262	0.04051854	0.93762076	0.0
SPIKE	S21:A>T	0	131549	0.0	9999.0	0.0	TRUE	A	1.03084916E-4	339.0	7.6744595E-4	0.990561	404.19763	0.04003284	0.9680579	0.0
SPIKE	S22:A>G	131539	131549	0.999924	Infinity	39.964027	TRUE	G	6.985077E-4	0.0	5.489981E-4	0.9377586	2623.291	0.035046995	0.96526545	1.0
SPIKE	S22:A>C	0	131549	0.0	9999.0	0.0	TRUE	G	1.6621474E-5	54.0	6.6851225E-4	0.998472	453.6262	0.04051854	0.93762076	0.0
SPIKE	S22:A>T	0	131549	0.0	9999.0	0.0	TRUE	G	1.2291057E-4	0.0	7.6744595E-4	0.98875594	404.19763	0.04003284	0.9680579	1.0
SPIKE	S23:A>C	131539	131549	0.999924	Infinity	39.96393	TRUE	C	1.3962845E-4	0.0	6.6851225E-4	0.9872363	453.6262	0.04051854	0.93762076	1.0
SPIKE	S23:A>G	0	131549	0.0	9999.0	0.0	TRUE	C	8.547316E-5	321.0	5.489981E-4	0.9921673	2623.291	0.035046995	0.96526545	0.0
SPIKE	S23:A>T	0	131549	0.0	9999.0	0.0	TRUE	C	1.2291057E-4	0.0	7.6744595E-4	0.98875594	404.19763	0.04003284	0.9680579	1.0
SPIKE	S24:A>G	0	131549	0.0	9999.0	0.0	TRUE	A	6.985077E-4	0.0	5.489981E-4	0.9377586	2623.291	0.035046995	0.96526545	1.0
SPIKE	S24:A>C	0	131549	0.0	9999.0	0.0	TRUE	A	8.8340064E-5	287.0	6.6851225E-4	0.9919056	453.6262	0.04051854	0.93762076	0.0
SPIKE	S24:A>T	0	131549	0.0	9999.0	0.0	TRUE	A	1.2291057E-4	0.0	7.6744595E-4	0.98875594	404.19763	0.04003284	0.9680579	1.0
SPIKE	S25:A>G	0	131549	0.0	9999.0	0.0	TRUE	A	6.985077E-4	0.0	5.489981E-4	0.9377586	2623.291	0.035046995	0.96526545	1.0
SPIKE	S25:A>C	0	131549	0.0	9999.0	0.0	TRUE	A	1.3962845E-4	0.0	6.6851225E-4	0.9872363	453.6262	0.04051854	0.93762076	1.0
SPIKE	S25:A>T	0	131549	0.0	9999.0	0.0	TRUE	A	1.7636949E-5	58.0	7.6744595E-4	0.9983787	404.19763	0.04003284	0.9680579	0.0
SPIKE	S26:T>A	1	131549	7.60173E-6	1.8480384	39.0	TRUE	T	1.1253666E-4	391.0	7.46637E-4	0.9897	385.25378	0.0378904	0.9804995	0.0
SPIKE	S26:T>C	16	131549	1.2162768E-4	17.546722	39.6875	TRUE	T	6.1259675E-4	2259.0	5.563787E-4	0.94519985	2545.5864	0.035693385	0.9640081	0.0
SPIKE	S26:T>G	0	131549	0.0	9999.0	0.0	TRUE	T	3.6845184E-5	155.0	3.299583E-4	0.996616	1576.8812	0.031280946	0.97059447	0.0
SPIKE	S27:G>A	19	131549	1.4443287E-4	104.42593	39.42105	TRUE	G	1.7753753E-4	659.0	7.244613E-4	0.9837992	1104.7177	0.03546558	0.97071797	0.0
SPIKE	S27:G>T	1	131549	7.60173E-6	2.7178304	40.0	TRUE	G	8.45477E-5	342.0	5.006903E-4	0.9922518	640.0813	0.032537244	0.97685057	0.0
SPIKE	D27-28:G>	2	131549	1.520346E-5	9999.0	39.88973	TRUE		NaN	NaN	NaN	NaN	NaN	NaN	NaN	NaN
SPIKE	S27:G>C	0	131549	0.0	9999.0	0.0	TRUE	G	1.9611766E-4	3.0	4.1535948E-4	0.98211896	826.1577	0.03124077	0.9756299	1.0
SPIKE	S28:G>A	12	131549	9.122076E-5	44.78304	38.583332	TRUE	G	1.9693465E-4	731.0	7.244613E-4	0.9820452	1104.7177	0.03546558	0.97071797	0.0
SPIKE	S28:G>T	4	131549	3.040692E-5	52.851833	39.0	TRUE	G	8.652542E-6	35.0	5.006903E-4	0.9992043	640.0813	0.032537244	0.97685057	0.0
SPIKE	S28:G>C	0	131549	0.0	9999.0	0.0	TRUE	G	6.172017E-6	26.0	4.1535948E-4	0.9994323	826.1577	0.03124077	0.9756299	0.0
SPIKE	S29:G>A	14	131549	1.06424224E-4	53.4757	39.857143	TRUE	G	2.174094E-4	807.0	7.244613E-4	0.980197	1104.7177	0.03546558	0.97071797	0.0
SPIKE	S29:G>T	1	131549	7.60173E-6	14.370581	40.0	TRUE	G	4.94431E-6	20.0	5.006903E-4	0.9995452	640.0813	0.032537244	0.97685057	0.0
SPIKE	S29:G>C	0	131549	0.0	9999.0	0.0	TRUE	G	5.9346316E-6	25.0	4.1535948E-4	0.99945414	826.1577	0.03124077	0.9756299	0.0
SPIKE	S30:A>G	7	131549	5.3212112E-5	0.3995689	39.142857	TRUE	A	7.75649E-4	2913.0	5.489981E-4	0.9311269	2623.291	0.035046995	0.96526545	0.0
SPIKE	S30:A>C	0	131549	0.0	9999.0	0.0	TRUE	A	1.692928E-5	55.0	6.6851225E-4	0.9984437	453.6262	0.04051854	0.93762076	0.0
SPIKE	S30:A>T	0	131549	0.0	9999.0	0.0	TRUE	A	2.5847252E-5	85.0	7.6744595E-4	0.9976249	404.19763	0.04003284	0.9680579	0.0
SPIKE	S31:T>A	1	131549	7.60173E-6	5.5392838	39.0	TRUE	T	3.9431005E-5	137.0	7.46637E-4	0.9963789	385.25378	0.0378904	0.9804995	0.0
SPIKE	S31:T>C	9	131549	6.8415575E-5	1.4284945	39.88889	TRUE	T	7.473735E-4	2756.0	5.563787E-4	0.93355227	2545.5864	0.035693385	0.9640081	0.0
SPIKE	S31:T>G	0	131549	0.0	9999.0	0.0	TRUE	T	1.7352893E-5	73.0	3.299583E-4	0.9984048	1576.8812	0.031280946	0.97059447	0.0
SPIKE	S32:C>T	9	131549	6.8415575E-5	24.885035	39.77778	TRUE	C	2.1158143E-4	773.0	6.1745907E-4	0.9807227	1382.0911	0.036029134	0.9745408	0.0
SPIKE	S32:C>A	2	131549	1.520346E-5	22.05756	40.0	TRUE	C	1.0963689E-5	33.0	9.1429596E-4	0.99899185	246.59665	0.043744918	0.967655	0.0
SPIKE	S32:C>G	0	131549	0.0	9999.0	0.0	TRUE	C	3.855578E-6	16.0	4.6855802E-4	0.99964535	896.0157	0.031714704	0.9828327	0.0
SPIKE	S33:C>T	8	131549	6.081384E-5	22.526337	39.875	TRUE	C	1.9105282E-4	698.0	6.1745907E-4	0.9825767	1382.0911	0.036029134	0.9745408	0.0
SPIKE	S33:C>A	3	131549	2.280519E-5	30.93043	39.666668	TRUE	C	1.4950486E-5	45.0	9.1429596E-4	0.9986255	246.59665	0.043744918	0.967655	0.0
SPIKE	S33:C>G	0	131549	0.0	9999.0	0.0	TRUE	C	2.1591617E-4	1.0	4.6855802E-4	0.9803317	896.0157	0.031714704	0.9828327	1.0
SPIKE	S34:A>C	1	131549	7.60173E-6	8.351202	40.0	TRUE	A	2.000733E-5	65.0	6.6851225E-4	0.998161	453.6262	0.04051854	0.93762076	0.0
SPIKE	S34:A>G	25	131549	1.9004325E-4	60.133453	39.56	TRUE	A	5.479868E-4	2058.0	5.489981E-4	0.95083493	2623.291	0.035046995	0.96526545	0.0
SPIKE	S34:A>T	0	131549	0.0	9999.0	0.0	TRUE	A	1.1555242E-5	38.0	7.6744595E-4	0.9989375	404.19763	0.04003284	0.9680579	0.0
SPIKE	S35:T>C	8	131549	6.081384E-5	0.9270026	39.625	TRUE	T	7.3923805E-4	2726.0	5.563787E-4	0.93425125	2545.5864	0.035693385	0.9640081	0.0
SPIKE	S35:T>G	1	131549	7.60173E-6	7.5402603	40.0	TRUE	T	2.4246508E-5	102.0	3.299583E-4	0.9977718	1576.8812	0.031280946	0.97059447	0.0
SPIKE	D35-36:T>	1	131549	7.60173E-6	9999.0	39.753994	TRUE		NaN	NaN	NaN	NaN	NaN	NaN	NaN	NaN
SPIKE	S35:T>A	0	131549	0.0	9999.0	0.0	TRUE	T	3.3674653E-5	117.0	7.46637E-4	0.9969067	385.25378	0.0378904	0.9804995	0.0
SPIKE	S36:T>C	10	131549	7.60173E-5	17.413307	39.3	TRUE	T	3.2541662E-4	1200.0	5.563787E-4	0.97050536	2545.5864	0.035693385	0.9640081	0.0
SPIKE	S36:T>A	0	131549	0.0	9999.0	0.0	TRUE	T	8.634526E-6	30.0	7.46637E-4	0.99920595	385.25378	0.0378904	0.9804995	0.0
SPIKE	S36:T>G	0	131549	0.0	9999.0	0.0	TRUE	T	3.748418E-4	7.0	3.299583E-4	0.9661024	1576.8812	0.031280946	0.97059447	1.0
SPIKE	S37:A>C	1	131549	7.60173E-6	4.320367	40.0	TRUE	A	5.386589E-5	175.0	6.6851225E-4	0.99505657	453.6262	0.04051854	0.93762076	0.0
SPIKE	S37:A>T	1	131549	7.60173E-6	12.337571	40.0	TRUE	A	7.906218E-6	26.0	7.6744595E-4	0.9992729	404.19763	0.04003284	0.9680579	0.0
SPIKE	S37:A>G	29	131549	2.2045018E-4	92.552635	39.62069	TRUE	A	4.888745E-4	1836.0	5.489981E-4	0.95602	2623.291	0.035046995	0.96526545	0.0
SPIKE	S38:T>C	6	131549	4.561038E-5	11.649369	40.0	TRUE	T	2.1097844E-4	778.0	5.563787E-4	0.98077714	2545.5864	0.035693385	0.9640081	0.0
SPIKE	S38:T>A	1	131549	7.60173E-6	8.08643	40.0	TRUE	T	2.1298498E-5	74.0	7.46637E-4	0.99804246	385.25378	0.0378904	0.9804995	0.0
SPIKE	S38:T>G	0	131549	0.0	9999.0	0.0	TRUE	T	1.5688916E-5	66.0	3.299583E-4	0.9985577	1576.8812	0.031280946	0.97059447	0.0
SPIKE	S39:C>T	9	131549	6.8415575E-5	22.574997	40.0	TRUE	C	2.299203E-4	840.0	6.1745907E-4	0.9790695	1382.0911	0.036029134	0.9745408	0.0
SPIKE	S39:C>A	18	131549	1.3683115E-4	342.81744	39.77778	TRUE	C	6.6446605E-6	20.0	9.1429596E-4	0.9993889	246.59665	0.043744918	0.967655	0.0
SPIKE	S39:C>G	1	131549	7.60173E-6	15.729308	40.0	TRUE	C	3.6146048E-6	15.0	4.6855802E-4	0.9996675	896.0157	0.031714704	0.9828327	0.0
SPIKE	S40:G>T	3	131549	2.280519E-5	29.836292	40.0	TRUE	G	1.6316222E-5	66.0	5.006903E-4	0.99850005	640.0813	0.032537244	0.97685057	0.0
SPIKE	S40:G>A	25	131549	1.9004325E-4	93.48946	39.36	TRUE	G	3.6477362E-4	1354.0	7.244613E-4	0.9669977	1104.7177	0.03546558	0.97071797	0.0
SPIKE	S40:G>C	0	131549	0.0	9999.0	0.0	TRUE	G	1.9611766E-4	6.0	4.1535948E-4	0.98211896	826.1577	0.03124077	0.9756299	1.0
SPIKE	S41:G>A	9	131549	6.8415575E-5	31.112585	37.666668	TRUE	G	1.7107182E-4	635.0	7.244613E-4	0.9843846	1104.7177	0.03546558	0.97071797	0.0
SPIKE	S41:G>C	0	131549	0.0	9999.0	0.0	TRUE	G	7.5963285E-6	32.0	4.1535948E-4	0.9993014	826.1577	0.03124077	0.9756299	0.0
SPIKE	S41:G>T	0	131549	0.0	9999.0	0.0	TRUE	G	5.1915254E-6	21.0	5.006903E-4	0.9995225	640.0813	0.032537244	0.97685057	0.0
SPIKE	S42:C>T	12	131549	9.122076E-5	30.943258	38.166668	TRUE	C	2.8001008E-4	1023.0	6.1745907E-4	0.97456807	1382.0911	0.036029134	0.9745408	0.0
SPIKE	S42:C>A	6	131549	4.561038E-5	66.964554	39.833332	TRUE	C	1.7940583E-5	54.0	9.1429596E-4	0.9983508	246.59665	0.043744918	0.967655	0.0
SPIKE	S42:C>G	2	131549	1.520346E-5	20.461758	40.0	TRUE	C	1.3253551E-5	55.0	4.6855802E-4	0.99878144	896.0157	0.031714704	0.9828327	0.0
SPIKE	S43:G>T	2	131549	1.520346E-5	28.8409	39.5	TRUE	G	4.94431E-6	20.0	5.006903E-4	0.9995452	640.0813	0.032537244	0.97685057	0.0
SPIKE	S43:G>A	15	131549	1.14025956E-4	55.681652	39.6	TRUE	G	2.3734532E-4	881.0	7.244613E-4	0.9784009	1104.7177	0.03546558	0.97071797	0.0
SPIKE	D43-44:G>	1	131549	7.60173E-6	9999.0	39.863678	TRUE		NaN	NaN	NaN	NaN	NaN	NaN	NaN	NaN
SPIKE	S43:G>C	0	131549	0.0	9999.0	0.0	TRUE	G	2.8486231E-6	12.0	4.1535948E-4	0.999738	826.1577	0.03124077	0.9756299	0.0
SPIKE	S44:G>T	1	131549	7.60173E-6	15.075369	39.0	TRUE	G	4.2026636E-6	17.0	5.006903E-4	0.9996134	640.0813	0.032537244	0.97685057	0.0
SPIKE	S44:G>A	13	131549	9.882249E-5	51.414963	39.76923	TRUE	G	1.9693465E-4	731.0	7.244613E-4	0.9820452	1104.7177	0.03546558	0.97071797	0.0
SPIKE	S44:G>C	0	131549	0.0	9999.0	0.0	TRUE	G	9.258026E-6	39.0	4.1535948E-4	0.9991486	826.1577	0.03124077	0.9756299	0.0
SPIKE	D45-47:CG>	1	131549	7.60173E-6	9999.0	39.660507	TRUE		NaN	NaN	NaN	NaN	NaN	NaN	NaN	NaN
SPIKE	S45:C>T	8	131549	6.081384E-5	122.70392	37.875	TRUE	C	8.211439E-6	30.0	6.1745907E-4	0.9992448	1382.0911	0.036029134	0.9745408	0.0
SPIKE	S45:C>A	4	131549	3.040692E-5	53.54883	39.0	TRUE	C	8.305826E-6	25.0	9.1429596E-4	0.99923617	246.59665	0.043744918	0.967655	0.0
SPIKE	S45:C>G	2	131549	1.520346E-5	22.937313	39.0	TRUE	C	9.879919E-6	41.0	4.6855802E-4	0.99909145	896.0157	0.031714704	0.9828327	0.0
SPIKE	S46:G>A	11	131549	8.361903E-5	37.97111	39.636364	TRUE	G	1.996287E-4	741.0	7.244613E-4	0.9818018	1104.7177	0.03546558	0.97071797	0.0
SPIKE	S46:G>C	0	131549	0.0	9999.0	0.0	TRUE	G	1.9611766E-4	7.0	4.1535948E-4	0.98211896	826.1577	0.03124077	0.9756299	1.0
SPIKE	S46:G>T	0	131549	0.0	9999.0	0.0	TRUE	G	2.7193705E-6	11.0	5.006903E-4	0.99974984	640.0813	0.032537244	0.97685057	0.0
SPIKE	S47:A>C	1	131549	7.60173E-6	12.45462	40.0	TRUE	A	7.695127E-6	25.0	6.6851225E-4	0.9992923	453.6262	0.04051854	0.93762076	0.0
SPIKE	S47:A>G	12	131549	9.122076E-5	47.561462	39.666668	TRUE	A	1.842599E-4	692.0	5.489981E-4	0.98319095	2623.291	0.035046995	0.96526545	0.0
SPIKE	D47-48:A>	1	131549	7.60173E-6	9999.0	39.843693	TRUE		NaN	NaN	NaN	NaN	NaN	NaN	NaN	NaN
SPIKE	S47:A>T	0	131549	0.0	9999.0	0.0	TRUE	A	6.081706E-6	20.0	7.6744595E-4	0.9994406	404.19763	0.04003284	0.9680579	0.0
SPIKE	S48:A>T	1	131549	7.60173E-6	8.672548	40.0	TRUE	A	1.8549204E-5	61.0	7.6744595E-4	0.99829495	404.19763	0.04003284	0.9680579	0.0
SPIKE	S48:A>C	2	131549	1.520346E-5	18.123474	40.0	TRUE	A	1.754489E-5	57.0	6.6851225E-4	0.99838716	453.6262	0.04051854	0.93762076	0.0
SPIKE	S48:A>G	24	131549	1.8244152E-4	65.00818	39.5	TRUE	A	4.7955502E-4	1801.0	5.489981E-4	0.95684004	2623.291	0.035046995	0.96526545	0.0
SPIKE	S49:T>C	9	131549	6.8415575E-5	2.4320722	39.333332	TRUE	T	6.5707037E-4	2423.0	5.563787E-4	0.9413404	2545.5864	0.035693385	0.9640081	0.0
SPIKE	D49-50:T>	29	131549	2.2045018E-4	9999.0	39.70783	TRUE		NaN	NaN	NaN	NaN	NaN	NaN	NaN	NaN
SPIKE	S49:T>A	0	131549	0.0	9999.0	0.0	TRUE	T	3.396247E-5	118.0	7.46637E-4	0.99688035	385.25378	0.0378904	0.9804995	0.0
SPIKE	S49:T>G	0	131549	0.0	9999.0	0.0	TRUE	T	1.6877471E-5	71.0	3.299583E-4	0.9984485	1576.8812	0.031280946	0.97059447	0.0
SPIKE	S50:T>C	5	131549	3.800865E-5	0.47832546	39.6	TRUE	T	5.833093E-4	2151.0	5.563787E-4	0.9477501	2545.5864	0.035693385	0.9640081	0.0
SPIKE	S50:T>G	1	131549	7.60173E-6	7.9290466	39.0	TRUE	T	2.210711E-5	93.0	3.299583E-4	0.9979682	1576.8812	0.031280946	0.97059447	0.0
SPIKE	S50:T>A	1	131549	7.60173E-6	5.9744134	38.0	TRUE	T	3.5401557E-5	123.0	7.46637E-4	0.9967483	385.25378	0.0378904	0.9804995	0.0
SPIKE	S51:T>C	11	131549	8.361903E-5	8.777529	39.363636	TRUE	T	5.279884E-4	1947.0	5.563787E-4	0.95258594	2545.5864	0.035693385	0.9640081	0.0
SPIKE	S51:T>A	1	131549	7.60173E-6	0.29249206	39.0	TRUE	T	2.5644543E-4	891.0	7.46637E-4	0.97668314	385.25378	0.0378904	0.9804995	0.0
SPIKE	S51:T>G	0	131549	0.0	9999.0	0.0	TRUE	T	5.9427716E-6	25.0	3.299583E-4	0.9994534	1576.8812	0.031280946	0.97059447	0.0
SPIKE	S52:A>T	2	131549	1.520346E-5	30.125504	39.5	TRUE	A	4.257194E-6	14.0	7.6744595E-4	0.9996084	404.19763	0.04003284	0.9680579	0.0
SPIKE	S52:A>C	1	131549	7.60173E-6	0.1300904	40.0	TRUE	A	3.2011728E-4	1040.0	6.6851225E-4	0.9709787	453.6262	0.04051854	0.93762076	0.0
SPIKE	S52:A>G	20	131549	1.520346E-4	67.56306	38.9	TRUE	A	3.3363822E-4	1253.0	5.489981E-4	0.96977156	2623.291	0.035046995	0.96526545	0.0
SPIKE	S53:C>T	6	131549	4.561038E-5	12.86079	39.666668	TRUE	C	1.962534E-4	717.0	6.1745907E-4	0.9821067	1382.0911	0.036029134	0.9745408	0.0
SPIKE	S53:C>G	1	131549	7.60173E-6	15.729308	40.0	TRUE	C	3.6146048E-6	15.0	4.6855802E-4	0.9996675	896.0157	0.031714704	0.9828327	0.0
SPIKE	S53:C>A	7	131549	5.3212112E-5	114.036804	39.714287	TRUE	C	5.980194E-6	18.0	9.1429596E-4	0.99944997	246.59665	0.043744918	0.967655	0.0
SPIKE	D53-54:C>	7	131549	5.3212112E-5	9999.0	39.75572	TRUE		NaN	NaN	NaN	NaN	NaN	NaN	NaN	NaN
SPIKE	S54:C>T	13	131549	9.882249E-5	30.49841	40.0	TRUE	C	3.2216214E-4	1177.0	6.1745907E-4	0.970796	1382.0911	0.036029134	0.9745408	0.0
SPIKE	S54:C>G	1	131549	7.60173E-6	0.48844028	40.0	TRUE	C	2.1591617E-4	8.0	4.6855802E-4	0.9803317	896.0157	0.031714704	0.9828327	1.0
SPIKE	S54:C>A	13	131549	9.882249E-5	24.766588	40.0	TRUE	C	3.7542332E-4	1130.0	9.1429596E-4	0.96605074	246.59665	0.043744918	0.967655	0.0
SPIKE	S55:A>T	6	131549	4.561038E-5	16.845505	40.0	TRUE	A	1.5721211E-4	517.0	7.6744595E-4	0.9856406	404.19763	0.04003284	0.9680579	0.0
SPIKE	S55:A>C	4	131549	3.040692E-5	0.0036382088	40.0	TRUE	A	9.735875E-4	3163.0	6.6851225E-4	0.9143242	453.6262	0.04051854	0.93762076	0.0
SPIKE	S55:A>G	34	131549	2.5845884E-4	59.5171	40.0	TRUE	A	9.029268E-4	3391.0	5.489981E-4	0.92028743	2623.291	0.035046995	0.96526545	0.0
SPIKE	S56:C>T	15	131549	1.14025956E-4	60.363953	40.0	TRUE	C	2.1705571E-4	793.0	6.1745907E-4	0.98022896	1382.0911	0.036029134	0.9745408	0.0
SPIKE	S56:C>G	2	131549	1.520346E-5	26.813204	40.0	TRUE	C	6.265315E-6	26.0	4.6855802E-4	0.99942374	896.0157	0.031714704	0.9828327	0.0
SPIKE	S56:C>A	5	131549	3.800865E-5	3.1296604	40.0	TRUE	C	3.4352893E-4	1034.0	9.1429596E-4	0.96888953	246.59665	0.043744918	0.967655	0.0
SPIKE	D56-57:C>	1	131549	7.60173E-6	9999.0	39.999992	TRUE		NaN	NaN	NaN	NaN	NaN	NaN	NaN	NaN
SPIKE	S57:C>T	15	131549	1.14025956E-4	46.49268	40.0	TRUE	C	2.8466323E-4	1040.0	6.1745907E-4	0.97415096	1382.0911	0.036029134	0.9745408	0.0
SPIKE	S57:C>A	7	131549	5.3212112E-5	4.057238	40.0	TRUE	C	4.3588973E-4	1312.0	9.1429596E-4	0.9606916	246.59665	0.043744918	0.967655	0.0
SPIKE	S57:C>G	0	131549	0.0	9999.0	0.0	TRUE	C	2.1591617E-4	7.0	4.6855802E-4	0.9803317	896.0157	0.031714704	0.9828327	1.0
SPIKE	S58:A>T	3	131549	2.280519E-5	0.35257578	40.0	TRUE	A	4.38491E-4	1442.0	7.6744595E-4	0.9604617	404.19763	0.04003284	0.9680579	0.0
SPIKE	S58:A>C	2	131549	1.520346E-5	0.113347135	40.0	TRUE	A	4.4385495E-4	1442.0	6.6851225E-4	0.9599878	453.6262	0.04051854	0.93762076	0.0
SPIKE	S58:A>G	23	131549	1.7483979E-4	42.01812	40.0	TRUE	A	6.214777E-4	2334.0	5.489981E-4	0.9444279	2623.291	0.035046995	0.96526545	0.0
SPIKE	S59:T>C	19	131549	1.4443287E-4	11.425163	40.0	TRUE	T	9.0764114E-4	3347.0	5.563787E-4	0.9198883	2545.5864	0.035693385	0.9640081	0.0
SPIKE	S59:T>G	2	131549	1.520346E-5	17.154451	40.0	TRUE	T	1.9730001E-5	83.0	3.299583E-4	0.99818647	1576.8812	0.031280946	0.97059447	0.0
SPIKE	S59:T>A	3	131549	2.280519E-5	0.51300186	40.0	TRUE	T	4.0064202E-4	1392.0	7.46637E-4	0.96381193	385.25378	0.0378904	0.9804995	0.0
SPIKE	D59-60:T>	2	131549	1.520346E-5	9999.0	39.99944	TRUE		NaN	NaN	NaN	NaN	NaN	NaN	NaN	NaN
SPIKE	S60:T>C	21	131551	1.5963391E-4	19.018984	40.0	TRUE	T	8.392909E-4	3095.0	5.563787E-4	0.925691	2545.625	0.035693385	0.9640081	0.0
SPIKE	S60:T>A	2	131551	1.5203229E-5	16.865856	40.0	TRUE	T	2.0434736E-5	71.0	7.46637E-4	0.9981218	385.25964	0.0378904	0.9804995	0.0
SPIKE	S60:T>G	0	131551	0.0	9999.0	0.0	TRUE	T	3.118719E-4	1312.0	3.299583E-4	0.9717155	1576.9052	0.031280946	0.97059447	0.0
SPIKE	S61:G>A	11	131551	8.361776E-5	27.340464	40.0	TRUE	G	2.6966975E-4	1001.0	7.244613E-4	0.97549564	1104.7345	0.03546558	0.97071797	0.0
SPIKE	S61:G>C	0	131551	0.0	9999.0	0.0	TRUE	G	1.9611766E-4	7.0	4.1535948E-4	0.98211896	826.1703	0.03124077	0.9756299	1.0
SPIKE	S61:G>T	0	131551	0.0	9999.0	0.0	TRUE	G	3.1865592E-4	1289.0	5.006903E-4	0.9711092	640.091	0.032537244	0.97685057	0.0
SPIKE	S62:A>T	9	131551	6.8414534E-5	49.473797	40.0	TRUE	A	9.7001735E-5	319.0	7.6744595E-4	0.99111557	404.2038	0.04003284	0.9680579	0.0
SPIKE	S62:A>C	2	131551	1.5203229E-5	15.44611	40.0	TRUE	A	2.4316232E-5	79.0	6.6851225E-4	0.9977654	453.6331	0.04051854	0.93762076	0.0
SPIKE	S62:A>G	31	131551	2.3565005E-4	24.963936	40.0	TRUE	A	0.0012346823	4637.0	5.489981E-4	0.8926232	2623.3308	0.035046995	0.96526545	0.0
SPIKE	D62-63:A>	8	131551	6.0812916E-5	9999.0	39.999302	TRUE		NaN	NaN	NaN	NaN	NaN	NaN	NaN	NaN
SPIKE	I62:>A	1	131551	7.6016145E-6	9999.0	39.999302	TRUE		NaN	NaN	NaN	NaN	NaN	NaN	NaN	NaN
SPIKE	S63:A>T	2	131551	1.5203229E-5	10.860072	40.0	TRUE	A	4.348354E-5	143.0	7.6744595E-4	0.9960075	404.2038	0.04003284	0.9680579	0.0
SPIKE	S63:A>C	2	131551	1.5203229E-5	18.885555	40.0	TRUE	A	1.600562E-5	52.0	6.6851225E-4	0.99852854	453.6331	0.04051854	0.93762076	0.0
SPIKE	S63:A>G	53	131551	4.0288558E-4	156.58406	40.0	TRUE	A	9.082384E-4	3411.0	5.489981E-4	0.9198378	2623.3308	0.035046995	0.96526545	0.0
SPIKE	S64:A>G	44	131551	3.3447103E-4	81.69471	40.0	TRUE	A	0.0010991521	4128.0	5.489981E-4	0.9038228	2623.3308	0.035046995	0.96526545	0.0
SPIKE	S64:A>C	3	131551	2.2804843E-5	21.690603	40.0	TRUE	A	3.1703443E-5	103.0	6.6851225E-4	0.99708754	453.6331	0.04051854	0.93762076	0.0
SPIKE	S64:A>T	4	131551	3.0406458E-5	25.010466	40.0	TRUE	A	4.6828427E-5	154.0	7.6744595E-4	0.9957011	404.2038	0.04003284	0.9680579	0.0
SPIKE	S65:A>G	47	131551	3.572759E-4	163.31012	40.0	TRUE	A	7.0720643E-4	2656.0	5.489981E-4	0.93700844	2623.3308	0.035046995	0.96526545	0.0
SPIKE	S65:A>C	9	131551	6.8414534E-5	0.3737789	40.0	TRUE	A	9.517189E-4	3092.0	6.6851225E-4	0.9161656	453.6331	0.04051854	0.93762076	0.0
SPIKE	S65:A>T	2	131551	1.5203229E-5	14.315067	40.0	TRUE	A	2.7975422E-5	92.0	7.6744595E-4	0.99742955	404.2038	0.04003284	0.9680579	0.0
SPIKE	S66:C>A	1	131551	7.6016145E-6	0.6417367	40.0	TRUE	C	1.9435336E-4	585.0	9.1429596E-4	0.9822784	246.6004	0.043744918	0.967655	0.0
SPIKE	S66:C>T	10	131551	7.601615E-5	38.978935	40.0	TRUE	C	1.6285774E-4	595.0	6.1745907E-4	0.98512876	1382.1122	0.036029134	0.9745408	0.0
SPIKE	S66:C>G	0	131551	0.0	9999.0	0.0	TRUE	C	7.95201E-6	33.0	4.6855802E-4	0.9992687	896.02936	0.031714704	0.9828327	0.0
SPIKE	S67:C>A	12	131551	9.121937E-5	4.012374	40.0	TRUE	C	7.614665E-4	2292.0	9.1429596E-4	0.9323426	246.6004	0.043744918	0.967655	0.0
SPIKE	S67:C>T	13	131551	9.882099E-5	61.810787	40.0	TRUE	C	1.5765724E-4	576.0	6.1745907E-4	0.98560023	1382.1122	0.036029134	0.9745408	0.0
SPIKE	S67:C>G	0	131551	0.0	9999.0	0.0	TRUE	C	2.1591617E-4	6.0	4.6855802E-4	0.9803317	896.02936	0.031714704	0.9828327	1.0
SPIKE	S68:A>G	29	131551	2.2044682E-4	18.392445	40.0	TRUE	A	0.001275155	4789.0	5.489981E-4	0.88930565	2623.3308	0.035046995	0.96526545	0.0
SPIKE	S68:A>C	5	131551	3.8008075E-5	6.845291	40.0	TRUE	A	2.3577512E-4	766.0	6.6851225E-4	0.97854227	453.6331	0.04051854	0.93762076	0.0
SPIKE	S68:A>T	11	131551	8.361776E-5	53.469406	40.0	TRUE	A	1.3409958E-4	441.0	7.6744595E-4	0.9877386	404.2038	0.04003284	0.9680579	0.0
SPIKE	S69:G>A	18	131551	1.3682907E-4	36.646214	40.0	TRUE	G	4.679484E-4	1737.0	7.244613E-4	0.9578623	1104.7345	0.03546558	0.97071797	0.0
SPIKE	S69:G>C	1	131551	7.6016145E-6	0.002092048	40.0	TRUE	G	6.3357165E-4	2669.0	4.1535948E-4	0.9433777	826.1703	0.03124077	0.9756299	0.0
SPIKE	S69:G>T	1	131551	7.6016145E-6	9.6990385	40.0	TRUE	G	1.4585493E-5	59.0	5.006903E-4	0.998659	640.091	0.032537244	0.97685057	0.0
SPIKE	S70:C>A	11	131551	8.361776E-5	179.69894	40.0	TRUE	C	8.305699E-6	25.0	9.1429596E-4	0.99923617	246.6004	0.043744918	0.967655	0.0
SPIKE	S70:C>G	4	131551	3.0406458E-5	8.06304	40.0	TRUE	C	1.6120893E-4	669.0	4.6855802E-4	0.98527825	896.02936	0.031714704	0.9828327	0.0
SPIKE	S70:C>T	9	131551	6.8414534E-5	20.396515	40.0	TRUE	C	2.4935027E-4	911.0	6.1745907E-4	0.9773209	1382.1122	0.036029134	0.9745408	0.0
SPIKE	D70-71:C>	1	131551	7.6016145E-6	9999.0	39.999588	TRUE		NaN	NaN	NaN	NaN	NaN	NaN	NaN	NaN
SPIKE	S71:C>A	5	131551	3.8008075E-5	22.556932	40.0	TRUE	C	8.471813E-5	255.0	9.1429596E-4	0.99223626	246.6004	0.043744918	0.967655	0.0
SPIKE	S71:C>T	16	131551	1.2162583E-4	31.155373	40.0	TRUE	C	4.3766308E-4	1599.0	6.1745907E-4	0.9605349	1382.1122	0.036029134	0.9745408	0.0
SPIKE	S71:C>G	0	131551	0.0	9999.0	0.0	TRUE	C	4.8362676E-4	2007.0	4.6855802E-4	0.95648164	896.02936	0.031714704	0.9828327	0.0
SPIKE	S72:G>A	26	131551	1.9764197E-4	109.16988	40.0	TRUE	G	3.3163183E-4	1231.0	7.244613E-4	0.9699506	1104.7345	0.03546558	0.97071797	0.0
SPIKE	S72:G>C	0	131551	0.0	9999.0	0.0	TRUE	G	1.4337852E-4	604.0	4.1535948E-4	0.9868958	826.1703	0.03124077	0.9756299	0.0
SPIKE	S72:G>T	0	131551	0.0	9999.0	0.0	TRUE	G	3.154422E-4	1276.0	5.006903E-4	0.9713964	640.091	0.032537244	0.97685057	0.0
SPIKE	S73:T>A	5	131551	3.8008075E-5	25.772781	40.0	TRUE	T	7.108985E-5	247.0	7.46637E-4	0.9934811	385.25964	0.0378904	0.9804995	0.0
SPIKE	S73:T>G	1	131551	7.6016145E-6	3.4475865E-4	40.0	TRUE	T	7.6613046E-4	3223.0	3.299583E-4	0.93194264	1576.9052	0.031280946	0.97059447	0.0
SPIKE	S73:T>C	32	131551	2.4325166E-4	44.599083	40.0	TRUE	T	9.792179E-4	3611.0	5.563787E-4	0.9138507	2545.625	0.035693385	0.9640081	0.0
SPIKE	S74:G>A	13	131551	9.882099E-5	64.79202	40.0	TRUE	G	1.4817019E-4	550.0	7.244613E-4	0.9864608	1104.7345	0.03546558	0.97071797	0.0
SPIKE	S74:G>T	2	131551	1.5203229E-5	2.5727012	40.0	TRUE	G	1.59946E-4	647.0	5.006903E-4	0.9853927	640.091	0.032537244	0.97685057	0.0
SPIKE	S74:G>C	0	131551	0.0	9999.0	0.0	TRUE	G	4.2253934E-5	178.0	4.1535948E-4	0.99612015	826.1703	0.03124077	0.9756299	0.0
SPIKE	S75:G>A	12	131551	9.121937E-5	46.171597	40.0	TRUE	G	1.9046605E-4	707.0	7.244613E-4	0.9826298	1104.7345	0.03546558	0.97071797	0.0
SPIKE	S75:G>C	0	131551	0.0	9999.0	0.0	TRUE	G	5.9345416E-6	25.0	4.1535948E-4	0.9994542	826.1703	0.03124077	0.9756299	0.0
SPIKE	S75:G>T	0	131551	0.0	9999.0	0.0	TRUE	G	5.51035E-4	2229.0	5.006903E-4	0.9505683	640.091	0.032537244	0.97685057	0.0
SPIKE	I76:>T	2	131551	1.5203229E-5	9999.0	39.999565	TRUE		NaN	NaN	NaN	NaN	NaN	NaN	NaN	NaN
SPIKE	D76-78:TT>	1	131551	7.6016145E-6	9999.0	39.999565	TRUE		NaN	NaN	NaN	NaN	NaN	NaN	NaN	NaN
SPIKE	S76:T>G	1	131551	7.6016145E-6	0.11789851	40.0	TRUE	T	3.277983E-4	1379.0	3.299583E-4	0.97029275	1576.9052	0.031280946	0.97059447	0.0
SPIKE	S76:T>C	19	131551	1.4443068E-4	15.363256	40.0	TRUE	T	8.1000384E-4	2987.0	5.563787E-4	0.92818856	2545.625	0.035693385	0.9640081	0.0
SPIKE	D76-77:T>	2	131551	1.5203229E-5	9999.0	39.999565	TRUE		NaN	NaN	NaN	NaN	NaN	NaN	NaN	NaN
SPIKE	S76:T>A	0	131551	0.0	9999.0	0.0	TRUE	T	4.000603E-5	139.0	7.46637E-4	0.9963262	385.25964	0.0378904	0.9804995	0.0
SPIKE	S77:T>A	2	131551	1.5203229E-5	21.036821	40.0	TRUE	T	1.2375966E-5	43.0	7.46637E-4	0.9988621	385.25964	0.0378904	0.9804995	0.0
SPIKE	S77:T>G	1	131551	7.6016145E-6	4.918893	40.0	TRUE	T	4.6115205E-5	194.0	3.299583E-4	0.9957664	1576.9052	0.031280946	0.97059447	0.0
SPIKE	S77:T>C	13	131551	9.882099E-5	18.70787	40.0	TRUE	T	4.4825455E-4	1653.0	5.563787E-4	0.9595994	2545.625	0.035693385	0.9640081	0.0
SPIKE	S78:T>C	22	131551	1.6723551E-4	25.49231	40.0	TRUE	T	7.7773386E-4	2868.0	5.563787E-4	0.9309483	2545.625	0.035693385	0.9640081	0.0
SPIKE	S78:T>A	0	131551	0.0	9999.0	0.0	TRUE	T	1.266378E-5	44.0	7.46637E-4	0.9988356	385.25964	0.0378904	0.9804995	0.0
SPIKE	S78:T>G	0	131551	0.0	9999.0	0.0	TRUE	T	5.3626753E-4	2256.0	3.299583E-4	0.95186067	1576.9052	0.031280946	0.97059447	0.0
SPIKE	S79:G>A	20	131551	1.520323E-4	96.470634	40.0	TRUE	G	2.219859E-4	824.0	7.244613E-4	0.9797844	1104.7345	0.03546558	0.97071797	0.0
SPIKE	S79:G>C	0	131551	0.0	9999.0	0.0	TRUE	G	6.003382E-4	2529.0	4.1535948E-4	0.9462664	826.1703	0.03124077	0.9756299	0.0
SPIKE	S79:G>T	0	131551	0.0	9999.0	0.0	TRUE	G	1.473382E-4	596.0	5.006903E-4	0.9865363	640.091	0.032537244	0.97685057	0.0
SPIKE	S80:C>G	1	131551	7.6016145E-6	0.0028416812	40.0	TRUE	C	6.108589E-4	2535.0	4.6855802E-4	0.94535094	896.02936	0.031714704	0.9828327	0.0
SPIKE	S80:C>A	3	131551	2.2804843E-5	23.517923	40.0	TRUE	C	2.7242693E-5	82.0	9.1429596E-4	0.9974968	246.6004	0.043744918	0.967655	0.0
SPIKE	S80:C>T	24	131551	1.8243874E-4	52.5722	40.0	TRUE	C	5.6794926E-4	2075.0	6.1745907E-4	0.9490903	1382.1122	0.036029134	0.9745408	0.0
SPIKE	D80-81:C>	1	131551	7.6016145E-6	9999.0	39.99927	TRUE		NaN	NaN	NaN	NaN	NaN	NaN	NaN	NaN
SPIKE	S81:G>A	13	131551	9.882099E-5	31.721943	40.0	TRUE	G	3.12235E-4	1159.0	7.244613E-4	0.971683	1104.7345	0.03546558	0.97071797	0.0
SPIKE	S81:G>T	3	131551	2.2804843E-5	17.263323	40.0	TRUE	G	4.6228593E-5	187.0	5.006903E-4	0.99575603	640.091	0.032537244	0.97685057	0.0
SPIKE	S81:G>C	0	131551	0.0	9999.0	0.0	TRUE	G	8.5457395E-5	360.0	4.1535948E-4	0.9921687	826.1703	0.03124077	0.9756299	0.0
SPIKE	S82:G>A	12	131551	9.121937E-5	37.970203	40.0	TRUE	G	2.3303131E-4	865.0	7.244613E-4	0.97878927	1104.7345	0.03546558	0.97071797	0.0
SPIKE	S82:G>T	1	131551	7.6016145E-6	13.070234	40.0	TRUE	G	6.674717E-6	27.0	5.006903E-4	0.99938613	640.091	0.032537244	0.97685057	0.0
SPIKE	S82:G>C	1	131551	7.6016145E-6	0.00895664	40.0	TRUE	G	5.250882E-4	2212.0	4.1535948E-4	0.95284015	826.1703	0.03124077	0.9756299	0.0
SPIKE	S83:C>A	17	131551	1.2922745E-4	267.6415	40.0	TRUE	C	1.3621347E-5	41.0	9.1429596E-4	0.99874765	246.6004	0.043744918	0.967655	0.0
SPIKE	S83:C>T	28	131551	2.128452E-4	101.90812	40.0	TRUE	C	4.1521882E-4	1517.0	6.1745907E-4	0.9625203	1382.1122	0.036029134	0.9745408	0.0
SPIKE	S83:C>G	0	131551	0.0	9999.0	0.0	TRUE	C	6.6025776E-4	2740.0	4.6855802E-4	0.9410644	896.02936	0.031714704	0.9828327	0.0
SPIKE	S84:G>A	21	131551	1.5963391E-4	19.403896	40.0	TRUE	G	8.319083E-4	3088.0	7.244613E-4	0.92631996	1104.7345	0.03546558	0.97071797	0.0
SPIKE	S84:G>C	0	131551	0.0	9999.0	0.0	TRUE	G	9.234146E-5	389.0	4.1535948E-4	0.99154055	826.1703	0.03124077	0.9756299	0.0
SPIKE	S84:G>T	0	131551	0.0	9999.0	0.0	TRUE	G	8.899623E-6	36.0	5.006903E-4	0.99918157	640.091	0.032537244	0.97685057	0.0
SPIKE	S85:A>G	15	131551	1.1402422E-4	40.29394	40.0	TRUE	A	3.2378125E-4	1216.0	5.489981E-4	0.9706514	2623.3308	0.035046995	0.96526545	0.0
SPIKE	S85:A>C	0	131551	0.0	9999.0	0.0	TRUE	A	7.69501E-6	25.0	6.6851225E-4	0.9992923	453.6331	0.04051854	0.93762076	0.0
SPIKE	S85:A>T	0	131551	0.0	9999.0	0.0	TRUE	A	6.431306E-4	2115.0	7.6744595E-4	0.9425484	404.2038	0.04003284	0.9680579	0.0
SPIKE	S86:T>C	11	131549	8.361903E-5	0.17935522	39.454544	TRUE	T	0.0012238376	4513.0	5.563787E-4	0.8935142	2545.5864	0.035693385	0.9640081	0.0
SPIKE	D86-87:T>	5	131549	3.800865E-5	9999.0	39.5964	TRUE		NaN	NaN	NaN	NaN	NaN	NaN	NaN	NaN
SPIKE	S86:T>A	0	131549	0.0	9999.0	0.0	TRUE	T	1.295179E-4	450.0	7.46637E-4	0.98815507	385.25378	0.0378904	0.9804995	0.0
SPIKE	S86:T>G	0	131549	0.0	9999.0	0.0	TRUE	T	2.1631688E-5	91.0	3.299583E-4	0.9980119	1576.8812	0.031280946	0.97059447	0.0
SPIKE	S87:T>G	1	131549	7.60173E-6	3.5393777	40.0	TRUE	T	6.655904E-5	280.0	3.299583E-4	0.9938953	1576.8812	0.031280946	0.97059447	0.0
SPIKE	S87:T>A	1	131549	7.60173E-6	3.9607651	39.0	TRUE	T	5.9290414E-5	206.0	7.46637E-4	0.9945601	385.25378	0.0378904	0.9804995	0.0
SPIKE	S87:T>C	5	131549	3.800865E-5	0.50067055	39.0	TRUE	T	5.7788566E-4	2131.0	5.563787E-4	0.9482231	2545.5864	0.035693385	0.9640081	0.0
SPIKE	S88:T>A	1	131549	7.60173E-6	3.7360282	39.0	TRUE	T	6.303204E-5	219.0	7.46637E-4	0.9942178	385.25378	0.0378904	0.9804995	0.0
SPIKE	S88:T>C	12	131549	9.122076E-5	10.030716	38.166668	TRUE	T	5.5293704E-4	2039.0	5.563787E-4	0.950402	2545.5864	0.035693385	0.9640081	0.0
SPIKE	S88:T>G	0	131549	0.0	9999.0	0.0	TRUE	T	8.557591E-6	36.0	3.299583E-4	0.99921304	1576.8812	0.031280946	0.97059447	0.0
SPIKE	S89:A>G	25	131549	1.9004325E-4	151.33015	39.4	TRUE	A	1.9570958E-4	735.0	5.489981E-4	0.98215586	2623.291	0.035046995	0.96526545	0.0
SPIKE	S89:A>C	0	131549	0.0	9999.0	0.0	TRUE	A	1.3962845E-4	9.0	6.6851225E-4	0.9872363	453.6262	0.04051854	0.93762076	1.0
SPIKE	S89:A>T	0	131549	0.0	9999.0	0.0	TRUE	A	6.264157E-5	206.0	7.6744595E-4	0.9942536	404.19763	0.04003284	0.9680579	0.0
SPIKE	S90:T>A	1	131549	7.60173E-6	7.6536107	40.0	TRUE	T	2.3601038E-5	82.0	7.46637E-4	0.99783105	385.25378	0.0378904	0.9804995	0.0
SPIKE	S90:T>C	7	131549	5.3212112E-5	2.8992364	39.285713	TRUE	T	4.900232E-4	1807.0	5.563787E-4	0.95591897	2545.5864	0.035693385	0.9640081	0.0
SPIKE	S90:T>G	0	131549	0.0	9999.0	0.0	TRUE	T	1.378723E-5	58.0	3.299583E-4	0.9987324	1576.8812	0.031280946	0.97059447	0.0
SPIKE	S91:C>G	1	131549	7.60173E-6	17.489109	40.0	TRUE	C	2.4097365E-6	10.0	4.6855802E-4	0.99977833	896.0157	0.031714704	0.9828327	0.0
SPIKE	S91:C>A	9	131549	6.8415575E-5	135.23048	38.88889	TRUE	C	9.634758E-6	29.0	9.1429596E-4	0.999114	246.59665	0.043744918	0.967655	0.0
SPIKE	S91:C>T	10	131549	7.60173E-5	24.816097	39.5	TRUE	C	2.5099632E-4	917.0	6.1745907E-4	0.9771729	1382.0911	0.036029134	0.9745408	0.0
SPIKE	S92:G>A	21	131549	1.5963633E-4	63.306927	39.47619	TRUE	G	3.882118E-4	1441.0	7.244613E-4	0.9649148	1104.7177	0.03546558	0.97071797	0.0
SPIKE	S92:G>C	0	131549	0.0	9999.0	0.0	TRUE	G	9.49541E-6	40.0	4.1535948E-4	0.9991268	826.1577	0.03124077	0.9756299	0.0
SPIKE	S92:G>T	0	131549	0.0	9999.0	0.0	TRUE	G	4.2026636E-6	17.0	5.006903E-4	0.9996134	640.0813	0.032537244	0.97685057	0.0
SPIKE	S93:T>C	7	131549	5.3212112E-5	6.9344068	39.57143	TRUE	T	3.4683986E-4	1279.0	5.563787E-4	0.96859443	2545.5864	0.035693385	0.9640081	0.0
SPIKE	S93:T>A	0	131549	0.0	9999.0	0.0	TRUE	T	5.986605E-5	208.0	7.46637E-4	0.9945075	385.25378	0.0378904	0.9804995	0.0
SPIKE	S93:T>G	0	131549	0.0	9999.0	0.0	TRUE	T	1.6877471E-5	71.0	3.299583E-4	0.9984485	1576.8812	0.031280946	0.97059447	0.0
SPIKE	S94:C>A	15	131549	1.14025956E-4	256.29825	39.333332	TRUE	C	8.970292E-6	27.0	9.1429596E-4	0.9991751	246.59665	0.043744918	0.967655	0.0
SPIKE	S94:C>T	16	131549	1.2162768E-4	56.238525	39.0	TRUE	C	2.652295E-4	969.0	6.1745907E-4	0.9758942	1382.0911	0.036029134	0.9745408	0.0
SPIKE	S94:C>G	0	131549	0.0	9999.0	0.0	TRUE	C	2.1591617E-4	8.0	4.6855802E-4	0.9803317	896.0157	0.031714704	0.9828327	1.0
SPIKE	S95:G>A	12	131549	9.122076E-5	46.171597	38.833332	TRUE	G	1.9046894E-4	707.0	7.244613E-4	0.9826295	1104.7177	0.03546558	0.97071797	0.0
SPIKE	S95:G>C	1	131549	7.60173E-6	10.498974	40.0	TRUE	G	1.2106649E-5	51.0	4.1535948E-4	0.9988868	826.1577	0.03124077	0.9756299	0.0
SPIKE	D95-98:GTC>	1	131549	7.60173E-6	9999.0	39.852047	TRUE		NaN	NaN	NaN	NaN	NaN	NaN	NaN	NaN
SPIKE	S95:G>T	0	131549	0.0	9999.0	0.0	TRUE	G	1.58238E-4	7.0	5.006903E-4	0.98554754	640.0813	0.032537244	0.97685057	1.0
SPIKE	S96:T>C	4	131549	3.040692E-5	0.059135307	39.5	TRUE	T	7.137471E-4	2632.0	5.563787E-4	0.93644476	2545.5864	0.035693385	0.9640081	0.0
SPIKE	S96:T>A	0	131549	0.0	9999.0	0.0	TRUE	T	6.303204E-5	219.0	7.46637E-4	0.9942178	385.25378	0.0378904	0.9804995	0.0
SPIKE	S96:T>G	0	131549	0.0	9999.0	0.0	TRUE	T	1.925458E-5	81.0	3.299583E-4	0.99823016	1576.8812	0.031280946	0.97059447	0.0
SPIKE	S97:C>T	6	131549	4.561038E-5	14.384251	39.5	TRUE	C	1.7983053E-4	657.0	6.1745907E-4	0.9835917	1382.0911	0.036029134	0.9745408	0.0
SPIKE	S97:C>A	7	131549	5.3212112E-5	112.40918	38.857143	TRUE	C	6.312427E-6	19.0	9.1429596E-4	0.99941945	246.59665	0.043744918	0.967655	0.0
SPIKE	S97:C>G	0	131549	0.0	9999.0	0.0	TRUE	C	2.1591617E-4	7.0	4.6855802E-4	0.9803317	896.0157	0.031714704	0.9828327	1.0
SPIKE	S98:A>C	1	131549	7.60173E-6	9.301386	40.0	TRUE	A	1.6005864E-5	52.0	6.6851225E-4	0.99852854	453.6262	0.04051854	0.93762076	0.0
SPIKE	S98:A>T	1	131549	7.60173E-6	13.695483	40.0	TRUE	A	5.777621E-6	19.0	7.6744595E-4	0.9994686	404.19763	0.04003284	0.9680579	0.0
SPIKE	S98:A>G	38	131549	2.8886573E-4	117.36166	39.36842	TRUE	A	6.4411084E-4	2419.0	5.489981E-4	0.9424634	2623.291	0.035046995	0.96526545	0.0
SPIKE	D98-101:ATC>	2	131549	1.520346E-5	9999.0	39.754295	TRUE		NaN	NaN	NaN	NaN	NaN	NaN	NaN	NaN
SPIKE	S99:T>C	10	131549	7.60173E-5	5.718219	38.1	TRUE	T	5.608013E-4	2068.0	5.563787E-4	0.94971466	2545.5864	0.035693385	0.9640081	0.0
SPIKE	S99:T>A	5	131549	3.800865E-5	55.245644	39.2	TRUE	T	1.64056E-5	57.0	7.46637E-4	0.9984918	385.25378	0.0378904	0.9804995	0.0
SPIKE	S99:T>G	0	131549	0.0	9999.0	0.0	TRUE	T	1.1647832E-5	49.0	3.299583E-4	0.99892896	1576.8812	0.031280946	0.97059447	0.0
SPIKE	S100:C>T	9	131549	6.8415575E-5	15.380577	39.77778	TRUE	C	3.046444E-4	1113.0	6.1745907E-4	0.97236186	1382.0911	0.036029134	0.9745408	0.0
SPIKE	S100:C>A	15	131549	1.14025956E-4	210.54623	39.6	TRUE	C	1.8272816E-5	55.0	9.1429596E-4	0.99832034	246.59665	0.043744918	0.967655	0.0
SPIKE	S100:C>G	1	131549	7.60173E-6	16.69769	39.0	TRUE	C	2.8916838E-6	12.0	4.6855802E-4	0.999734	896.0157	0.031714704	0.9828327	0.0
SPIKE	S101:G>T	1	131549	7.60173E-6	15.075369	38.0	TRUE	G	4.2026636E-6	17.0	5.006903E-4	0.9996134	640.0813	0.032537244	0.97685057	0.0
SPIKE	S101:G>A	18	131549	1.3683115E-4	72.08893	39.38889	TRUE	G	2.543178E-4	944.0	7.244613E-4	0.97687435	1104.7177	0.03546558	0.97071797	0.0
SPIKE	S101:G>C	0	131549	0.0	9999.0	0.0	TRUE	G	5.4598613E-6	23.0	4.1535948E-4	0.99949783	826.1577	0.03124077	0.9756299	0.0
SPIKE	D102-104:TG>	1	131549	7.60173E-6	9999.0	39.67214	TRUE		NaN	NaN	NaN	NaN	NaN	NaN	NaN	NaN
SPIKE	S102:T>C	11	131549	8.361903E-5	8.220472	38.636364	TRUE	T	5.426322E-4	2001.0	5.563787E-4	0.9513035	2545.5864	0.035693385	0.9640081	0.0
SPIKE	S102:T>A	6	131549	4.561038E-5	65.90827	38.333332	TRUE	T	1.870814E-5	65.0	7.46637E-4	0.99828035	385.25378	0.0378904	0.9804995	0.0
SPIKE	S102:T>G	1	131549	7.60173E-6	7.795193	40.0	TRUE	T	2.2820243E-5	96.0	3.299583E-4	0.99790275	1576.8812	0.031280946	0.97059447	0.0
SPIKE	S103:G>A	20	131549	1.520346E-4	123.01596	39.35	TRUE	G	1.56524E-4	581.0	7.244613E-4	0.985703	1104.7177	0.03546558	0.97071797	0.0
SPIKE	S103:G>C	0	131549	0.0	9999.0	0.0	TRUE	G	3.7981642E-6	16.0	4.1535948E-4	0.99965066	826.1577	0.03124077	0.9756299	0.0
SPIKE	S103:G>T	0	131549	0.0	9999.0	0.0	TRUE	G	2.966586E-6	12.0	5.006903E-4	0.99972713	640.0813	0.032537244	0.97685057	0.0
SPIKE	S104:G>A	14	131549	1.06424224E-4	71.70796	39.214287	TRUE	G	1.5167471E-4	563.0	7.244613E-4	0.9861428	1104.7177	0.03546558	0.97071797	0.0
SPIKE	S104:G>C	0	131549	0.0	9999.0	0.0	TRUE	G	1.0919723E-5	46.0	4.1535948E-4	0.9989959	826.1577	0.03124077	0.9756299	0.0
SPIKE	S104:G>T	0	131549	0.0	9999.0	0.0	TRUE	G	3.7082325E-6	15.0	5.006903E-4	0.9996589	640.0813	0.032537244	0.97685057	0.0
SPIKE	S105:C>T	15	131549	1.14025956E-4	48.03774	35.2	TRUE	C	2.7590437E-4	1008.0	6.1745907E-4	0.97493625	1382.0911	0.036029134	0.9745408	0.0
SPIKE	S105:C>A	12	131549	9.122076E-5	141.16797	38.666668	TRUE	C	2.5914174E-5	78.0	9.1429596E-4	0.99761873	246.59665	0.043744918	0.967655	0.0
SPIKE	S105:C>G	1	131549	7.60173E-6	10.785978	40.0	TRUE	C	1.1325761E-5	47.0	4.6855802E-4	0.9989586	896.0157	0.031714704	0.9828327	0.0
SPIKE	D105-106:C>	1	131549	7.60173E-6	9999.0	39.8154	TRUE		NaN	NaN	NaN	NaN	NaN	NaN	NaN	NaN
SPIKE	D105-107:CG>	2	131549	1.520346E-5	9999.0	39.8154	TRUE		NaN	NaN	NaN	NaN	NaN	NaN	NaN	NaN
SPIKE	S106:G>T	1	131549	7.60173E-6	8.507711	40.0	TRUE	G	1.9282808E-5	78.0	5.006903E-4	0.99822754	640.0813	0.032537244	0.97685057	0.0
SPIKE	S106:G>A	14	131549	1.06424224E-4	24.77219	39.357143	TRUE	G	4.1865453E-4	1554.0	7.244613E-4	0.9622161	1104.7177	0.03546558	0.97071797	0.0
SPIKE	S106:G>C	0	131549	0.0	9999.0	0.0	TRUE	G	5.6972463E-6	24.0	4.1535948E-4	0.999476	826.1577	0.03124077	0.9756299	0.0
SPIKE	S107:G>A	6	131549	4.561038E-5	9.816634	39.166668	TRUE	G	2.3680652E-4	879.0	7.244613E-4	0.9784494	1104.7177	0.03546558	0.97071797	0.0
SPIKE	S107:G>C	0	131549	0.0	9999.0	0.0	TRUE	G	1.13944925E-5	48.0	4.1535948E-4	0.99895227	826.1577	0.03124077	0.9756299	0.0
SPIKE	S107:G>T	0	131549	0.0	9999.0	0.0	TRUE	G	4.6970945E-6	19.0	5.006903E-4	0.999568	640.0813	0.032537244	0.97685057	0.0
SPIKE	S108:C>T	11	131549	8.361903E-5	28.674229	39.545456	TRUE	C	2.5920777E-4	947.0	6.1745907E-4	0.976435	1382.0911	0.036029134	0.9745408	0.0
SPIKE	S108:C>A	3	131549	2.280519E-5	40.60017	40.0	TRUE	C	6.9768935E-6	21.0	9.1429596E-4	0.99935836	246.59665	0.043744918	0.967655	0.0
SPIKE	S108:C>G	1	131549	7.60173E-6	17.075369	40.0	TRUE	C	2.65071E-6	11.0	4.6855802E-4	0.99975616	896.0157	0.031714704	0.9828327	0.0
SPIKE	S109:A>C	4	131549	3.040692E-5	39.516453	39.75	TRUE	A	1.9083916E-5	62.0	6.6851225E-4	0.99824584	453.6262	0.04051854	0.93762076	0.0
SPIKE	S109:A>T	1	131549	7.60173E-6	9.972756	38.0	TRUE	A	1.3683839E-5	45.0	7.6744595E-4	0.99874187	404.19763	0.04003284	0.9680579	0.0
SPIKE	S109:A>G	53	131549	4.028917E-4	189.8224	39.301888	TRUE	A	7.655306E-4	2875.0	5.489981E-4	0.9319941	2623.291	0.035046995	0.96526545	0.0
SPIKE	S110:G>T	1	131549	7.60173E-6	14.827456	39.0	TRUE	G	4.449879E-6	18.0	5.006903E-4	0.9995907	640.0813	0.032537244	0.97685057	0.0
SPIKE	S110:G>A	13	131549	9.882249E-5	49.117012	38.846153	TRUE	G	2.0717202E-4	769.0	7.244613E-4	0.98112065	1104.7177	0.03546558	0.97071797	0.0
SPIKE	S110:G>C	0	131549	0.0	9999.0	0.0	TRUE	G	1.9611766E-4	8.0	4.1535948E-4	0.98211896	826.1577	0.03124077	0.9756299	1.0
SPIKE	S111:C>T	14	131549	1.06424224E-4	52.643986	39.5	TRUE	C	2.2116143E-4	808.0	6.1745907E-4	0.97985876	1382.0911	0.036029134	0.9745408	0.0
SPIKE	S111:C>A	8	131549	6.081384E-5	129.97939	39.625	TRUE	C	6.6446605E-6	20.0	9.1429596E-4	0.9993889	246.59665	0.043744918	0.967655	0.0
SPIKE	S111:C>G	0	131549	0.0	9999.0	0.0	TRUE	C	8.434077E-6	35.0	4.6855802E-4	0.99922436	896.0157	0.031714704	0.9828327	0.0
SPIKE	S112:G>A	8	131549	6.081384E-5	23.405977	39.75	TRUE	G	1.8454205E-4	685.0	7.244613E-4	0.98316544	1104.7177	0.03546558	0.97071797	0.0
SPIKE	S112:G>C	0	131549	0.0	9999.0	0.0	TRUE	G	1.9611766E-4	9.0	4.1535948E-4	0.98211896	826.1577	0.03124077	0.9756299	1.0
SPIKE	S112:G>T	0	131549	0.0	9999.0	0.0	TRUE	G	1.58238E-4	6.0	5.006903E-4	0.98554754	640.0813	0.032537244	0.97685057	1.0
SPIKE	S113:T>C	11	131549	8.361903E-5	0.31627885	39.454544	TRUE	T	0.0011411275	4208.0	5.563787E-4	0.9003392	2545.5864	0.035693385	0.9640081	0.0
SPIKE	S113:T>A	1	131549	7.60173E-6	5.231431	38.0	TRUE	T	4.2596996E-5	148.0	7.46637E-4	0.99608874	385.25378	0.0378904	0.9804995	0.0
SPIKE	S113:T>G	0	131549	0.0	9999.0	0.0	TRUE	T	4.5165063E-5	190.0	3.299583E-4	0.9958534	1576.8812	0.031280946	0.97059447	0.0
SPIKE	S114:G>A	9	131549	6.8415575E-5	35.83925	39.444443	TRUE	G	1.4682543E-4	545.0	7.244613E-4	0.9865829	1104.7177	0.03546558	0.97071797	0.0
SPIKE	S114:G>C	0	131549	0.0	9999.0	0.0	TRUE	G	3.0860085E-6	13.0	4.1535948E-4	0.9997161	826.1577	0.03124077	0.9756299	0.0
SPIKE	S114:G>T	0	131549	0.0	9999.0	0.0	TRUE	G	2.7193705E-6	11.0	5.006903E-4	0.99974984	640.0813	0.032537244	0.97685057	0.0
SPIKE	S115:A>T	6	131549	4.561038E-5	50.7876	33.666668	TRUE	A	3.436164E-5	113.0	7.6744595E-4	0.9968437	404.19763	0.04003284	0.9680579	0.0
SPIKE	S115:A>C	1	131549	7.60173E-6	8.551748	39.0	TRUE	A	1.9083916E-5	62.0	6.6851225E-4	0.99824584	453.6262	0.04051854	0.93762076	0.0
SPIKE	S115:A>G	29	131549	2.2045018E-4	52.358765	39.41379	TRUE	A	7.6766085E-4	2883.0	5.489981E-4	0.93181145	2623.291	0.035046995	0.96526545	0.0
SPIKE	S116:C>T	9	131549	6.8415575E-5	45.219	39.333332	TRUE	C	1.1003329E-4	402.0	6.1745907E-4	0.989928	1382.0911	0.036029134	0.9745408	0.0
SPIKE	S116:C>A	4	131549	3.040692E-5	16.682241	40.0	TRUE	C	8.192755E-5	5.0	9.1429596E-4	0.992491	246.59665	0.043744918	0.967655	1.0
SPIKE	S116:C>G	0	131549	0.0	9999.0	0.0	TRUE	C	2.1591617E-4	7.0	4.6855802E-4	0.9803317	896.0157	0.031714704	0.9828327	1.0
SPIKE	S117:C>T	7	131549	5.3212112E-5	14.100604	40.0	TRUE	C	2.2773059E-4	832.0	6.1745907E-4	0.97926676	1382.0911	0.036029134	0.9745408	0.0
SPIKE	S117:C>A	8	131549	6.081384E-5	88.26146	39.125	TRUE	C	2.2591845E-5	68.0	9.1429596E-4	0.99792373	246.59665	0.043744918	0.967655	0.0
SPIKE	S117:C>G	0	131549	0.0	9999.0	0.0	TRUE	C	2.4097365E-6	10.0	4.6855802E-4	0.99977833	896.0157	0.031714704	0.9828327	0.0
SPIKE	S118:T>C	4	131549	3.040692E-5	0.22821999	39.0	TRUE	T	5.7652977E-4	2126.0	5.563787E-4	0.94834137	2545.5864	0.035693385	0.9640081	0.0
SPIKE	S118:T>A	2	131549	1.520346E-5	7.485086	39.5	TRUE	T	6.907621E-5	240.0	7.46637E-4	0.99366516	385.25378	0.0378904	0.9804995	0.0
SPIKE	S118:T>G	0	131549	0.0	9999.0	0.0	TRUE	T	2.0918556E-5	88.0	3.299583E-4	0.99807733	1576.8812	0.031280946	0.97059447	0.0
SPIKE	S119:A>T	4	131549	3.040692E-5	22.697044	38.75	TRUE	A	5.443127E-5	179.0	7.6744595E-4	0.99500483	404.19763	0.04003284	0.9680579	0.0
SPIKE	S119:A>G	19	131549	1.4443287E-4	44.172264	39.68421	TRUE	A	4.4387465E-4	1667.0	5.489981E-4	0.9599861	2623.291	0.035046995	0.96526545	0.0
SPIKE	S119:A>C	0	131549	0.0	9999.0	0.0	TRUE	A	1.6005864E-5	52.0	6.6851225E-4	0.99852854	453.6262	0.04051854	0.93762076	0.0
SPIKE	S120:T>C	9	131549	6.8415575E-5	0.725187	38.555557	TRUE	T	8.544898E-4	3151.0	5.563787E-4	0.9243975	2545.5864	0.035693385	0.9640081	0.0
SPIKE	S120:T>A	0	131549	0.0	9999.0	0.0	TRUE	T	1.8132505E-5	63.0	7.46637E-4	0.9983332	385.25378	0.0378904	0.9804995	0.0
SPIKE	S120:T>G	0	131549	0.0	9999.0	0.0	TRUE	T	2.7812172E-5	117.0	3.299583E-4	0.99744457	1576.8812	0.031280946	0.97059447	0.0
SPIKE	S121:G>A	19	131549	1.4443287E-4	87.80141	39.36842	TRUE	G	2.244139E-4	833.0	7.244613E-4	0.9795656	1104.7177	0.03546558	0.97071797	0.0
SPIKE	S121:G>C	0	131549	0.0	9999.0	0.0	TRUE	G	1.9611766E-4	5.0	4.1535948E-4	0.98211896	826.1577	0.03124077	0.9756299	1.0
SPIKE	S121:G>T	0	131549	0.0	9999.0	0.0	TRUE	G	5.438741E-6	22.0	5.006903E-4	0.99949974	640.0813	0.032537244	0.97685057	0.0
SPIKE	S122:T>C	11	131549	8.361903E-5	0.42885476	38.909092	TRUE	T	0.0010947557	4037.0	5.563787E-4	0.9041884	2545.5864	0.035693385	0.9640081	0.0
SPIKE	S122:T>A	3	131549	2.280519E-5	16.2858	39.333332	TRUE	T	5.036807E-5	175.0	7.46637E-4	0.9953769	385.25378	0.0378904	0.9804995	0.0
SPIKE	S122:T>G	0	131549	0.0	9999.0	0.0	TRUE	T	3.7320606E-5	157.0	3.299583E-4	0.9965724	1576.8812	0.031280946	0.97059447	0.0
SPIKE	S123:G>T	1	131549	7.60173E-6	15.338352	39.0	TRUE	G	3.955448E-6	16.0	5.006903E-4	0.9996362	640.0813	0.032537244	0.97685057	0.0
SPIKE	S123:G>A	10	131549	7.60173E-5	45.45203	39.5	TRUE	G	1.3577985E-4	504.0	7.244613E-4	0.98758596	1104.7177	0.03546558	0.97071797	0.0
SPIKE	S123:G>C	0	131549	0.0	9999.0	0.0	TRUE	G	1.9611766E-4	5.0	4.1535948E-4	0.98211896	826.1577	0.03124077	0.9756299	1.0
SPIKE	D124-126:TG>	1	131549	7.60173E-6	9999.0	39.5138	TRUE		NaN	NaN	NaN	NaN	NaN	NaN	NaN	NaN
SPIKE	S124:T>C	11	131549	8.361903E-5	0.17663336	39.727272	TRUE	T	0.0012260071	4521.0	5.563787E-4	0.8933359	2545.5864	0.035693385	0.9640081	0.0
SPIKE	S124:T>G	3	131549	2.280519E-5	19.604149	39.0	TRUE	T	3.7796028E-5	159.0	3.299583E-4	0.9965288	1576.8812	0.031280946	0.97059447	0.0
SPIKE	S124:T>A	0	131549	0.0	9999.0	0.0	TRUE	T	2.2449769E-5	78.0	7.46637E-4	0.9979367	385.25378	0.0378904	0.9804995	0.0
SPIKE	S125:G>A	10	131549	7.60173E-5	33.676212	38.4	TRUE	G	1.9019954E-4	706.0	7.244613E-4	0.98265386	1104.7177	0.03546558	0.97071797	0.0
SPIKE	S125:G>C	0	131549	0.0	9999.0	0.0	TRUE	G	4.51032E-6	19.0	4.1535948E-4	0.99958515	826.1577	0.03124077	0.9756299	0.0
SPIKE	S125:G>T	0	131549	0.0	9999.0	0.0	TRUE	G	1.58238E-4	6.0	5.006903E-4	0.98554754	640.0813	0.032537244	0.97685057	1.0
SPIKE	S126:C>T	6	131549	4.561038E-5	11.816765	34.666668	TRUE	C	2.0884429E-4	763.0	6.1745907E-4	0.9809697	1382.0911	0.036029134	0.9745408	0.0
SPIKE	S126:C>G	5	131549	3.800865E-5	27.646097	40.0	TRUE	C	6.433996E-5	267.0	4.6855802E-4	0.9940982	896.0157	0.031714704	0.9828327	0.0
SPIKE	S126:C>A	3	131549	2.280519E-5	37.871513	40.0	TRUE	C	8.638059E-6	26.0	9.1429596E-4	0.9992056	246.59665	0.043744918	0.967655	0.0
SPIKE	D126-128:CG>	4	131549	3.040692E-5	9999.0	39.856934	TRUE		NaN	NaN	NaN	NaN	NaN	NaN	NaN	NaN
SPIKE	S127:G>T	1	131549	7.60173E-6	14.159063	33.0	TRUE	G	5.1915254E-6	21.0	5.006903E-4	0.9995225	640.0813	0.032537244	0.97685057	0.0
SPIKE	S127:G>A	10	131549	7.60173E-5	24.133326	39.1	TRUE	G	2.5674244E-4	953.0	7.244613E-4	0.9766565	1104.7177	0.03546558	0.97071797	0.0
SPIKE	S127:G>C	0	131549	0.0	9999.0	0.0	TRUE	G	3.6557332E-5	154.0	4.1535948E-4	0.99664235	826.1577	0.03124077	0.9756299	0.0
SPIKE	S128:G>A	11	131549	8.361903E-5	34.006927	39.272728	TRUE	G	2.2252808E-4	826.0	7.244613E-4	0.97973555	1104.7177	0.03546558	0.97071797	0.0
SPIKE	S128:G>T	1	131549	7.60173E-6	12.614194	38.0	TRUE	G	7.416465E-6	30.0	5.006903E-4	0.99931794	640.0813	0.032537244	0.97685057	0.0
SPIKE	S128:G>C	0	131549	0.0	9999.0	0.0	TRUE	G	1.7329125E-5	73.0	4.1535948E-4	0.998407	826.1577	0.03124077	0.9756299	0.0
SPIKE	S129:C>A	4	131549	3.040692E-5	37.723232	38.5	TRUE	C	2.1262913E-5	64.0	9.1429596E-4	0.99804574	246.59665	0.043744918	0.967655	0.0
SPIKE	S129:C>T	12	131549	9.122076E-5	34.533047	34.916668	TRUE	C	2.5455462E-4	930.0	6.1745907E-4	0.9768531	1382.0911	0.036029134	0.9745408	0.0
SPIKE	S129:C>G	0	131549	0.0	9999.0	0.0	TRUE	C	5.4941993E-5	228.0	4.6855802E-4	0.9949581	896.0157	0.031714704	0.9828327	0.0
SPIKE	D130-133:GGC>	5	131549	3.800865E-5	9999.0	39.82117	TRUE		NaN	NaN	NaN	NaN	NaN	NaN	NaN	NaN
SPIKE	S130:G>A	15	131549	1.14025956E-4	21.33042	39.333332	TRUE	G	5.0621096E-4	1879.0	7.244613E-4	0.9544964	1104.7177	0.03546558	0.97071797	0.0
SPIKE	S130:G>T	2	131549	1.520346E-5	20.401194	39.5	TRUE	G	1.3349637E-5	54.0	5.006903E-4	0.99877256	640.0813	0.032537244	0.97685057	0.0
SPIKE	S130:G>C	0	131549	0.0	9999.0	0.0	TRUE	G	3.7032103E-5	156.0	4.1535948E-4	0.99659884	826.1577	0.03124077	0.9756299	0.0
SPIKE	S131:G>A	7	131549	5.3212112E-5	9.384364	38.285713	TRUE	G	2.958061E-4	1098.0	7.244613E-4	0.9731528	1104.7177	0.03546558	0.97071797	0.0
SPIKE	S131:G>C	1	131549	7.60173E-6	1.9144689	40.0	TRUE	G	1.0990938E-4	463.0	4.1535948E-4	0.9899393	826.1577	0.03124077	0.9756299	0.0
SPIKE	S131:G>T	0	131549	0.0	9999.0	0.0	TRUE	G	2.7193705E-6	11.0	5.006903E-4	0.99974984	640.0813	0.032537244	0.97685057	0.0
SPIKE	S132:C>A	1	131549	7.60173E-6	7.655837	40.0	TRUE	C	2.3588544E-5	71.0	9.1429596E-4	0.9978322	246.59665	0.043744918	0.967655	0.0
SPIKE	S132:C>T	18	131549	1.3683115E-4	74.192764	38.166668	TRUE	C	2.4606948E-4	899.0	6.1745907E-4	0.97761595	1382.0911	0.036029134	0.9745408	0.0
SPIKE	S132:C>G	0	131549	0.0	9999.0	0.0	TRUE	C	3.7350914E-5	155.0	4.6855802E-4	0.99656963	896.0157	0.031714704	0.9828327	0.0
SPIKE	S133:A>G	0	131549	0.0	9999.0	0.0	TRUE	A	1.7813566E-4	669.0	5.489981E-4	0.9837451	2623.291	0.035046995	0.96526545	0.0
SPIKE	S133:A>C	0	131549	0.0	9999.0	0.0	TRUE	A	2.4008797E-4	780.0	6.6851225E-4	0.97815406	453.6262	0.04051854	0.93762076	0.0
SPIKE	S133:A>T	0	131549	0.0	9999.0	0.0	TRUE	A	1.2291057E-4	8.0	7.6744595E-4	0.98875594	404.19763	0.04003284	0.9680579	1.0
SPIKE	S134:G>A	0	131549	0.0	9999.0	0.0	TRUE	G	8.95231E-4	3323.0	7.244613E-4	0.9209392	1104.7177	0.03546558	0.97071797	0.0
SPIKE	S134:G>C	0	131549	0.0	9999.0	0.0	TRUE	G	8.0948375E-5	341.0	4.1535948E-4	0.9925804	826.1577	0.03124077	0.9756299	0.0
SPIKE	S134:G>T	0	131549	0.0	9999.0	0.0	TRUE	G	1.436322E-4	581.0	5.006903E-4	0.98687273	640.0813	0.032537244	0.97685057	0.0
SPIKE	S135:C>A	0	131549	0.0	9999.0	0.0	TRUE	C	5.3489515E-5	161.0	9.1429596E-4	0.9950911	246.59665	0.043744918	0.967655	0.0
SPIKE	S135:C>G	0	131549	0.0	9999.0	0.0	TRUE	C	1.4964463E-4	621.0	4.6855802E-4	0.98632705	896.0157	0.031714704	0.9828327	0.0
SPIKE	S135:C>T	0	131549	0.0	9999.0	0.0	TRUE	C	3.4789133E-4	1271.0	6.1745907E-4	0.9685008	1382.0911	0.036029134	0.9745408	0.0
SPIKE	S136:C>A	0	131548	0.0	9999.0	0.0	TRUE	C	2.0930839E-4	630.0	9.1429596E-4	0.9809278	246.59477	0.043744918	0.967655	0.0
SPIKE	S136:C>G	0	131548	0.0	9999.0	0.0	TRUE	C	3.9760955E-5	165.0	4.6855802E-4	0.9963487	896.0089	0.031714704	0.9828327	0.0
SPIKE	S136:C>T	0	131548	0.0	9999.0	0.0	TRUE	C	6.659528E-4	2433.0	6.1745907E-4	0.9405714	1382.0806	0.036029134	0.9745408	0.0
SPIKE	S137:T>A	0	131548	0.0	9999.0	0.0	TRUE	T	7.627223E-5	265.0	7.46637E-4	0.99300754	385.25085	0.0378904	0.9804995	0.0
SPIKE	S137:T>G	0	131548	0.0	9999.0	0.0	TRUE	T	3.8343054E-4	1613.0	3.299583E-4	0.9653393	1576.8691	0.031280946	0.97059447	0.0
SPIKE	S137:T>C	0	131548	0.0	9999.0	0.0	TRUE	T	1.882007E-4	694.0	5.563787E-4	0.9828346	2545.567	0.035693385	0.9640081	0.0
SPIKE	S138:G>A	0	131548	0.0	9999.0	0.0	TRUE	G	9.633977E-4	3576.0	7.244613E-4	0.91518176	1104.7094	0.03546558	0.97071797	0.0
SPIKE	S138:G>C	0	131548	0.0	9999.0	0.0	TRUE	G	6.409451E-6	27.0	4.1535948E-4	0.9994105	826.1514	0.03124077	0.9756299	0.0
SPIKE	S138:G>T	0	131548	0.0	9999.0	0.0	TRUE	G	3.4116E-4	1380.0	5.006903E-4	0.9691007	640.0764	0.032537244	0.97685057	0.0
SPIKE	S139:A>G	0	131548	0.0	9999.0	0.0	TRUE	A	2.5615515E-4	962.0	5.489981E-4	0.97670925	2623.271	0.035046995	0.96526545	0.0
SPIKE	S139:A>C	0	131548	0.0	9999.0	0.0	TRUE	A	1.4774757E-5	48.0	6.6851225E-4	0.99864167	453.62274	0.04051854	0.93762076	0.0
SPIKE	S139:A>T	0	131548	0.0	9999.0	0.0	TRUE	A	0.0011886786	3909.0	7.6744595E-4	0.8964091	404.19458	0.04003284	0.9680579	0.0
SPIKE	S140:T>A	0	131548	0.0	9999.0	0.0	TRUE	T	2.7026274E-4	939.0	7.46637E-4	0.9754424	385.25085	0.0378904	0.9804995	0.0
SPIKE	S140:T>G	0	131548	0.0	9999.0	0.0	TRUE	T	2.2249906E-4	936.0	3.299583E-4	0.9797382	1576.8691	0.031280946	0.97059447	0.0
SPIKE	S140:T>C	0	131548	0.0	9999.0	0.0	TRUE	T	1.2664226E-4	467.0	5.563787E-4	0.98841655	2545.567	0.035693385	0.9640081	0.0
SPIKE	S141:T>A	0	131548	0.0	9999.0	0.0	TRUE	T	0.0015634368	5432.0	7.46637E-4	0.8660296	385.25085	0.0378904	0.9804995	0.0
SPIKE	S141:T>G	0	131548	0.0	9999.0	0.0	TRUE	T	1.8042391E-4	759.0	3.299583E-4	0.98353803	1576.8691	0.031280946	0.97059447	0.0
SPIKE	S141:T>C	0	131548	0.0	9999.0	0.0	TRUE	T	4.949082E-4	1825.0	5.563787E-4	0.95548946	2545.567	0.035693385	0.9640081	0.0
SPIKE	S142:A>G	0	131548	0.0	9999.0	0.0	TRUE	A	0.0022156623	8321.0	5.489981E-4	0.8155921	2623.271	0.035046995	0.96526545	0.0
SPIKE	S142:A>C	0	131548	0.0	9999.0	0.0	TRUE	A	5.765233E-4	1873.0	6.6851225E-4	0.94834197	453.62274	0.04051854	0.93762076	0.0
SPIKE	S142:A>T	0	131548	0.0	9999.0	0.0	TRUE	A	2.724625E-4	896.0	7.6744595E-4	0.975245	404.19458	0.04003284	0.9680579	0.0
SPIKE	S143:G>A	0	131548	0.0	9999.0	0.0	TRUE	G	4.4963945E-4	1669.0	7.244613E-4	0.9594771	1104.7094	0.03546558	0.97071797	0.0
SPIKE	S143:G>C	0	131548	0.0	9999.0	0.0	TRUE	G	0.0027176072	11448.0	4.1535948E-4	0.7787853	826.1514	0.03124077	0.9756299	0.0
SPIKE	S143:G>T	0	131548	0.0	9999.0	0.0	TRUE	G	3.139661E-5	127.0	5.006903E-4	0.9971157	640.0764	0.032537244	0.97685057	0.0
SPIKE	S144:C>A	0	131548	0.0	9999.0	0.0	TRUE	C	9.302596E-6	28.0	9.1429596E-4	0.99914455	246.59477	0.043744918	0.967655	0.0
SPIKE	S144:C>G	0	131548	0.0	9999.0	0.0	TRUE	C	5.530387E-4	2295.0	4.6855802E-4	0.95039314	896.0089	0.031714704	0.9828327	0.0
SPIKE	S144:C>T	0	131548	0.0	9999.0	0.0	TRUE	C	2.176048E-4	795.0	6.1745907E-4	0.9801794	1382.0806	0.036029134	0.9745408	0.0
SPIKE	S145:C>A	0	131548	0.0	9999.0	0.0	TRUE	C	1.9601897E-5	59.0	9.1429596E-4	0.9981983	246.59477	0.043744918	0.967655	0.0
SPIKE	S145:C>G	0	131548	0.0	9999.0	0.0	TRUE	C	3.0893055E-4	1282.0	4.6855802E-4	0.9719785	896.0089	0.031714704	0.9828327	0.0
SPIKE	S145:C>T	0	131548	0.0	9999.0	0.0	TRUE	C	5.4497004E-4	1991.0	6.1745907E-4	0.95109886	1382.0806	0.036029134	0.9745408	0.0
SPIKE	S146:C>A	0	131548	0.0	9999.0	0.0	TRUE	C	1.4286128E-5	43.0	9.1429596E-4	0.99868655	246.59477	0.043744918	0.967655	0.0
SPIKE	S146:C>G	0	131548	0.0	9999.0	0.0	TRUE	C	0.0032396743	13444.0	4.6855802E-4	0.7422642	896.0089	0.031714704	0.9828327	0.0
SPIKE	S146:C>T	0	131548	0.0	9999.0	0.0	TRUE	C	5.969762E-4	2181.0	6.1745907E-4	0.94655913	1382.0806	0.036029134	0.9745408	0.0
SPIKE	S147:G>A	0	131548	0.0	9999.0	0.0	TRUE	G	4.1353898E-4	1535.0	7.244613E-4	0.9626691	1104.7094	0.03546558	0.97071797	0.0
SPIKE	S147:G>C	0	131548	0.0	9999.0	0.0	TRUE	G	8.206471E-4	3457.0	4.1535948E-4	0.9272802	826.1514	0.03124077	0.9756299	0.0
SPIKE	S147:G>T	0	131548	0.0	9999.0	0.0	TRUE	G	0.003149055	12738.0	5.006903E-4	0.7484783	640.0764	0.032537244	0.97685057	0.0
SPIKE	S148:T>A	0	131548	0.0	9999.0	0.0	TRUE	T	1.3815347E-5	48.0	7.46637E-4	0.9987298	385.25085	0.0378904	0.9804995	0.0
SPIKE	S148:T>G	0	131548	0.0	9999.0	0.0	TRUE	T	0.004388176	18460.0	3.299583E-4	0.6678363	1576.8691	0.031280946	0.97059447	0.0
SPIKE	S148:T>C	0	131548	0.0	9999.0	0.0	TRUE	T	6.5382116E-4	2411.0	5.563787E-4	0.94162184	2545.567	0.035693385	0.9640081	0.0
SPIKE	S149:G>A	0	131548	0.0	9999.0	0.0	TRUE	G	3.1547502E-4	1171.0	7.244613E-4	0.97139347	1104.7094	0.03546558	0.97071797	0.0
SPIKE	S149:G>C	0	131548	0.0	9999.0	0.0	TRUE	G	0.0031214026	13149.0	4.1535948E-4	0.75038487	826.1514	0.03124077	0.9756299	0.0
SPIKE	S149:G>T	0	131548	0.0	9999.0	0.0	TRUE	G	0.001133986	4587.0	5.006903E-4	0.9009309	640.0764	0.032537244	0.97685057	0.0
SPIKE	S150:C>A	0	131547	0.0	9999.0	0.0	TRUE	C	1.196057E-5	36.0	9.1429596E-4	0.99890023	246.5929	0.043744918	0.967655	0.0
SPIKE	S150:C>G	0	131547	0.0	9999.0	0.0	TRUE	C	0.0017492543	7259.0	4.6855802E-4	0.8513505	896.0021	0.031714704	0.9828327	0.0
SPIKE	S150:C>T	0	131547	0.0	9999.0	0.0	TRUE	C	0.004436708	16209.0	6.1745907E-4	0.6648611	1382.0701	0.036029134	0.9745408	0.0
SPIKE	S151:T>A	0	131520	0.0	9999.0	0.0	TRUE	T	1.6697099E-5	58.0	7.46637E-4	0.99846506	385.16885	0.0378904	0.9804995	0.0
SPIKE	S151:T>G	0	131520	0.0	9999.0	0.0	TRUE	T	0.004914805	20671.0	3.299583E-4	0.6362511	1576.5336	0.031280946	0.97059447	0.0
SPIKE	S151:T>C	0	131520	0.0	9999.0	0.0	TRUE	T	0.001249604	4607.0	5.563787E-4	0.8913986	2545.0251	0.035693385	0.9640081	0.0
SPIKE	S152:G>A	0	131463	0.0	9999.0	0.0	TRUE	G	5.4077886E-4	2006.0	7.244613E-4	0.95146567	1103.9955	0.03546558	0.97071797	0.0
SPIKE	S152:G>C	0	131463	0.0	9999.0	0.0	TRUE	G	1.9003244E-5	80.0	4.1535948E-4	0.9982532	825.6176	0.03124077	0.9756299	0.0
SPIKE	S152:G>T	0	131463	0.0	9999.0	0.0	TRUE	G	8.351455E-4	3376.0	5.006903E-4	0.9260441	639.66284	0.032537244	0.97685057	0.0
SPIKE	S153:G>A	0	131144	0.0	9999.0	0.0	TRUE	G	2.0700111E-4	766.0	7.244613E-4	0.9811361	1101.3167	0.03546558	0.97071797	0.0
SPIKE	S153:G>C	0	131144	0.0	9999.0	0.0	TRUE	G	1.1429682E-5	48.0	4.1535948E-4	0.99894905	823.6142	0.03124077	0.9756299	0.0
SPIKE	S153:G>T	0	131144	0.0	9999.0	0.0	TRUE	G	2.5045874E-5	101.0	5.006903E-4	0.9976984	638.11066	0.032537244	0.97685057	0.0
