#pipeline_block
reference	mutation	count	coverage	freq	score	cqs	has.reference	ancestral.allele	error.rate	minor.count.local	minor.fdr	minor.recall	minor.count.global	read.fraction.in.minors	q.filtered.read.fraction	global.est
SPIKE	S0:T>A	0	87459	0.0	9999.0	0.0	TRUE	T	3.344894E-5	6.0	0.0014274175	0.99532807	98.286125	0.029806778	0.9949692	1.0
SPIKE	S0:T>G	0	87459	0.0	9999.0	0.0	TRUE	T	2.2443967E-4	2.0	3.3000132E-4	0.969067	803.03186	0.024452018	0.9886933	1.0
SPIKE	S0:T>C	0	87459	0.0	9999.0	0.0	TRUE	T	5.0533647E-5	124.0	0.0015856959	0.99295026	169.58893	0.03569872	0.9641952	0.0
SPIKE	S1:A>G	0	87514	0.0	9999.0	0.0	TRUE	A	5.231021E-5	138.0	0.0014357727	0.9927033	252.78651	0.03322071	0.94978875	0.0
SPIKE	S1:A>C	0	87514	0.0	9999.0	0.0	TRUE	A	1.9369354E-5	4.0	0.0021306186	0.997292	35.09548	0.048402496	0.9511016	1.0
SPIKE	S1:A>T	0	87514	0.0	9999.0	0.0	TRUE	A	4.6316613E-6	12.0	0.0019154376	0.9993518	75.45189	0.033842757	0.99006426	0.0
SPIKE	S2:G>A	0	87579	0.0	9999.0	0.0	TRUE	G	6.724867E-5	183.0	0.0018342838	0.9906294	223.48944	0.032242592	0.9764903	0.0
SPIKE	S2:G>C	0	87579	0.0	9999.0	0.0	TRUE	G	1.0235899E-4	1.0	5.597032E-4	0.98577195	370.96707	0.024178743	0.9907562	1.0
SPIKE	S2:G>T	0	87579	0.0	9999.0	0.0	TRUE	G	8.605393E-5	7.0	6.8130344E-4	0.9880247	306.8709	0.024575986	0.9911563	1.0
SPIKE	S3:C>A	0	87664	0.0	9999.0	0.0	TRUE	C	6.383452E-6	3.0	0.01285555	0.9991067	5.909399	0.095929645	0.96597254	1.0
SPIKE	S3:C>G	0	87664	0.0	9999.0	0.0	TRUE	C	2.9740168E-6	11.0	6.448678E-4	0.9995837	365.71548	0.023716586	0.9921613	0.0
SPIKE	S3:C>T	0	87664	0.0	9999.0	0.0	TRUE	C	7.279987E-5	228.0	0.0010175871	0.98985976	501.7214	0.028019423	0.9842354	0.0
SPIKE	S4:G>A	30	87735	3.4193878E-4	396.2098	39.866665	TRUE	G	6.089306E-5	166.0	0.0018342838	0.9915112	223.88753	0.032242592	0.9764903	0.0
SPIKE	S4:G>C	2	87735	2.2795919E-5	7.56669	39.5	TRUE	G	1.0235899E-4	8.0	5.597032E-4	0.98577195	371.62784	0.024178743	0.9907562	1.0
SPIKE	S4:G>T	0	87735	0.0	9999.0	0.0	TRUE	G	8.605393E-5	6.0	6.8130344E-4	0.9880247	307.4175	0.024575986	0.9911563	1.0
SPIKE	S5:T>A	2	87792	2.278112E-5	16.14241	39.5	TRUE	T	3.344894E-5	1.0	0.0014274175	0.99532807	98.66035	0.029806778	0.9949692	1.0
SPIKE	S5:T>G	1	87792	1.139056E-5	17.156834	40.0	TRUE	T	3.8980234E-6	14.0	3.3000132E-4	0.99945444	806.08936	0.024452018	0.9886933	0.0
SPIKE	S5:T>C	6	87792	6.834335E-5	53.40504	38.5	TRUE	T	4.6282134E-5	114.0	0.0015856959	0.9935414	170.23463	0.03569872	0.9641952	0.0
SPIKE	I6:>G	2	87854	2.2765042E-5	9999.0	39.954323	TRUE		NaN	NaN	NaN	NaN	NaN	NaN	NaN	NaN
SPIKE	S6:G>A	23	87854	2.6179798E-4	313.94928	39.913044	TRUE	G	4.32268E-5	118.0	0.0018342838	0.9939665	224.19121	0.032242592	0.9764903	0.0
SPIKE	S6:G>T	2	87854	2.2765042E-5	8.787201	38.0	TRUE	G	8.605393E-5	6.0	6.8130344E-4	0.9880247	307.8345	0.024575986	0.9911563	1.0
SPIKE	S6:G>C	0	87854	0.0	9999.0	0.0	TRUE	G	1.0235899E-4	0.0	5.597032E-4	0.98577195	372.1319	0.024178743	0.9907562	1.0
SPIKE	S7:A>C	7	87894	7.964139E-5	90.904076	39.57143	TRUE	A	1.9369354E-5	2.0	0.0021306186	0.997292	35.24787	0.048402496	0.9511016	1.0
SPIKE	D7-8:A>	79	87894	8.988099E-4	9999.0	39.964207	TRUE		NaN	NaN	NaN	NaN	NaN	NaN	NaN	NaN
SPIKE	S7:A>G	0	87894	0.0	9999.0	0.0	TRUE	A	1.5474248E-5	41.0	0.0014357727	0.99783593	253.88414	0.03322071	0.94978875	0.0
SPIKE	S7:A>T	0	87894	0.0	9999.0	0.0	TRUE	A	2.91223E-5	7.0	0.0019154376	0.99593115	75.77952	0.033842757	0.99006426	1.0
SPIKE	S8:A>G	1	87897	1.1376953E-5	7.546838	40.0	TRUE	A	3.6231148E-5	96.0	0.0014357727	0.99494046	253.8928	0.03322071	0.94978875	0.0
SPIKE	S8:A>C	9	87897	1.0239257E-4	123.87303	39.77778	TRUE	A	1.9369354E-5	3.0	0.0021306186	0.997292	35.249073	0.048402496	0.9511016	1.0
SPIKE	S8:A>T	0	87897	0.0	9999.0	0.0	TRUE	A	2.91223E-5	2.0	0.0019154376	0.99593115	75.782104	0.033842757	0.99006426	1.0
SPIKE	D9-11:GA>	9	87903	1.0238559E-4	9999.0	39.92848	TRUE		NaN	NaN	NaN	NaN	NaN	NaN	NaN	NaN
SPIKE	I9:>G	1	87903	1.1376176E-5	9999.0	39.92848	TRUE		NaN	NaN	NaN	NaN	NaN	NaN	NaN	NaN
SPIKE	S9:G>A	27	87903	3.0715676E-4	371.17624	39.703705	TRUE	G	4.8694572E-5	133.0	0.0018342838	0.99320596	224.31625	0.032242592	0.9764903	0.0
SPIKE	D9-10:G>	45	87903	5.1192794E-4	9999.0	39.92848	TRUE		NaN	NaN	NaN	NaN	NaN	NaN	NaN	NaN
SPIKE	S9:G>C	0	87903	0.0	9999.0	0.0	TRUE	G	1.0235899E-4	0.0	5.597032E-4	0.98577195	372.33948	0.024178743	0.9907562	1.0
SPIKE	S9:G>T	0	87903	0.0	9999.0	0.0	TRUE	G	8.605393E-5	3.0	6.8130344E-4	0.9880247	308.0062	0.024575986	0.9911563	1.0
SPIKE	S10:A>G	1	87903	1.1376176E-5	5.843272	40.0	TRUE	A	5.4720396E-5	145.0	0.0014357727	0.9923684	253.91014	0.03322071	0.94978875	0.0
SPIKE	S10:A>C	5	87903	5.688088E-5	60.24478	40.0	TRUE	A	1.9369354E-5	6.0	0.0021306186	0.997292	35.25148	0.048402496	0.9511016	1.0
SPIKE	D10-11:A>	31	87903	3.5266145E-4	9999.0	39.922256	TRUE		NaN	NaN	NaN	NaN	NaN	NaN	NaN	NaN
SPIKE	D10-12:AC>	3	87903	3.4128527E-5	9999.0	39.922256	TRUE		NaN	NaN	NaN	NaN	NaN	NaN	NaN	NaN
SPIKE	S10:A>T	0	87903	0.0	9999.0	0.0	TRUE	A	2.91223E-5	1.0	0.0019154376	0.99593115	75.78728	0.033842757	0.99006426	1.0
SPIKE	S11:C>G	1	87904	1.1376047E-5	3.5657303	40.0	TRUE	C	9.887673E-5	1.0	6.448678E-4	0.9862526	366.71674	0.023716586	0.9921613	1.0
SPIKE	S11:C>T	27	87904	3.0715327E-4	330.48886	39.814816	TRUE	C	6.941685E-5	218.0	0.0010175871	0.9903287	503.095	0.028019423	0.9842354	0.0
SPIKE	D11-13:CG>	1	87904	1.1376047E-5	9999.0	39.893078	TRUE		NaN	NaN	NaN	NaN	NaN	NaN	NaN	NaN
SPIKE	D11-12:C>	32	87904	3.640335E-4	9999.0	39.893078	TRUE		NaN	NaN	NaN	NaN	NaN	NaN	NaN	NaN
SPIKE	I11:>C	1	87904	1.1376047E-5	9999.0	39.893078	TRUE		NaN	NaN	NaN	NaN	NaN	NaN	NaN	NaN
SPIKE	S11:C>A	0	87904	0.0	9999.0	0.0	TRUE	C	6.383452E-6	2.0	0.01285555	0.9991067	5.9255776	0.095929645	0.96597254	1.0
SPIKE	D12-14:GA>	5	87904	5.688023E-5	9999.0	39.790443	TRUE		NaN	NaN	NaN	NaN	NaN	NaN	NaN	NaN
SPIKE	S12:G>A	35	87904	3.9816162E-4	501.35672	39.74286	TRUE	G	5.3819702E-5	147.0	0.0018342838	0.99249357	224.3188	0.032242592	0.9764903	0.0
SPIKE	S12:G>T	3	87904	3.412814E-5	14.801218	36.0	TRUE	G	8.605393E-5	1.0	6.8130344E-4	0.9880247	308.00967	0.024575986	0.9911563	1.0
SPIKE	D12-13:G>	36	87904	4.0953766E-4	9999.0	39.790443	TRUE		NaN	NaN	NaN	NaN	NaN	NaN	NaN	NaN
SPIKE	S12:G>C	0	87904	0.0	9999.0	0.0	TRUE	G	1.0235899E-4	4.0	5.597032E-4	0.98577195	372.3437	0.024178743	0.9907562	1.0
SPIKE	S13:A>C	1	87904	1.1376047E-5	13.623403	40.0	TRUE	A	8.791294E-6	16.0	0.0021306186	0.99877	35.25188	0.048402496	0.9511016	0.0
SPIKE	D13-14:A>	30	87904	3.412814E-4	9999.0	39.832645	TRUE		NaN	NaN	NaN	NaN	NaN	NaN	NaN	NaN
SPIKE	S13:A>G	0	87904	0.0	9999.0	0.0	TRUE	A	1.8416034E-4	488.0	0.0014357727	0.9745471	253.91302	0.03322071	0.94978875	0.0
SPIKE	S13:A>T	0	87904	0.0	9999.0	0.0	TRUE	A	7.3009273E-6	19.0	0.0019154376	0.9989784	75.78814	0.033842757	0.99006426	0.0
SPIKE	S14:C>G	4	87904	4.5504188E-5	19.790628	40.0	TRUE	C	9.887673E-5	2.0	6.448678E-4	0.9862526	366.71674	0.023716586	0.9921613	1.0
SPIKE	S14:C>T	21	87904	2.3889697E-4	291.2507	39.761906	TRUE	C	3.789268E-5	119.0	0.0010175871	0.9947091	503.095	0.028019423	0.9842354	0.0
SPIKE	D14-15:C>	28	87904	3.1852932E-4	9999.0	39.933678	TRUE		NaN	NaN	NaN	NaN	NaN	NaN	NaN	NaN
SPIKE	S14:C>A	0	87904	0.0	9999.0	0.0	TRUE	C	6.383452E-6	2.0	0.01285555	0.9991067	5.9255776	0.095929645	0.96597254	1.0
SPIKE	S15:A>C	9	87904	1.02384416E-4	172.68721	39.555557	TRUE	A	5.4945585E-6	10.0	0.0021306186	0.99923104	35.25188	0.048402496	0.9511016	0.0
SPIKE	D15-16:A>	31	87904	3.5265746E-4	9999.0	39.848026	TRUE		NaN	NaN	NaN	NaN	NaN	NaN	NaN	NaN
SPIKE	S15:A>G	0	87904	0.0	9999.0	0.0	TRUE	A	3.6228263E-5	96.0	0.0014357727	0.9949409	253.91302	0.03322071	0.94978875	0.0
SPIKE	S15:A>T	0	87904	0.0	9999.0	0.0	TRUE	A	2.91223E-5	4.0	0.0019154376	0.99593115	75.78814	0.033842757	0.99006426	1.0
SPIKE	S16:G>A	21	87904	2.3889697E-4	275.09003	39.714287	TRUE	G	4.5398934E-5	124.0	0.0018342838	0.9936643	224.3188	0.032242592	0.9764903	0.0
SPIKE	S16:G>T	1	87904	1.1376047E-5	4.0745516	38.0	TRUE	G	8.605393E-5	0.0	6.8130344E-4	0.9880247	308.00967	0.024575986	0.9911563	1.0
SPIKE	D16-17:G>	19	87904	2.1614488E-4	9999.0	39.940697	TRUE		NaN	NaN	NaN	NaN	NaN	NaN	NaN	NaN
SPIKE	S16:G>C	0	87904	0.0	9999.0	0.0	TRUE	G	1.0235899E-4	0.0	5.597032E-4	0.98577195	372.3437	0.024178743	0.9907562	1.0
SPIKE	S17:A>C	4	87904	4.5504188E-5	64.41184	40.0	TRUE	A	6.5934705E-6	12.0	0.0021306186	0.9990773	35.25188	0.048402496	0.9511016	0.0
SPIKE	D17-18:A>	9	87904	1.02384416E-4	9999.0	39.92007	TRUE		NaN	NaN	NaN	NaN	NaN	NaN	NaN	NaN
SPIKE	S17:A>G	0	87904	0.0	9999.0	0.0	TRUE	A	8.5664746E-5	227.0	0.0014357727	0.9880786	253.91302	0.03322071	0.94978875	0.0
SPIKE	S17:A>T	0	87904	0.0	9999.0	0.0	TRUE	A	2.91223E-5	8.0	0.0019154376	0.99593115	75.78814	0.033842757	0.99006426	1.0
SPIKE	S18:A>G	1	87904	1.1376047E-5	5.4473243	40.0	TRUE	A	6.0380436E-5	160.0	0.0014357727	0.9915824	253.91302	0.03322071	0.94978875	0.0
SPIKE	S18:A>C	13	87904	1.4788861E-4	195.0928	39.615383	TRUE	A	1.9369354E-5	5.0	0.0021306186	0.997292	35.25188	0.048402496	0.9511016	1.0
SPIKE	S18:A>T	0	87904	0.0	9999.0	0.0	TRUE	A	2.91223E-5	3.0	0.0019154376	0.99593115	75.78814	0.033842757	0.99006426	1.0
SPIKE	S19:C>G	8	87904	9.1008376E-5	53.15647	39.75	TRUE	C	9.887673E-5	3.0	6.448678E-4	0.9862526	366.71674	0.023716586	0.9921613	1.0
SPIKE	S19:C>T	8	87904	9.1008376E-5	76.06743	40.0	TRUE	C	4.8719165E-5	153.0	0.0010175871	0.9932025	503.095	0.028019423	0.9842354	0.0
SPIKE	S19:C>A	0	87904	0.0	9999.0	0.0	TRUE	C	6.383452E-6	5.0	0.01285555	0.9991067	5.9255776	0.095929645	0.96597254	1.0
SPIKE	S20:C>G	5	87904	5.688023E-5	27.144726	39.2	TRUE	C	9.887673E-5	0.0	6.448678E-4	0.9862526	366.71674	0.023716586	0.9921613	1.0
SPIKE	S20:C>T	4	87904	4.5504188E-5	34.84768	40.0	TRUE	C	3.789268E-5	119.0	0.0010175871	0.9947091	503.095	0.028019423	0.9842354	0.0
SPIKE	S20:C>A	0	87904	0.0	9999.0	0.0	TRUE	C	6.383452E-6	1.0	0.01285555	0.9991067	5.9255776	0.095929645	0.96597254	1.0
SPIKE	S21:A>G	0	87904	0.0	9999.0	0.0	TRUE	A	6.5286345E-5	173.0	0.0014357727	0.9909015	253.91302	0.03322071	0.94978875	0.0
SPIKE	S21:A>C	0	87904	0.0	9999.0	0.0	TRUE	A	6.0440148E-6	11.0	0.0021306186	0.9991542	35.25188	0.048402496	0.9511016	0.0
SPIKE	S21:A>T	0	87904	0.0	9999.0	0.0	TRUE	A	2.91223E-5	0.0	0.0019154376	0.99593115	75.78814	0.033842757	0.99006426	1.0
SPIKE	S22:A>C	87904	87904	1.0	Infinity	39.993664	FALSE	C	1.9369354E-5	0.0	0.0021306186	0.997292	35.25188	0.048402496	0.9511016	1.0
SPIKE	S22:A>G	0	87904	0.0	9999.0	0.0	FALSE	C	9.5821124E-5	0.0	0.0014357727	0.9866746	253.91302	0.03322071	0.94978875	1.0
SPIKE	S22:A>T	0	87904	0.0	9999.0	0.0	FALSE	C	2.91223E-5	0.0	0.0019154376	0.99593115	75.78814	0.033842757	0.99006426	1.0
SPIKE	S23:A>T	87904	87904	1.0	Infinity	39.99363	FALSE	T	2.91223E-5	0.0	0.0019154376	0.99593115	75.78814	0.033842757	0.99006426	1.0
SPIKE	S23:A>G	0	87904	0.0	9999.0	0.0	FALSE	T	9.5821124E-5	0.0	0.0014357727	0.9866746	253.91302	0.03322071	0.94978875	1.0
SPIKE	S23:A>C	0	87904	0.0	9999.0	0.0	FALSE	T	1.9369354E-5	2.0	0.0021306186	0.997292	35.25188	0.048402496	0.9511016	1.0
SPIKE	S24:A>C	87904	87904	1.0	Infinity	39.99364	FALSE	C	1.9369354E-5	0.0	0.0021306186	0.997292	35.25188	0.048402496	0.9511016	1.0
SPIKE	S24:A>G	0	87904	0.0	9999.0	0.0	FALSE	C	9.5821124E-5	0.0	0.0014357727	0.9866746	253.91302	0.03322071	0.94978875	1.0
SPIKE	S24:A>T	0	87904	0.0	9999.0	0.0	FALSE	C	2.91223E-5	3.0	0.0019154376	0.99593115	75.78814	0.033842757	0.99006426	1.0
SPIKE	S25:A>G	0	87904	0.0	9999.0	0.0	TRUE	A	9.5821124E-5	0.0	0.0014357727	0.9866746	253.91302	0.03322071	0.94978875	1.0
SPIKE	S25:A>C	0	87904	0.0	9999.0	0.0	TRUE	A	1.9369354E-5	3.0	0.0021306186	0.997292	35.25188	0.048402496	0.9511016	1.0
SPIKE	S25:A>T	0	87904	0.0	9999.0	0.0	TRUE	A	2.91223E-5	0.0	0.0019154376	0.99593115	75.78814	0.033842757	0.99006426	1.0
SPIKE	S26:T>C	1	87904	1.1376047E-5	8.173909	40.0	TRUE	T	3.122091E-5	77.0	0.0015856959	0.9956386	170.45181	0.03569872	0.9641952	0.0
SPIKE	S26:T>A	0	87904	0.0	9999.0	0.0	TRUE	T	3.344894E-5	5.0	0.0014274175	0.99532807	98.78621	0.029806778	0.9949692	1.0
SPIKE	S26:T>G	0	87904	0.0	9999.0	0.0	TRUE	T	2.2443967E-4	7.0	3.3000132E-4	0.969067	807.11774	0.024452018	0.9886933	1.0
SPIKE	S27:G>A	4	87904	4.5504188E-5	31.265604	39.75	TRUE	G	4.7229536E-5	129.0	0.0018342838	0.9934097	224.3188	0.032242592	0.9764903	0.0
SPIKE	S27:G>C	0	87904	0.0	9999.0	0.0	TRUE	G	1.0235899E-4	0.0	5.597032E-4	0.98577195	372.3437	0.024178743	0.9907562	1.0
SPIKE	S27:G>T	0	87904	0.0	9999.0	0.0	TRUE	G	8.605393E-5	4.0	6.8130344E-4	0.9880247	308.00967	0.024575986	0.9911563	1.0
SPIKE	S28:G>A	7	87904	7.963233E-5	64.040054	38.42857	TRUE	G	4.8327896E-5	132.0	0.0018342838	0.9932569	224.3188	0.032242592	0.9764903	0.0
SPIKE	S28:G>C	0	87904	0.0	9999.0	0.0	TRUE	G	1.0235899E-4	0.0	5.597032E-4	0.98577195	372.3437	0.024178743	0.9907562	1.0
SPIKE	S28:G>T	0	87904	0.0	9999.0	0.0	TRUE	G	8.605393E-5	2.0	6.8130344E-4	0.9880247	308.00967	0.024575986	0.9911563	1.0
SPIKE	S29:G>A	6	87904	6.825628E-5	49.020077	39.666668	TRUE	G	5.5284185E-5	151.0	0.0018342838	0.9922901	224.3188	0.032242592	0.9764903	0.0
SPIKE	S29:G>C	0	87904	0.0	9999.0	0.0	TRUE	G	1.0235899E-4	0.0	5.597032E-4	0.98577195	372.3437	0.024178743	0.9907562	1.0
SPIKE	S29:G>T	0	87904	0.0	9999.0	0.0	TRUE	G	8.605393E-5	0.0	6.8130344E-4	0.9880247	308.00967	0.024575986	0.9911563	1.0
SPIKE	S30:A>G	0	87904	0.0	9999.0	0.0	TRUE	A	5.019124E-5	133.0	0.0014357727	0.9929979	253.91302	0.03322071	0.94978875	0.0
SPIKE	S30:A>C	0	87904	0.0	9999.0	0.0	TRUE	A	1.9369354E-5	1.0	0.0021306186	0.997292	35.25188	0.048402496	0.9511016	1.0
SPIKE	S30:A>T	0	87904	0.0	9999.0	0.0	TRUE	A	2.91223E-5	4.0	0.0019154376	0.99593115	75.78814	0.033842757	0.99006426	1.0
SPIKE	S31:T>A	0	87904	0.0	9999.0	0.0	TRUE	T	3.344894E-5	0.0	0.0014274175	0.99532807	98.78621	0.029806778	0.9949692	1.0
SPIKE	S31:T>G	0	87904	0.0	9999.0	0.0	TRUE	T	2.2443967E-4	3.0	3.3000132E-4	0.969067	807.11774	0.024452018	0.9886933	1.0
SPIKE	S31:T>C	0	87904	0.0	9999.0	0.0	TRUE	T	4.662863E-5	115.0	0.0015856959	0.99349326	170.45181	0.03569872	0.9641952	0.0
SPIKE	S32:C>T	4	87904	4.5504188E-5	31.855995	40.0	TRUE	C	4.5534904E-5	143.0	0.0010175871	0.99364537	503.095	0.028019423	0.9842354	0.0
SPIKE	S32:C>A	0	87904	0.0	9999.0	0.0	TRUE	C	6.383452E-6	0.0	0.01285555	0.9991067	5.9255776	0.095929645	0.96597254	1.0
SPIKE	S32:C>G	0	87904	0.0	9999.0	0.0	TRUE	C	9.887673E-5	0.0	6.448678E-4	0.9862526	366.71674	0.023716586	0.9921613	1.0
SPIKE	S33:C>A	0	87904	0.0	9999.0	0.0	TRUE	C	6.383452E-6	2.0	0.01285555	0.9991067	5.9255776	0.095929645	0.96597254	1.0
SPIKE	S33:C>G	0	87904	0.0	9999.0	0.0	TRUE	C	9.887673E-5	0.0	6.448678E-4	0.9862526	366.71674	0.023716586	0.9921613	1.0
SPIKE	S33:C>T	0	87904	0.0	9999.0	0.0	TRUE	C	3.8529535E-5	121.0	0.0010175871	0.9946204	503.095	0.028019423	0.9842354	0.0
SPIKE	S34:A>G	0	87904	0.0	9999.0	0.0	TRUE	A	1.169871E-5	31.0	0.0014357727	0.9983635	253.91302	0.03322071	0.94978875	0.0
SPIKE	S34:A>C	0	87904	0.0	9999.0	0.0	TRUE	A	1.9369354E-5	0.0	0.0021306186	0.997292	35.25188	0.048402496	0.9511016	1.0
SPIKE	S34:A>T	0	87904	0.0	9999.0	0.0	TRUE	A	2.91223E-5	0.0	0.0019154376	0.99593115	75.78814	0.033842757	0.99006426	1.0
SPIKE	S35:T>A	0	87904	0.0	9999.0	0.0	TRUE	T	3.344894E-5	5.0	0.0014274175	0.99532807	98.78621	0.029806778	0.9949692	1.0
SPIKE	S35:T>G	0	87904	0.0	9999.0	0.0	TRUE	T	2.2443967E-4	4.0	3.3000132E-4	0.969067	807.11774	0.024452018	0.9886933	1.0
SPIKE	S35:T>C	0	87904	0.0	9999.0	0.0	TRUE	T	4.7845027E-5	118.0	0.0015856959	0.9933241	170.45181	0.03569872	0.9641952	0.0
SPIKE	S36:T>A	0	87904	0.0	9999.0	0.0	TRUE	T	3.344894E-5	0.0	0.0014274175	0.99532807	98.78621	0.029806778	0.9949692	1.0
SPIKE	S36:T>G	0	87904	0.0	9999.0	0.0	TRUE	T	2.2443967E-4	0.0	3.3000132E-4	0.969067	807.11774	0.024452018	0.9886933	1.0
SPIKE	S36:T>C	0	87904	0.0	9999.0	0.0	TRUE	T	6.911247E-5	9.0	0.0015856959	0.9903709	170.45181	0.03569872	0.9641952	1.0
SPIKE	S37:A>G	0	87904	0.0	9999.0	0.0	TRUE	A	1.2453465E-5	33.0	0.0014357727	0.99825805	253.91302	0.03322071	0.94978875	0.0
SPIKE	S37:A>C	0	87904	0.0	9999.0	0.0	TRUE	A	5.219831E-5	95.0	0.0021306186	0.9927189	35.25188	0.048402496	0.9511016	0.0
SPIKE	S37:A>T	0	87904	0.0	9999.0	0.0	TRUE	A	2.91223E-5	0.0	0.0019154376	0.99593115	75.78814	0.033842757	0.99006426	1.0
SPIKE	S38:T>A	0	87904	0.0	9999.0	0.0	TRUE	T	3.344894E-5	0.0	0.0014274175	0.99532807	98.78621	0.029806778	0.9949692	1.0
SPIKE	S38:T>G	0	87904	0.0	9999.0	0.0	TRUE	T	2.2443967E-4	2.0	3.3000132E-4	0.969067	807.11774	0.024452018	0.9886933	1.0
SPIKE	S38:T>C	0	87904	0.0	9999.0	0.0	TRUE	T	4.865596E-6	12.0	0.0015856959	0.9993191	170.45181	0.03569872	0.9641952	0.0
SPIKE	S39:C>T	1	87904	1.1376047E-5	5.8632216	40.0	TRUE	C	5.445083E-5	171.0	0.0010175871	0.9924059	503.095	0.028019423	0.9842354	0.0
SPIKE	S39:C>A	4	87904	4.5504188E-5	64.96875	39.75	TRUE	C	6.383452E-6	0.0	0.01285555	0.9991067	5.9255776	0.095929645	0.96597254	1.0
SPIKE	S39:C>G	0	87904	0.0	9999.0	0.0	TRUE	C	9.887673E-5	0.0	6.448678E-4	0.9862526	366.71674	0.023716586	0.9921613	1.0
SPIKE	S40:G>A	4	87904	4.5504188E-5	27.625547	40.0	TRUE	G	5.931151E-5	162.0	0.0018342838	0.99173075	224.3188	0.032242592	0.9764903	0.0
SPIKE	S40:G>C	0	87904	0.0	9999.0	0.0	TRUE	G	1.0235899E-4	0.0	5.597032E-4	0.98577195	372.3437	0.024178743	0.9907562	1.0
SPIKE	S40:G>T	0	87904	0.0	9999.0	0.0	TRUE	G	8.605393E-5	4.0	6.8130344E-4	0.9880247	308.00967	0.024575986	0.9911563	1.0
SPIKE	S41:G>A	3	87904	3.412814E-5	23.448004	38.333332	TRUE	G	4.100549E-5	112.0	0.0018342838	0.9942757	224.3188	0.032242592	0.9764903	0.0
SPIKE	S41:G>C	0	87904	0.0	9999.0	0.0	TRUE	G	1.0235899E-4	1.0	5.597032E-4	0.98577195	372.3437	0.024178743	0.9907562	1.0
SPIKE	S41:G>T	0	87904	0.0	9999.0	0.0	TRUE	G	8.605393E-5	1.0	6.8130344E-4	0.9880247	308.00967	0.024575986	0.9911563	1.0
SPIKE	S42:C>T	3	87904	3.412814E-5	20.191628	39.333332	TRUE	C	5.381398E-5	169.0	0.0010175871	0.99249434	503.095	0.028019423	0.9842354	0.0
SPIKE	S42:C>A	1	87904	1.1376047E-5	15.010928	40.0	TRUE	C	6.383452E-6	2.0	0.01285555	0.9991067	5.9255776	0.095929645	0.96597254	1.0
SPIKE	S42:C>G	0	87904	0.0	9999.0	0.0	TRUE	C	9.887673E-5	0.0	6.448678E-4	0.9862526	366.71674	0.023716586	0.9921613	1.0
SPIKE	S43:G>A	2	87904	2.2752094E-5	12.378782	40.0	TRUE	G	5.3453583E-5	146.0	0.0018342838	0.9925444	224.3188	0.032242592	0.9764903	0.0
SPIKE	S43:G>C	0	87904	0.0	9999.0	0.0	TRUE	G	1.0235899E-4	0.0	5.597032E-4	0.98577195	372.3437	0.024178743	0.9907562	1.0
SPIKE	S43:G>T	0	87904	0.0	9999.0	0.0	TRUE	G	8.605393E-5	1.0	6.8130344E-4	0.9880247	308.00967	0.024575986	0.9911563	1.0
SPIKE	S44:G>A	1	87904	1.1376047E-5	4.7470317	40.0	TRUE	G	7.2125724E-5	197.0	0.0018342838	0.9899532	224.3188	0.032242592	0.9764903	0.0
SPIKE	S44:G>C	0	87904	0.0	9999.0	0.0	TRUE	G	1.0235899E-4	0.0	5.597032E-4	0.98577195	372.3437	0.024178743	0.9907562	1.0
SPIKE	S44:G>T	0	87904	0.0	9999.0	0.0	TRUE	G	8.605393E-5	1.0	6.8130344E-4	0.9880247	308.00967	0.024575986	0.9911563	1.0
SPIKE	S45:C>T	3	87904	3.412814E-5	8.39789	38.666668	TRUE	C	1.6019848E-4	7.0	0.0010175871	0.9778218	503.095	0.028019423	0.9842354	1.0
SPIKE	S45:C>A	3	87904	3.412814E-5	46.922955	39.333332	TRUE	C	6.383452E-6	2.0	0.01285555	0.9991067	5.9255776	0.095929645	0.96597254	1.0
SPIKE	S45:C>G	0	87904	0.0	9999.0	0.0	TRUE	C	9.887673E-5	0.0	6.448678E-4	0.9862526	366.71674	0.023716586	0.9921613	1.0
SPIKE	S46:G>A	5	87904	5.688023E-5	41.53546	40.0	TRUE	G	4.7595655E-5	130.0	0.0018342838	0.99335873	224.3188	0.032242592	0.9764903	0.0
SPIKE	S46:G>C	0	87904	0.0	9999.0	0.0	TRUE	G	1.0235899E-4	0.0	5.597032E-4	0.98577195	372.3437	0.024178743	0.9907562	1.0
SPIKE	S46:G>T	0	87904	0.0	9999.0	0.0	TRUE	G	8.605393E-5	0.0	6.8130344E-4	0.9880247	308.00967	0.024575986	0.9911563	1.0
SPIKE	S47:A>G	0	87904	0.0	9999.0	0.0	TRUE	A	3.7737773E-6	10.0	0.0014357727	0.9994718	253.91302	0.03322071	0.94978875	0.0
SPIKE	S47:A>C	0	87904	0.0	9999.0	0.0	TRUE	A	1.9369354E-5	0.0	0.0021306186	0.997292	35.25188	0.048402496	0.9511016	1.0
SPIKE	S47:A>T	0	87904	0.0	9999.0	0.0	TRUE	A	2.91223E-5	0.0	0.0019154376	0.99593115	75.78814	0.033842757	0.99006426	1.0
SPIKE	S48:A>G	0	87904	0.0	9999.0	0.0	TRUE	A	3.7737773E-6	10.0	0.0014357727	0.9994718	253.91302	0.03322071	0.94978875	0.0
SPIKE	S48:A>C	0	87904	0.0	9999.0	0.0	TRUE	A	1.9369354E-5	0.0	0.0021306186	0.997292	35.25188	0.048402496	0.9511016	1.0
SPIKE	S48:A>T	0	87904	0.0	9999.0	0.0	TRUE	A	2.91223E-5	0.0	0.0019154376	0.99593115	75.78814	0.033842757	0.99006426	1.0
SPIKE	S49:T>C	1	87904	1.1376047E-5	15.841623	40.0	TRUE	T	5.2710625E-6	13.0	0.0015856959	0.99926233	170.45181	0.03569872	0.9641952	0.0
SPIKE	S49:T>A	0	87904	0.0	9999.0	0.0	TRUE	T	3.344894E-5	0.0	0.0014274175	0.99532807	98.78621	0.029806778	0.9949692	1.0
SPIKE	S49:T>G	0	87904	0.0	9999.0	0.0	TRUE	T	2.2443967E-4	1.0	3.3000132E-4	0.969067	807.11774	0.024452018	0.9886933	1.0
SPIKE	S50:T>A	0	87904	0.0	9999.0	0.0	TRUE	T	3.344894E-5	0.0	0.0014274175	0.99532807	98.78621	0.029806778	0.9949692	1.0
SPIKE	S50:T>G	0	87904	0.0	9999.0	0.0	TRUE	T	2.2443967E-4	2.0	3.3000132E-4	0.969067	807.11774	0.024452018	0.9886933	1.0
SPIKE	S50:T>C	0	87904	0.0	9999.0	0.0	TRUE	T	8.109327E-6	20.0	0.0015856959	0.99886537	170.45181	0.03569872	0.9641952	0.0
SPIKE	S51:T>C	1	87904	1.1376047E-5	16.188965	39.0	TRUE	T	4.865596E-6	12.0	0.0015856959	0.9993191	170.45181	0.03569872	0.9641952	0.0
SPIKE	S51:T>A	0	87904	0.0	9999.0	0.0	TRUE	T	3.344894E-5	3.0	0.0014274175	0.99532807	98.78621	0.029806778	0.9949692	1.0
SPIKE	S51:T>G	0	87904	0.0	9999.0	0.0	TRUE	T	2.2443967E-4	0.0	3.3000132E-4	0.969067	807.11774	0.024452018	0.9886933	1.0
SPIKE	S52:A>G	0	87904	0.0	9999.0	0.0	TRUE	A	1.39629765E-5	37.0	0.0014357727	0.9980471	253.91302	0.03322071	0.94978875	0.0
SPIKE	S52:A>C	0	87904	0.0	9999.0	0.0	TRUE	A	1.0989117E-5	20.0	0.0021306186	0.9984627	35.25188	0.048402496	0.9511016	0.0
SPIKE	S52:A>T	0	87904	0.0	9999.0	0.0	TRUE	A	2.91223E-5	0.0	0.0019154376	0.99593115	75.78814	0.033842757	0.99006426	1.0
SPIKE	S53:C>A	1	87904	1.1376047E-5	15.010928	40.0	TRUE	C	6.383452E-6	0.0	0.01285555	0.9991067	5.9255776	0.095929645	0.96597254	1.0
SPIKE	S53:C>G	0	87904	0.0	9999.0	0.0	TRUE	C	9.887673E-5	5.0	6.448678E-4	0.9862526	366.71674	0.023716586	0.9921613	1.0
SPIKE	S53:C>T	0	87904	0.0	9999.0	0.0	TRUE	C	5.1266572E-5	161.0	0.0010175871	0.9928484	503.095	0.028019423	0.9842354	0.0
SPIKE	S54:C>T	4	87904	4.5504188E-5	30.870754	40.0	TRUE	C	4.8400736E-5	152.0	0.0010175871	0.9932468	503.095	0.028019423	0.9842354	0.0
SPIKE	S54:C>G	1	87904	1.1376047E-5	3.5657303	40.0	TRUE	C	9.887673E-5	0.0	6.448678E-4	0.9862526	366.71674	0.023716586	0.9921613	1.0
SPIKE	S54:C>A	0	87904	0.0	9999.0	0.0	TRUE	C	6.383452E-6	7.0	0.01285555	0.9991067	5.9255776	0.095929645	0.96597254	1.0
SPIKE	S55:A>C	1	87904	1.1376047E-5	6.347597	40.0	TRUE	A	4.8352118E-5	88.0	0.0021306186	0.9932536	35.25188	0.048402496	0.9511016	0.0
SPIKE	S55:A>G	11	87904	1.2513652E-4	31.688963	40.0	TRUE	A	3.5548984E-4	942.0	0.0014357727	0.9514496	253.91302	0.03322071	0.94978875	0.0
SPIKE	S55:A>T	0	87904	0.0	9999.0	0.0	TRUE	A	6.916668E-6	18.0	0.0019154376	0.99903214	75.78814	0.033842757	0.99006426	0.0
SPIKE	S56:C>T	1	87904	1.1376047E-5	6.8636694	40.0	TRUE	C	4.266907E-5	134.0	0.0010175871	0.9940441	503.095	0.028019423	0.9842354	0.0
SPIKE	S56:C>A	0	87904	0.0	9999.0	0.0	TRUE	C	3.1240856E-5	29.0	0.01285555	0.9956358	5.9255776	0.095929645	0.96597254	0.0
SPIKE	S56:C>G	0	87904	0.0	9999.0	0.0	TRUE	C	9.887673E-5	0.0	6.448678E-4	0.9862526	366.71674	0.023716586	0.9921613	1.0
SPIKE	S57:C>T	4	87904	4.5504188E-5	29.457048	40.0	TRUE	C	5.28587E-5	166.0	0.0010175871	0.9926271	503.095	0.028019423	0.9842354	0.0
SPIKE	S57:C>A	2	87904	2.2752094E-5	30.108637	40.0	TRUE	C	6.383452E-6	7.0	0.01285555	0.9991067	5.9255776	0.095929645	0.96597254	1.0
SPIKE	S57:C>G	0	87904	0.0	9999.0	0.0	TRUE	C	9.887673E-5	0.0	6.448678E-4	0.9862526	366.71674	0.023716586	0.9921613	1.0
SPIKE	S58:A>G	1	87904	1.1376047E-5	8.647052	40.0	TRUE	A	2.7925953E-5	74.0	0.0014357727	0.996098	253.91302	0.03322071	0.94978875	0.0
SPIKE	S58:A>C	0	87904	0.0	9999.0	0.0	TRUE	A	2.252769E-5	41.0	0.0021306186	0.9968511	35.25188	0.048402496	0.9511016	0.0
SPIKE	S58:A>T	0	87904	0.0	9999.0	0.0	TRUE	A	2.91223E-5	5.0	0.0019154376	0.99593115	75.78814	0.033842757	0.99006426	1.0
SPIKE	S59:T>C	2	87904	2.2752094E-5	17.71908	40.0	TRUE	T	2.7571712E-5	68.0	0.0015856959	0.9961474	170.45181	0.03569872	0.9641952	0.0
SPIKE	S59:T>A	0	87904	0.0	9999.0	0.0	TRUE	T	1.3543971E-5	40.0	0.0014274175	0.99810565	98.78621	0.029806778	0.9949692	0.0
SPIKE	S59:T>G	0	87904	0.0	9999.0	0.0	TRUE	T	2.2443967E-4	0.0	3.3000132E-4	0.969067	807.11774	0.024452018	0.9886933	1.0
SPIKE	S60:T>A	0	87904	0.0	9999.0	0.0	TRUE	T	3.344894E-5	0.0	0.0014274175	0.99532807	98.78621	0.029806778	0.9949692	1.0
SPIKE	S60:T>G	0	87904	0.0	9999.0	0.0	TRUE	T	2.2443967E-4	5.0	3.3000132E-4	0.969067	807.11774	0.024452018	0.9886933	1.0
SPIKE	S60:T>C	0	87904	0.0	9999.0	0.0	TRUE	T	7.70386E-6	19.0	0.0015856959	0.99892205	170.45181	0.03569872	0.9641952	0.0
SPIKE	S61:G>A	2	87904	2.2752094E-5	12.764094	40.0	TRUE	G	5.089074E-5	139.0	0.0018342838	0.9929006	224.3188	0.032242592	0.9764903	0.0
SPIKE	S61:G>C	0	87904	0.0	9999.0	0.0	TRUE	G	1.0235899E-4	0.0	5.597032E-4	0.98577195	372.3437	0.024178743	0.9907562	1.0
SPIKE	S61:G>T	0	87904	0.0	9999.0	0.0	TRUE	G	1.1734258E-5	42.0	6.8130344E-4	0.99835855	308.00967	0.024575986	0.9911563	0.0
SPIKE	D62-63:A>	1	87904	1.1376047E-5	9999.0	40.0	TRUE		NaN	NaN	NaN	NaN	NaN	NaN	NaN	NaN
SPIKE	S62:A>G	0	87904	0.0	9999.0	0.0	TRUE	A	2.2265287E-5	59.0	0.0014357727	0.9968877	253.91302	0.03322071	0.94978875	0.0
SPIKE	S62:A>C	0	87904	0.0	9999.0	0.0	TRUE	A	1.9369354E-5	1.0	0.0021306186	0.997292	35.25188	0.048402496	0.9511016	1.0
SPIKE	S62:A>T	0	87904	0.0	9999.0	0.0	TRUE	A	2.91223E-5	4.0	0.0019154376	0.99593115	75.78814	0.033842757	0.99006426	1.0
SPIKE	S63:A>G	1	87904	1.1376047E-5	11.621814	40.0	TRUE	A	1.39629765E-5	37.0	0.0014357727	0.9980471	253.91302	0.03322071	0.94978875	0.0
SPIKE	S63:A>C	0	87904	0.0	9999.0	0.0	TRUE	A	1.9369354E-5	1.0	0.0021306186	0.997292	35.25188	0.048402496	0.9511016	1.0
SPIKE	S63:A>T	0	87904	0.0	9999.0	0.0	TRUE	A	2.91223E-5	1.0	0.0019154376	0.99593115	75.78814	0.033842757	0.99006426	1.0
SPIKE	S64:A>G	3	87904	3.412814E-5	28.854942	40.0	TRUE	A	2.6416441E-5	70.0	0.0014357727	0.9963085	253.91302	0.03322071	0.94978875	0.0
SPIKE	S64:A>T	1	87904	1.1376047E-5	8.468837	40.0	TRUE	A	2.91223E-5	1.0	0.0019154376	0.99593115	75.78814	0.033842757	0.99006426	1.0
SPIKE	S64:A>C	0	87904	0.0	9999.0	0.0	TRUE	A	1.9369354E-5	2.0	0.0021306186	0.997292	35.25188	0.048402496	0.9511016	1.0
SPIKE	S65:A>G	4	87904	4.5504188E-5	29.015085	40.0	TRUE	A	5.4342396E-5	144.0	0.0014357727	0.9924209	253.91302	0.03322071	0.94978875	0.0
SPIKE	S65:A>C	0	87904	0.0	9999.0	0.0	TRUE	A	5.4945587E-5	100.0	0.0021306186	0.9923371	35.25188	0.048402496	0.9511016	0.0
SPIKE	S65:A>T	0	87904	0.0	9999.0	0.0	TRUE	A	2.91223E-5	4.0	0.0019154376	0.99593115	75.78814	0.033842757	0.99006426	1.0
SPIKE	S66:C>T	5	87904	5.688023E-5	40.40901	40.0	TRUE	C	5.0311293E-5	158.0	0.0010175871	0.9929812	503.095	0.028019423	0.9842354	0.0
SPIKE	S66:C>A	0	87904	0.0	9999.0	0.0	TRUE	C	1.184998E-5	11.0	0.01285555	0.9983424	5.9255776	0.095929645	0.96597254	0.0
SPIKE	S66:C>G	0	87904	0.0	9999.0	0.0	TRUE	C	9.887673E-5	0.0	6.448678E-4	0.9862526	366.71674	0.023716586	0.9921613	1.0
SPIKE	S67:C>T	2	87904	2.2752094E-5	15.537611	40.0	TRUE	C	3.5982128E-5	113.0	0.0010175871	0.99497515	503.095	0.028019423	0.9842354	0.0
SPIKE	S67:C>A	0	87904	0.0	9999.0	0.0	TRUE	C	4.632265E-5	43.0	0.01285555	0.9935358	5.9255776	0.095929645	0.96597254	0.0
SPIKE	S67:C>G	0	87904	0.0	9999.0	0.0	TRUE	C	9.887673E-5	0.0	6.448678E-4	0.9862526	366.71674	0.023716586	0.9921613	1.0
SPIKE	S68:A>G	9	87904	1.02384416E-4	46.339306	40.0	TRUE	A	1.5925341E-4	422.0	0.0014357727	0.9779512	253.91302	0.03322071	0.94978875	0.0
SPIKE	S68:A>C	1	87904	1.1376047E-5	11.052033	40.0	TRUE	A	1.593422E-5	29.0	0.0021306186	0.9977717	35.25188	0.048402496	0.9511016	0.0
SPIKE	S68:A>T	1	87904	1.1376047E-5	15.453817	40.0	TRUE	A	5.76389E-6	15.0	0.0019154376	0.9991934	75.78814	0.033842757	0.99006426	0.0
SPIKE	S69:G>A	5	87904	5.688023E-5	39.888042	40.0	TRUE	G	5.162298E-5	141.0	0.0018342838	0.99279886	224.3188	0.032242592	0.9764903	0.0
SPIKE	S69:G>C	0	87904	0.0	9999.0	0.0	TRUE	G	1.3195419E-5	48.0	5.597032E-4	0.99815434	372.3437	0.024178743	0.9907562	0.0
SPIKE	S69:G>T	0	87904	0.0	9999.0	0.0	TRUE	G	8.605393E-5	3.0	6.8130344E-4	0.9880247	308.00967	0.024575986	0.9911563	1.0
SPIKE	S70:C>A	1	87904	1.1376047E-5	15.010928	40.0	TRUE	C	6.383452E-6	1.0	0.01285555	0.9991067	5.9255776	0.095929645	0.96597254	1.0
SPIKE	S70:C>T	5	87904	5.688023E-5	32.41509	40.0	TRUE	C	7.514851E-5	236.0	0.0010175871	0.9895344	503.095	0.028019423	0.9842354	0.0
SPIKE	S70:C>G	0	87904	0.0	9999.0	0.0	TRUE	C	9.887673E-5	4.0	6.448678E-4	0.9862526	366.71674	0.023716586	0.9921613	1.0
SPIKE	S71:C>A	3	87904	3.412814E-5	40.199894	40.0	TRUE	C	1.0772709E-5	10.0	0.01285555	0.99849296	5.9255776	0.095929645	0.96597254	0.0
SPIKE	S71:C>T	9	87904	1.02384416E-4	77.074814	40.0	TRUE	C	6.686944E-5	210.0	0.0010175871	0.99068195	503.095	0.028019423	0.9842354	0.0
SPIKE	S71:C>G	0	87904	0.0	9999.0	0.0	TRUE	C	9.706571E-6	36.0	6.448678E-4	0.998642	366.71674	0.023716586	0.9921613	0.0
SPIKE	S72:G>A	4	87904	4.5504188E-5	22.73043	40.0	TRUE	G	8.127873E-5	222.0	0.0018342838	0.9886855	224.3188	0.032242592	0.9764903	0.0
SPIKE	S72:G>C	0	87904	0.0	9999.0	0.0	TRUE	G	1.0235899E-4	3.0	5.597032E-4	0.98577195	372.3437	0.024178743	0.9907562	1.0
SPIKE	S72:G>T	0	87904	0.0	9999.0	0.0	TRUE	G	5.5877417E-6	20.0	6.8130344E-4	0.99921805	308.00967	0.024575986	0.9911563	0.0
SPIKE	S73:T>C	6	87904	6.825628E-5	22.725084	40.0	TRUE	T	1.74756E-4	431.0	0.0015856959	0.97583103	170.45181	0.03569872	0.9641952	0.0
SPIKE	S73:T>A	0	87904	0.0	9999.0	0.0	TRUE	T	3.344894E-5	7.0	0.0014274175	0.99532807	98.78621	0.029806778	0.9949692	1.0
SPIKE	S73:T>G	0	87904	0.0	9999.0	0.0	TRUE	T	2.0299512E-5	73.0	3.3000132E-4	0.9971621	807.11774	0.024452018	0.9886933	0.0
SPIKE	S74:G>A	8	87904	9.1008376E-5	77.35457	40.0	TRUE	G	4.6863413E-5	128.0	0.0018342838	0.9934606	224.3188	0.032242592	0.9764903	0.0
SPIKE	S74:G>C	0	87904	0.0	9999.0	0.0	TRUE	G	1.0235899E-4	6.0	5.597032E-4	0.98577195	372.3437	0.024178743	0.9907562	1.0
SPIKE	S74:G>T	0	87904	0.0	9999.0	0.0	TRUE	G	8.605393E-5	3.0	6.8130344E-4	0.9880247	308.00967	0.024575986	0.9911563	1.0
SPIKE	S75:G>A	1	87904	1.1376047E-5	6.051113	40.0	TRUE	G	5.19891E-5	142.0	0.0018342838	0.99274796	224.3188	0.032242592	0.9764903	0.0
SPIKE	S75:G>C	0	87904	0.0	9999.0	0.0	TRUE	G	1.0235899E-4	0.0	5.597032E-4	0.98577195	372.3437	0.024178743	0.9907562	1.0
SPIKE	S75:G>T	0	87904	0.0	9999.0	0.0	TRUE	G	1.1175483E-5	40.0	6.8130344E-4	0.9984366	308.00967	0.024575986	0.9911563	0.0
SPIKE	S76:T>C	2	87904	2.2752094E-5	12.548834	40.0	TRUE	T	5.230516E-5	129.0	0.0015856959	0.99270403	170.45181	0.03569872	0.9641952	0.0
SPIKE	S76:T>A	0	87904	0.0	9999.0	0.0	TRUE	T	3.344894E-5	2.0	0.0014274175	0.99532807	98.78621	0.029806778	0.9949692	1.0
SPIKE	S76:T>G	0	87904	0.0	9999.0	0.0	TRUE	T	5.2834343E-6	19.0	3.3000132E-4	0.9992606	807.11774	0.024452018	0.9886933	0.0
SPIKE	S77:T>A	0	87904	0.0	9999.0	0.0	TRUE	T	3.344894E-5	0.0	0.0014274175	0.99532807	98.78621	0.029806778	0.9949692	1.0
SPIKE	S77:T>G	0	87904	0.0	9999.0	0.0	TRUE	T	2.2443967E-4	4.0	3.3000132E-4	0.969067	807.11774	0.024452018	0.9886933	1.0
SPIKE	S77:T>C	0	87904	0.0	9999.0	0.0	TRUE	T	1.0542125E-5	26.0	0.0015856959	0.9985252	170.45181	0.03569872	0.9641952	0.0
SPIKE	S78:T>A	0	87904	0.0	9999.0	0.0	TRUE	T	3.344894E-5	1.0	0.0014274175	0.99532807	98.78621	0.029806778	0.9949692	1.0
SPIKE	S78:T>G	0	87904	0.0	9999.0	0.0	TRUE	T	1.112302E-5	40.0	3.3000132E-4	0.99844396	807.11774	0.024452018	0.9886933	0.0
SPIKE	S78:T>C	0	87904	0.0	9999.0	0.0	TRUE	T	5.2710625E-6	13.0	0.0015856959	0.99926233	170.45181	0.03569872	0.9641952	0.0
SPIKE	S79:G>A	3	87904	3.412814E-5	22.122982	40.0	TRUE	G	4.5765053E-5	125.0	0.0018342838	0.99361336	224.3188	0.032242592	0.9764903	0.0
SPIKE	S79:G>C	0	87904	0.0	9999.0	0.0	TRUE	G	1.2095801E-5	44.0	5.597032E-4	0.998308	372.3437	0.024178743	0.9907562	0.0
SPIKE	S79:G>T	0	87904	0.0	9999.0	0.0	TRUE	G	8.605393E-5	5.0	6.8130344E-4	0.9880247	308.00967	0.024575986	0.9911563	1.0
SPIKE	S80:C>A	2	87904	2.2752094E-5	30.108637	40.0	TRUE	C	6.383452E-6	5.0	0.01285555	0.9991067	5.9255776	0.095929645	0.96597254	1.0
SPIKE	S80:C>T	4	87904	4.5504188E-5	25.229769	40.0	TRUE	C	6.909842E-5	217.0	0.0010175871	0.99037284	503.095	0.028019423	0.9842354	0.0
SPIKE	S80:C>G	0	87904	0.0	9999.0	0.0	TRUE	C	9.976198E-6	37.0	6.448678E-4	0.9986043	366.71674	0.023716586	0.9921613	0.0
SPIKE	S81:G>A	4	87904	4.5504188E-5	27.625547	40.0	TRUE	G	5.931151E-5	162.0	0.0018342838	0.99173075	224.3188	0.032242592	0.9764903	0.0
SPIKE	S81:G>C	0	87904	0.0	9999.0	0.0	TRUE	G	1.0235899E-4	0.0	5.597032E-4	0.98577195	372.3437	0.024178743	0.9907562	1.0
SPIKE	S81:G>T	0	87904	0.0	9999.0	0.0	TRUE	G	8.605393E-5	6.0	6.8130344E-4	0.9880247	308.00967	0.024575986	0.9911563	1.0
SPIKE	S82:G>A	7	87904	7.963233E-5	55.654835	40.0	TRUE	G	6.480332E-5	177.0	0.0018342838	0.9909686	224.3188	0.032242592	0.9764903	0.0
SPIKE	S82:G>C	0	87904	0.0	9999.0	0.0	TRUE	G	1.0446373E-5	38.0	5.597032E-4	0.99853855	372.3437	0.024178743	0.9907562	0.0
SPIKE	S82:G>T	0	87904	0.0	9999.0	0.0	TRUE	G	8.605393E-5	1.0	6.8130344E-4	0.9880247	308.00967	0.024575986	0.9911563	1.0
SPIKE	S83:C>A	3	87904	3.412814E-5	46.922955	40.0	TRUE	C	6.383452E-6	0.0	0.01285555	0.9991067	5.9255776	0.095929645	0.96597254	1.0
SPIKE	S83:C>T	2	87904	2.2752094E-5	12.657613	40.0	TRUE	C	5.1584997E-5	162.0	0.0010175871	0.9928041	503.095	0.028019423	0.9842354	0.0
SPIKE	S83:C>G	0	87904	0.0	9999.0	0.0	TRUE	C	1.1863587E-5	44.0	6.448678E-4	0.9983405	366.71674	0.023716586	0.9921613	0.0
SPIKE	S84:G>A	3	87904	3.412814E-5	17.886894	40.0	TRUE	G	6.5535554E-5	179.0	0.0018342838	0.99086696	224.3188	0.032242592	0.9764903	0.0
SPIKE	S84:G>C	0	87904	0.0	9999.0	0.0	TRUE	G	1.0235899E-4	1.0	5.597032E-4	0.98577195	372.3437	0.024178743	0.9907562	1.0
SPIKE	S84:G>T	0	87904	0.0	9999.0	0.0	TRUE	G	8.605393E-5	0.0	6.8130344E-4	0.9880247	308.00967	0.024575986	0.9911563	1.0
SPIKE	S85:A>G	0	87904	0.0	9999.0	0.0	TRUE	A	6.7927995E-6	18.0	0.0014357727	0.9990495	253.91302	0.03322071	0.94978875	0.0
SPIKE	S85:A>C	0	87904	0.0	9999.0	0.0	TRUE	A	1.9369354E-5	0.0	0.0021306186	0.997292	35.25188	0.048402496	0.9511016	1.0
SPIKE	S85:A>T	0	87904	0.0	9999.0	0.0	TRUE	A	1.4986114E-5	39.0	0.0019154376	0.9979041	75.78814	0.033842757	0.99006426	0.0
SPIKE	S86:T>A	0	87904	0.0	9999.0	0.0	TRUE	T	3.344894E-5	0.0	0.0014274175	0.99532807	98.78621	0.029806778	0.9949692	1.0
SPIKE	S86:T>G	0	87904	0.0	9999.0	0.0	TRUE	T	2.2443967E-4	1.0	3.3000132E-4	0.969067	807.11774	0.024452018	0.9886933	1.0
SPIKE	S86:T>C	0	87904	0.0	9999.0	0.0	TRUE	T	2.5138914E-5	62.0	0.0015856959	0.9964867	170.45181	0.03569872	0.9641952	0.0
SPIKE	S87:T>A	0	87904	0.0	9999.0	0.0	TRUE	T	3.344894E-5	1.0	0.0014274175	0.99532807	98.78621	0.029806778	0.9949692	1.0
SPIKE	S87:T>G	0	87904	0.0	9999.0	0.0	TRUE	T	2.780755E-6	10.0	3.3000132E-4	0.9996108	807.11774	0.024452018	0.9886933	0.0
SPIKE	S87:T>C	0	87904	0.0	9999.0	0.0	TRUE	T	9.325726E-6	23.0	0.0015856959	0.99869525	170.45181	0.03569872	0.9641952	0.0
SPIKE	S88:T>A	0	87904	0.0	9999.0	0.0	TRUE	T	3.344894E-5	6.0	0.0014274175	0.99532807	98.78621	0.029806778	0.9949692	1.0
SPIKE	S88:T>G	0	87904	0.0	9999.0	0.0	TRUE	T	2.2443967E-4	0.0	3.3000132E-4	0.969067	807.11774	0.024452018	0.9886933	1.0
SPIKE	S88:T>C	0	87904	0.0	9999.0	0.0	TRUE	T	7.2983944E-6	18.0	0.0015856959	0.99897873	170.45181	0.03569872	0.9641952	0.0
SPIKE	S89:A>G	0	87904	0.0	9999.0	0.0	TRUE	A	9.5821124E-5	6.0	0.0014357727	0.9866746	253.91302	0.03322071	0.94978875	1.0
SPIKE	S89:A>C	0	87904	0.0	9999.0	0.0	TRUE	A	1.9369354E-5	0.0	0.0021306186	0.997292	35.25188	0.048402496	0.9511016	1.0
SPIKE	S89:A>T	0	87904	0.0	9999.0	0.0	TRUE	A	2.91223E-5	6.0	0.0019154376	0.99593115	75.78814	0.033842757	0.99006426	1.0
SPIKE	S90:T>A	0	87904	0.0	9999.0	0.0	TRUE	T	3.344894E-5	1.0	0.0014274175	0.99532807	98.78621	0.029806778	0.9949692	1.0
SPIKE	S90:T>G	0	87904	0.0	9999.0	0.0	TRUE	T	2.2443967E-4	1.0	3.3000132E-4	0.969067	807.11774	0.024452018	0.9886933	1.0
SPIKE	S90:T>C	0	87904	0.0	9999.0	0.0	TRUE	T	6.4874616E-6	16.0	0.0015856959	0.99909216	170.45181	0.03569872	0.9641952	0.0
SPIKE	S91:C>A	1	87904	1.1376047E-5	15.010928	40.0	TRUE	C	6.383452E-6	0.0	0.01285555	0.9991067	5.9255776	0.095929645	0.96597254	1.0
SPIKE	S91:C>T	1	87904	1.1376047E-5	6.832825	40.0	TRUE	C	4.2987496E-5	135.0	0.0010175871	0.99399984	503.095	0.028019423	0.9842354	0.0
SPIKE	S91:C>G	0	87904	0.0	9999.0	0.0	TRUE	C	9.887673E-5	0.0	6.448678E-4	0.9862526	366.71674	0.023716586	0.9921613	1.0
SPIKE	S92:G>A	12	87904	1.3651256E-4	111.3222	39.583332	TRUE	G	7.029512E-5	192.0	0.0018342838	0.99020696	224.3188	0.032242592	0.9764903	0.0
SPIKE	S92:G>C	0	87904	0.0	9999.0	0.0	TRUE	G	1.0235899E-4	0.0	5.597032E-4	0.98577195	372.3437	0.024178743	0.9907562	1.0
SPIKE	S92:G>T	0	87904	0.0	9999.0	0.0	TRUE	G	8.605393E-5	0.0	6.8130344E-4	0.9880247	308.00967	0.024575986	0.9911563	1.0
SPIKE	S93:T>A	0	87904	0.0	9999.0	0.0	TRUE	T	3.344894E-5	5.0	0.0014274175	0.99532807	98.78621	0.029806778	0.9949692	1.0
SPIKE	S93:T>G	0	87904	0.0	9999.0	0.0	TRUE	T	2.780755E-6	10.0	3.3000132E-4	0.9996108	807.11774	0.024452018	0.9886933	0.0
SPIKE	S93:T>C	0	87904	0.0	9999.0	0.0	TRUE	T	2.230065E-5	55.0	0.0015856959	0.9968828	170.45181	0.03569872	0.9641952	0.0
SPIKE	S94:C>A	4	87904	4.5504188E-5	64.96875	39.5	TRUE	C	6.383452E-6	0.0	0.01285555	0.9991067	5.9255776	0.095929645	0.96597254	1.0
SPIKE	S94:C>T	4	87904	4.5504188E-5	30.660358	39.25	TRUE	C	4.903759E-5	154.0	0.0010175871	0.9931582	503.095	0.028019423	0.9842354	0.0
SPIKE	S94:C>G	0	87904	0.0	9999.0	0.0	TRUE	C	9.887673E-5	0.0	6.448678E-4	0.9862526	366.71674	0.023716586	0.9921613	1.0
SPIKE	S95:G>A	8	87904	9.1008376E-5	73.23033	39.25	TRUE	G	5.3087464E-5	145.0	0.0018342838	0.9925953	224.3188	0.032242592	0.9764903	0.0
SPIKE	S95:G>C	0	87904	0.0	9999.0	0.0	TRUE	G	1.0235899E-4	0.0	5.597032E-4	0.98577195	372.3437	0.024178743	0.9907562	1.0
SPIKE	S95:G>T	0	87904	0.0	9999.0	0.0	TRUE	G	8.605393E-5	0.0	6.8130344E-4	0.9880247	308.00967	0.024575986	0.9911563	1.0
SPIKE	S96:T>C	1	87904	1.1376047E-5	5.418362	38.0	TRUE	T	6.081995E-5	150.0	0.0015856959	0.99152136	170.45181	0.03569872	0.9641952	0.0
SPIKE	S96:T>A	0	87904	0.0	9999.0	0.0	TRUE	T	3.344894E-5	5.0	0.0014274175	0.99532807	98.78621	0.029806778	0.9949692	1.0
SPIKE	S96:T>G	0	87904	0.0	9999.0	0.0	TRUE	T	2.2443967E-4	7.0	3.3000132E-4	0.969067	807.11774	0.024452018	0.9886933	1.0
SPIKE	S97:C>T	2	87904	2.2752094E-5	14.530375	39.0	TRUE	C	4.0758514E-5	128.0	0.0010175871	0.9943101	503.095	0.028019423	0.9842354	0.0
SPIKE	S97:C>A	0	87904	0.0	9999.0	0.0	TRUE	C	6.383452E-6	0.0	0.01285555	0.9991067	5.9255776	0.095929645	0.96597254	1.0
SPIKE	S97:C>G	0	87904	0.0	9999.0	0.0	TRUE	C	9.887673E-5	0.0	6.448678E-4	0.9862526	366.71674	0.023716586	0.9921613	1.0
SPIKE	S98:A>G	1	87904	1.1376047E-5	10.973489	40.0	TRUE	A	1.6227243E-5	43.0	0.0014357727	0.9977308	253.91302	0.03322071	0.94978875	0.0
SPIKE	S98:A>C	0	87904	0.0	9999.0	0.0	TRUE	A	1.9369354E-5	2.0	0.0021306186	0.997292	35.25188	0.048402496	0.9511016	1.0
SPIKE	S98:A>T	0	87904	0.0	9999.0	0.0	TRUE	A	2.91223E-5	0.0	0.0019154376	0.99593115	75.78814	0.033842757	0.99006426	1.0
SPIKE	S99:T>A	0	87904	0.0	9999.0	0.0	TRUE	T	3.344894E-5	0.0	0.0014274175	0.99532807	98.78621	0.029806778	0.9949692	1.0
SPIKE	S99:T>G	0	87904	0.0	9999.0	0.0	TRUE	T	2.2443967E-4	0.0	3.3000132E-4	0.969067	807.11774	0.024452018	0.9886933	1.0
SPIKE	S99:T>C	0	87904	0.0	9999.0	0.0	TRUE	T	9.731192E-6	24.0	0.0015856959	0.9986386	170.45181	0.03569872	0.9641952	0.0
SPIKE	S100:C>T	3	87904	3.412814E-5	18.876928	39.666668	TRUE	C	6.0182494E-5	189.0	0.0010175871	0.9916099	503.095	0.028019423	0.9842354	0.0
SPIKE	S100:C>A	5	87904	5.688023E-5	83.97466	39.4	TRUE	C	6.383452E-6	0.0	0.01285555	0.9991067	5.9255776	0.095929645	0.96597254	1.0
SPIKE	S100:C>G	0	87904	0.0	9999.0	0.0	TRUE	C	9.887673E-5	0.0	6.448678E-4	0.9862526	366.71674	0.023716586	0.9921613	1.0
SPIKE	S101:G>A	6	87904	6.825628E-5	48.072506	39.166668	TRUE	G	5.748091E-5	157.0	0.0018342838	0.99198496	224.3188	0.032242592	0.9764903	0.0
SPIKE	S101:G>C	0	87904	0.0	9999.0	0.0	TRUE	G	1.0235899E-4	1.0	5.597032E-4	0.98577195	372.3437	0.024178743	0.9907562	1.0
SPIKE	S101:G>T	0	87904	0.0	9999.0	0.0	TRUE	G	8.605393E-5	0.0	6.8130344E-4	0.9880247	308.00967	0.024575986	0.9911563	1.0
SPIKE	S102:T>C	2	87904	2.2752094E-5	20.797176	40.0	TRUE	T	1.9056919E-5	47.0	0.0015856959	0.9973356	170.45181	0.03569872	0.9641952	0.0
SPIKE	S102:T>A	0	87904	0.0	9999.0	0.0	TRUE	T	3.344894E-5	1.0	0.0014274175	0.99532807	98.78621	0.029806778	0.9949692	1.0
SPIKE	S102:T>G	0	87904	0.0	9999.0	0.0	TRUE	T	2.2443967E-4	6.0	3.3000132E-4	0.969067	807.11774	0.024452018	0.9886933	1.0
SPIKE	S103:G>A	4	87904	4.5504188E-5	37.517513	39.5	TRUE	G	3.22186E-5	88.0	0.0018342838	0.99549955	224.3188	0.032242592	0.9764903	0.0
SPIKE	S103:G>C	0	87904	0.0	9999.0	0.0	TRUE	G	1.0235899E-4	1.0	5.597032E-4	0.98577195	372.3437	0.024178743	0.9907562	1.0
SPIKE	S103:G>T	0	87904	0.0	9999.0	0.0	TRUE	G	8.605393E-5	0.0	6.8130344E-4	0.9880247	308.00967	0.024575986	0.9911563	1.0
SPIKE	S104:G>A	2	87904	2.2752094E-5	12.272479	40.0	TRUE	G	5.4185824E-5	148.0	0.0018342838	0.99244267	224.3188	0.032242592	0.9764903	0.0
SPIKE	S104:G>C	0	87904	0.0	9999.0	0.0	TRUE	G	1.0235899E-4	3.0	5.597032E-4	0.98577195	372.3437	0.024178743	0.9907562	1.0
SPIKE	S104:G>T	0	87904	0.0	9999.0	0.0	TRUE	G	8.605393E-5	3.0	6.8130344E-4	0.9880247	308.00967	0.024575986	0.9911563	1.0
SPIKE	S105:C>T	10	87904	1.1376046E-4	96.6865	34.0	TRUE	C	5.5406108E-5	174.0	0.0010175871	0.99227315	503.095	0.028019423	0.9842354	0.0
SPIKE	S105:C>A	1	87904	1.1376047E-5	15.010928	40.0	TRUE	C	6.383452E-6	5.0	0.01285555	0.9991067	5.9255776	0.095929645	0.96597254	1.0
SPIKE	S105:C>G	0	87904	0.0	9999.0	0.0	TRUE	C	9.887673E-5	1.0	6.448678E-4	0.9862526	366.71674	0.023716586	0.9921613	1.0
SPIKE	S106:G>A	4	87904	4.5504188E-5	26.499657	39.75	TRUE	G	6.370495E-5	174.0	0.0018342838	0.99112093	224.3188	0.032242592	0.9764903	0.0
SPIKE	S106:G>C	0	87904	0.0	9999.0	0.0	TRUE	G	1.0235899E-4	1.0	5.597032E-4	0.98577195	372.3437	0.024178743	0.9907562	1.0
SPIKE	S106:G>T	0	87904	0.0	9999.0	0.0	TRUE	G	8.605393E-5	2.0	6.8130344E-4	0.9880247	308.00967	0.024575986	0.9911563	1.0
SPIKE	S107:G>A	6	87904	6.825628E-5	35.828346	39.333332	TRUE	G	9.6289674E-5	263.0	0.0018342838	0.9866099	224.3188	0.032242592	0.9764903	0.0
SPIKE	S107:G>C	0	87904	0.0	9999.0	0.0	TRUE	G	1.0235899E-4	0.0	5.597032E-4	0.98577195	372.3437	0.024178743	0.9907562	1.0
SPIKE	S107:G>T	0	87904	0.0	9999.0	0.0	TRUE	G	8.605393E-5	2.0	6.8130344E-4	0.9880247	308.00967	0.024575986	0.9911563	1.0
SPIKE	S108:C>T	4	87904	4.5504188E-5	28.615053	40.0	TRUE	C	5.5724533E-5	175.0	0.0010175871	0.9922289	503.095	0.028019423	0.9842354	0.0
SPIKE	S108:C>A	0	87904	0.0	9999.0	0.0	TRUE	C	6.383452E-6	1.0	0.01285555	0.9991067	5.9255776	0.095929645	0.96597254	1.0
SPIKE	S108:C>G	0	87904	0.0	9999.0	0.0	TRUE	C	9.887673E-5	0.0	6.448678E-4	0.9862526	366.71674	0.023716586	0.9921613	1.0
SPIKE	S109:A>G	1	87904	1.1376047E-5	11.621814	40.0	TRUE	A	1.39629765E-5	37.0	0.0014357727	0.9980471	253.91302	0.03322071	0.94978875	0.0
SPIKE	S109:A>C	0	87904	0.0	9999.0	0.0	TRUE	A	1.9369354E-5	1.0	0.0021306186	0.997292	35.25188	0.048402496	0.9511016	1.0
SPIKE	S109:A>T	0	87904	0.0	9999.0	0.0	TRUE	A	2.91223E-5	0.0	0.0019154376	0.99593115	75.78814	0.033842757	0.99006426	1.0
SPIKE	S110:G>A	9	87904	1.02384416E-4	88.56668	39.11111	TRUE	G	4.9060138E-5	134.0	0.0018342838	0.9931551	224.3188	0.032242592	0.9764903	0.0
SPIKE	S110:G>C	0	87904	0.0	9999.0	0.0	TRUE	G	1.0235899E-4	0.0	5.597032E-4	0.98577195	372.3437	0.024178743	0.9907562	1.0
SPIKE	S110:G>T	0	87904	0.0	9999.0	0.0	TRUE	G	8.605393E-5	1.0	6.8130344E-4	0.9880247	308.00967	0.024575986	0.9911563	1.0
SPIKE	S111:C>T	2	87904	2.2752094E-5	13.056423	39.5	TRUE	C	4.903759E-5	154.0	0.0010175871	0.9931582	503.095	0.028019423	0.9842354	0.0
SPIKE	S111:C>A	2	87904	2.2752094E-5	30.108637	39.5	TRUE	C	6.383452E-6	0.0	0.01285555	0.9991067	5.9255776	0.095929645	0.96597254	1.0
SPIKE	S111:C>G	0	87904	0.0	9999.0	0.0	TRUE	C	9.887673E-5	0.0	6.448678E-4	0.9862526	366.71674	0.023716586	0.9921613	1.0
SPIKE	S112:G>A	1	87903	1.1376176E-5	5.9942045	38.0	TRUE	G	5.272194E-5	144.0	0.0018342838	0.9926461	224.31625	0.032242592	0.9764903	0.0
SPIKE	S112:G>C	0	87903	0.0	9999.0	0.0	TRUE	G	1.0235899E-4	0.0	5.597032E-4	0.98577195	372.33948	0.024178743	0.9907562	1.0
SPIKE	S112:G>T	0	87903	0.0	9999.0	0.0	TRUE	G	8.605393E-5	0.0	6.8130344E-4	0.9880247	308.0062	0.024575986	0.9911563	1.0
SPIKE	S113:T>C	1	87903	1.1376176E-5	8.229244	40.0	TRUE	T	3.0815794E-5	76.0	0.0015856959	0.99569505	170.44987	0.03569872	0.9641952	0.0
SPIKE	S113:T>A	0	87903	0.0	9999.0	0.0	TRUE	T	3.344894E-5	1.0	0.0014274175	0.99532807	98.78509	0.029806778	0.9949692	1.0
SPIKE	S113:T>G	0	87903	0.0	9999.0	0.0	TRUE	T	3.336944E-6	12.0	3.3000132E-4	0.99953294	807.1086	0.024452018	0.9886933	0.0
SPIKE	S114:G>A	3	87903	3.4128527E-5	22.715034	39.666668	TRUE	G	4.3568827E-5	119.0	0.0018342838	0.99391896	224.31625	0.032242592	0.9764903	0.0
SPIKE	S114:G>C	0	87903	0.0	9999.0	0.0	TRUE	G	1.0235899E-4	0.0	5.597032E-4	0.98577195	372.33948	0.024178743	0.9907562	1.0
SPIKE	S114:G>T	0	87903	0.0	9999.0	0.0	TRUE	G	8.605393E-5	1.0	6.8130344E-4	0.9880247	308.0062	0.024575986	0.9911563	1.0
SPIKE	S115:A>G	5	87903	5.688088E-5	33.647545	39.2	TRUE	A	7.057044E-5	187.0	0.0014357727	0.9901688	253.91014	0.03322071	0.94978875	0.0
SPIKE	S115:A>C	0	87903	0.0	9999.0	0.0	TRUE	A	1.9369354E-5	4.0	0.0021306186	0.997292	35.25148	0.048402496	0.9511016	1.0
SPIKE	S115:A>T	0	87903	0.0	9999.0	0.0	TRUE	A	2.91223E-5	1.0	0.0019154376	0.99593115	75.78728	0.033842757	0.99006426	1.0
SPIKE	S116:C>T	2	87903	2.2752352E-5	15.118315	39.5	TRUE	C	3.7893114E-5	119.0	0.0010175871	0.994709	503.08926	0.028019423	0.9842354	0.0
SPIKE	S116:C>A	0	87903	0.0	9999.0	0.0	TRUE	C	6.383452E-6	0.0	0.01285555	0.9991067	5.92551	0.095929645	0.96597254	1.0
SPIKE	S116:C>G	0	87903	0.0	9999.0	0.0	TRUE	C	9.887673E-5	0.0	6.448678E-4	0.9862526	366.71255	0.023716586	0.9921613	1.0
SPIKE	S117:C>T	5	87903	5.688088E-5	44.38722	38.4	TRUE	C	4.1395837E-5	130.0	0.0010175871	0.9942213	503.08926	0.028019423	0.9842354	0.0
SPIKE	S117:C>A	1	87903	1.1376176E-5	15.010978	40.0	TRUE	C	6.383452E-6	3.0	0.01285555	0.9991067	5.92551	0.095929645	0.96597254	1.0
SPIKE	S117:C>G	0	87903	0.0	9999.0	0.0	TRUE	C	9.887673E-5	0.0	6.448678E-4	0.9862526	366.71255	0.023716586	0.9921613	1.0
SPIKE	S118:T>C	1	87903	1.1376176E-5	6.187658	39.0	TRUE	T	5.02784E-5	124.0	0.0015856959	0.9929857	170.44987	0.03569872	0.9641952	0.0
SPIKE	S118:T>A	0	87903	0.0	9999.0	0.0	TRUE	T	3.3860313E-6	10.0	0.0014274175	0.9995261	98.78509	0.029806778	0.9949692	0.0
SPIKE	S118:T>G	0	87903	0.0	9999.0	0.0	TRUE	T	3.0588653E-6	11.0	3.3000132E-4	0.99957186	807.1086	0.024452018	0.9886933	0.0
SPIKE	S119:A>G	3	87903	3.4128527E-5	28.164106	39.666668	TRUE	A	2.792627E-5	74.0	0.0014357727	0.996098	253.91014	0.03322071	0.94978875	0.0
SPIKE	S119:A>C	0	87903	0.0	9999.0	0.0	TRUE	A	1.9369354E-5	6.0	0.0021306186	0.997292	35.25148	0.048402496	0.9511016	1.0
SPIKE	S119:A>T	0	87903	0.0	9999.0	0.0	TRUE	A	2.91223E-5	3.0	0.0019154376	0.99593115	75.78728	0.033842757	0.99006426	1.0
SPIKE	S120:T>C	2	87903	2.2752352E-5	22.155159	39.5	TRUE	T	1.6218839E-5	40.0	0.0015856959	0.9977319	170.44987	0.03569872	0.9641952	0.0
SPIKE	S120:T>A	0	87903	0.0	9999.0	0.0	TRUE	T	3.344894E-5	1.0	0.0014274175	0.99532807	98.78509	0.029806778	0.9949692	1.0
SPIKE	S120:T>G	0	87903	0.0	9999.0	0.0	TRUE	T	2.2443967E-4	2.0	3.3000132E-4	0.969067	807.1086	0.024452018	0.9886933	1.0
SPIKE	S121:G>A	6	87903	6.825705E-5	53.650455	39.333332	TRUE	G	4.5765573E-5	125.0	0.0018342838	0.9936133	224.31625	0.032242592	0.9764903	0.0
SPIKE	S121:G>C	0	87903	0.0	9999.0	0.0	TRUE	G	1.0235899E-4	0.0	5.597032E-4	0.98577195	372.33948	0.024178743	0.9907562	1.0
SPIKE	S121:G>T	0	87903	0.0	9999.0	0.0	TRUE	G	8.605393E-5	0.0	6.8130344E-4	0.9880247	308.0062	0.024575986	0.9911563	1.0
SPIKE	S122:T>C	1	87903	1.1376176E-5	4.72277	39.0	TRUE	T	7.25793E-5	179.0	0.0015856959	0.98989034	170.44987	0.03569872	0.9641952	0.0
SPIKE	S122:T>A	0	87903	0.0	9999.0	0.0	TRUE	T	3.344894E-5	0.0	0.0014274175	0.99532807	98.78509	0.029806778	0.9949692	1.0
SPIKE	S122:T>G	0	87903	0.0	9999.0	0.0	TRUE	T	2.2443967E-4	9.0	3.3000132E-4	0.969067	807.1086	0.024452018	0.9886933	1.0
SPIKE	S123:G>A	6	87903	6.825705E-5	54.452778	39.666668	TRUE	G	4.4301076E-5	121.0	0.0018342838	0.99381703	224.31625	0.032242592	0.9764903	0.0
SPIKE	S123:G>C	0	87903	0.0	9999.0	0.0	TRUE	G	1.0235899E-4	0.0	5.597032E-4	0.98577195	372.33948	0.024178743	0.9907562	1.0
SPIKE	S123:G>T	0	87903	0.0	9999.0	0.0	TRUE	G	8.605393E-5	0.0	6.8130344E-4	0.9880247	308.0062	0.024575986	0.9911563	1.0
SPIKE	S124:T>C	2	87903	2.2752352E-5	12.987623	39.5	TRUE	T	4.9467457E-5	122.0	0.0015856959	0.9930985	170.44987	0.03569872	0.9641952	0.0
SPIKE	S124:T>A	0	87903	0.0	9999.0	0.0	TRUE	T	3.344894E-5	2.0	0.0014274175	0.99532807	98.78509	0.029806778	0.9949692	1.0
SPIKE	S124:T>G	0	87903	0.0	9999.0	0.0	TRUE	T	2.2443967E-4	6.0	3.3000132E-4	0.969067	807.1086	0.024452018	0.9886933	1.0
SPIKE	S125:G>A	2	87903	2.2752352E-5	12.541334	38.5	TRUE	G	5.2355816E-5	143.0	0.0018342838	0.992697	224.31625	0.032242592	0.9764903	0.0
SPIKE	S125:G>C	0	87903	0.0	9999.0	0.0	TRUE	G	1.0235899E-4	0.0	5.597032E-4	0.98577195	372.33948	0.024178743	0.9907562	1.0
SPIKE	S125:G>T	0	87903	0.0	9999.0	0.0	TRUE	G	8.605393E-5	1.0	6.8130344E-4	0.9880247	308.0062	0.024575986	0.9911563	1.0
SPIKE	S126:C>T	5	87903	5.688088E-5	38.577633	33.4	TRUE	C	5.508831E-5	173.0	0.0010175871	0.9923173	503.08926	0.028019423	0.9842354	0.0
SPIKE	S126:C>A	0	87903	0.0	9999.0	0.0	TRUE	C	6.383452E-6	5.0	0.01285555	0.9991067	5.92551	0.095929645	0.96597254	1.0
SPIKE	S126:C>G	0	87903	0.0	9999.0	0.0	TRUE	C	5.662231E-6	21.0	6.448678E-4	0.9992076	366.71255	0.023716586	0.9921613	0.0
SPIKE	S127:G>A	4	87903	4.5504705E-5	28.741316	39.25	TRUE	G	5.5284814E-5	151.0	0.0018342838	0.99229	224.31625	0.032242592	0.9764903	0.0
SPIKE	S127:G>C	0	87903	0.0	9999.0	0.0	TRUE	G	1.0235899E-4	8.0	5.597032E-4	0.98577195	372.33948	0.024178743	0.9907562	1.0
SPIKE	S127:G>T	0	87903	0.0	9999.0	0.0	TRUE	G	8.605393E-5	0.0	6.8130344E-4	0.9880247	308.0062	0.024575986	0.9911563	1.0
SPIKE	S128:G>A	4	87903	4.5504705E-5	24.882391	39.0	TRUE	G	7.066205E-5	193.0	0.0018342838	0.9901561	224.31625	0.032242592	0.9764903	0.0
SPIKE	S128:G>C	0	87903	0.0	9999.0	0.0	TRUE	G	1.0235899E-4	0.0	5.597032E-4	0.98577195	372.33948	0.024178743	0.9907562	1.0
SPIKE	S128:G>T	0	87903	0.0	9999.0	0.0	TRUE	G	8.605393E-5	4.0	6.8130344E-4	0.9880247	308.0062	0.024575986	0.9911563	1.0
SPIKE	S129:C>A	6	87903	6.825705E-5	103.767555	39.5	TRUE	C	6.383452E-6	1.0	0.01285555	0.9991067	5.92551	0.095929645	0.96597254	1.0
SPIKE	S129:C>T	3	87903	3.4128527E-5	21.690565	33.333332	TRUE	C	4.7446E-5	149.0	0.0010175871	0.9933796	503.08926	0.028019423	0.9842354	0.0
SPIKE	S129:C>G	0	87903	0.0	9999.0	0.0	TRUE	C	2.6963005E-6	10.0	6.448678E-4	0.9996226	366.71255	0.023716586	0.9921613	0.0
SPIKE	S130:G>A	10	87903	1.1376176E-4	94.90005	39.7	TRUE	G	5.7847687E-5	158.0	0.0018342838	0.991934	224.31625	0.032242592	0.9764903	0.0
SPIKE	S130:G>C	0	87903	0.0	9999.0	0.0	TRUE	G	1.0235899E-4	9.0	5.597032E-4	0.98577195	372.33948	0.024178743	0.9907562	1.0
SPIKE	S130:G>T	0	87903	0.0	9999.0	0.0	TRUE	G	8.605393E-5	0.0	6.8130344E-4	0.9880247	308.0062	0.024575986	0.9911563	1.0
SPIKE	S131:G>A	4	87903	4.5504705E-5	19.849018	39.75	TRUE	G	9.8487515E-5	269.0	0.0018342838	0.98630637	224.31625	0.032242592	0.9764903	0.0
SPIKE	S131:G>C	0	87903	0.0	9999.0	0.0	TRUE	G	1.0235899E-4	2.0	5.597032E-4	0.98577195	372.33948	0.024178743	0.9907562	1.0
SPIKE	S131:G>T	0	87903	0.0	9999.0	0.0	TRUE	G	8.605393E-5	1.0	6.8130344E-4	0.9880247	308.0062	0.024575986	0.9911563	1.0
SPIKE	S132:C>T	1	87903	1.1376176E-5	5.503003	40.0	TRUE	C	5.954632E-5	187.0	0.0010175871	0.99169815	503.08926	0.028019423	0.9842354	0.0
SPIKE	S132:C>A	0	87903	0.0	9999.0	0.0	TRUE	C	6.383452E-6	4.0	0.01285555	0.9991067	5.92551	0.095929645	0.96597254	1.0
SPIKE	S132:C>G	0	87903	0.0	9999.0	0.0	TRUE	C	9.887673E-5	9.0	6.448678E-4	0.9862526	366.71255	0.023716586	0.9921613	1.0
SPIKE	S133:A>G	0	87903	0.0	9999.0	0.0	TRUE	A	9.5821124E-5	4.0	0.0014357727	0.9866746	253.91014	0.03322071	0.94978875	1.0
SPIKE	S133:A>C	0	87903	0.0	9999.0	0.0	TRUE	A	6.5935455E-6	12.0	0.0021306186	0.9990773	35.25148	0.048402496	0.9511016	0.0
SPIKE	S133:A>T	0	87903	0.0	9999.0	0.0	TRUE	A	2.91223E-5	0.0	0.0019154376	0.99593115	75.78728	0.033842757	0.99006426	1.0
SPIKE	S134:G>A	0	87903	0.0	9999.0	0.0	TRUE	G	1.369306E-4	374.0	0.0018342838	0.9810123	224.31625	0.032242592	0.9764903	0.0
SPIKE	S134:G>C	0	87903	0.0	9999.0	0.0	TRUE	G	2.2267523E-5	81.0	5.597032E-4	0.9968874	372.33948	0.024178743	0.9907562	0.0
SPIKE	S134:G>T	0	87903	0.0	9999.0	0.0	TRUE	G	8.605393E-5	5.0	6.8130344E-4	0.9880247	308.0062	0.024575986	0.9911563	1.0
SPIKE	S135:C>A	0	87903	0.0	9999.0	0.0	TRUE	C	1.5081964E-5	14.0	0.01285555	0.9978908	5.92551	0.095929645	0.96597254	0.0
SPIKE	S135:C>G	0	87903	0.0	9999.0	0.0	TRUE	C	9.887673E-5	8.0	6.448678E-4	0.9862526	366.71255	0.023716586	0.9921613	1.0
SPIKE	S135:C>T	0	87903	0.0	9999.0	0.0	TRUE	C	2.1939795E-4	689.0	0.0010175871	0.96975124	503.08926	0.028019423	0.9842354	0.0
SPIKE	S136:C>A	0	87903	0.0	9999.0	0.0	TRUE	C	6.383452E-6	8.0	0.01285555	0.9991067	5.92551	0.095929645	0.96597254	1.0
SPIKE	S136:C>G	0	87903	0.0	9999.0	0.0	TRUE	C	4.0444506E-6	15.0	6.448678E-4	0.99943393	366.71255	0.023716586	0.9921613	0.0
SPIKE	S136:C>T	0	87903	0.0	9999.0	0.0	TRUE	C	2.4391702E-4	766.0	0.0010175871	0.9664281	503.08926	0.028019423	0.9842354	0.0
SPIKE	S137:T>A	0	87903	0.0	9999.0	0.0	TRUE	T	5.079047E-6	15.0	0.0014274175	0.9992892	98.78509	0.029806778	0.9949692	0.0
SPIKE	S137:T>G	0	87903	0.0	9999.0	0.0	TRUE	T	1.0733837E-4	386.0	3.3000132E-4	0.98508495	807.1086	0.024452018	0.9886933	0.0
SPIKE	S137:T>C	0	87903	0.0	9999.0	0.0	TRUE	T	1.1758658E-5	29.0	0.0015856959	0.99835515	170.44987	0.03569872	0.9641952	0.0
SPIKE	S138:G>A	0	87903	0.0	9999.0	0.0	TRUE	G	4.528961E-4	1237.0	0.0018342838	0.93856287	224.31625	0.032242592	0.9764903	0.0
SPIKE	S138:G>C	0	87903	0.0	9999.0	0.0	TRUE	G	5.2232463E-6	19.0	5.597032E-4	0.999269	372.33948	0.024178743	0.9907562	0.0
SPIKE	S138:G>T	0	87903	0.0	9999.0	0.0	TRUE	G	2.6821466E-5	96.0	6.8130344E-4	0.99625206	308.0062	0.024575986	0.9911563	0.0
SPIKE	S139:A>G	0	87903	0.0	9999.0	0.0	TRUE	A	7.660855E-5	203.0	0.0014357727	0.98933214	253.91014	0.03322071	0.94978875	0.0
SPIKE	S139:A>C	0	87903	0.0	9999.0	0.0	TRUE	A	1.9369354E-5	6.0	0.0021306186	0.997292	35.25148	0.048402496	0.9511016	1.0
SPIKE	S139:A>T	0	87903	0.0	9999.0	0.0	TRUE	A	6.251971E-4	1627.0	0.0019154376	0.9161936	75.78728	0.033842757	0.99006426	0.0
SPIKE	S140:T>A	0	87903	0.0	9999.0	0.0	TRUE	T	1.3747287E-4	406.0	0.0014274175	0.98093784	98.78509	0.029806778	0.9949692	0.0
SPIKE	S140:T>G	0	87903	0.0	9999.0	0.0	TRUE	T	4.3102194E-5	155.0	3.3000132E-4	0.99398386	807.1086	0.024452018	0.9886933	0.0
SPIKE	S140:T>C	0	87903	0.0	9999.0	0.0	TRUE	T	3.405956E-5	84.0	0.0015856959	0.995243	170.44987	0.03569872	0.9641952	0.0
SPIKE	S141:T>A	0	87903	0.0	9999.0	0.0	TRUE	T	9.856737E-4	2911.0	0.0014274175	0.87110364	98.78509	0.029806778	0.9949692	0.0
SPIKE	S141:T>G	0	87903	0.0	9999.0	0.0	TRUE	T	9.788369E-5	352.0	3.3000132E-4	0.98638976	807.1086	0.024452018	0.9886933	0.0
SPIKE	S141:T>C	0	87903	0.0	9999.0	0.0	TRUE	T	9.690756E-5	239.0	0.0015856959	0.9865246	170.44987	0.03569872	0.9641952	0.0
SPIKE	S142:A>G	0	87903	0.0	9999.0	0.0	TRUE	A	0.0015046222	3987.0	0.0014357727	0.8100599	253.91014	0.03322071	0.94978875	0.0
SPIKE	S142:A>C	0	87903	0.0	9999.0	0.0	TRUE	A	3.55502E-4	647.0	0.0021306186	0.95144796	35.25148	0.048402496	0.9511016	0.0
SPIKE	S142:A>T	0	87903	0.0	9999.0	0.0	TRUE	A	2.4631305E-4	641.0	0.0019154376	0.966104	75.78728	0.033842757	0.99006426	0.0
SPIKE	S143:G>A	0	87903	0.0	9999.0	0.0	TRUE	G	4.052999E-4	1107.0	0.0018342838	0.9448378	224.31625	0.032242592	0.9764903	0.0
SPIKE	S143:G>C	0	87903	0.0	9999.0	0.0	TRUE	G	0.0016703391	6076.0	5.597032E-4	0.7914825	372.33948	0.024178743	0.9907562	0.0
SPIKE	S143:G>T	0	87903	0.0	9999.0	0.0	TRUE	G	2.5145124E-5	90.0	6.8130344E-4	0.9964859	308.0062	0.024575986	0.9911563	0.0
SPIKE	S144:C>A	0	87903	0.0	9999.0	0.0	TRUE	C	2.046838E-5	19.0	0.01285555	0.9971385	5.92551	0.095929645	0.96597254	0.0
SPIKE	S144:C>G	0	87903	0.0	9999.0	0.0	TRUE	C	3.0306418E-4	1124.0	6.448678E-4	0.95845854	366.71255	0.023716586	0.9921613	0.0
SPIKE	S144:C>T	0	87903	0.0	9999.0	0.0	TRUE	C	1.94242E-4	610.0	0.0010175871	0.97317255	503.08926	0.028019423	0.9842354	0.0
SPIKE	S145:C>A	0	87903	0.0	9999.0	0.0	TRUE	C	2.046838E-5	19.0	0.01285555	0.9971385	5.92551	0.095929645	0.96597254	0.0
SPIKE	S145:C>G	0	87903	0.0	9999.0	0.0	TRUE	C	2.3916186E-4	887.0	6.448678E-4	0.96707165	366.71255	0.023716586	0.9921613	0.0
SPIKE	S145:C>T	0	87903	0.0	9999.0	0.0	TRUE	C	3.072845E-4	965.0	0.0010175871	0.9578924	503.08926	0.028019423	0.9842354	0.0
SPIKE	S146:C>A	0	87903	0.0	9999.0	0.0	TRUE	C	1.400468E-5	13.0	0.01285555	0.9980413	5.92551	0.095929645	0.96597254	0.0
SPIKE	S146:C>G	0	87903	0.0	9999.0	0.0	TRUE	C	0.00213547	7920.0	6.448678E-4	0.7415848	366.71255	0.023716586	0.9921613	0.0
SPIKE	S146:C>T	0	87903	0.0	9999.0	0.0	TRUE	C	4.1809797E-4	1313.0	0.0010175871	0.94314647	503.08926	0.028019423	0.9842354	0.0
SPIKE	S147:G>A	0	87903	0.0	9999.0	0.0	TRUE	G	1.5706745E-4	429.0	0.0018342838	0.97825056	224.31625	0.032242592	0.9764903	0.0
SPIKE	S147:G>C	0	87903	0.0	9999.0	0.0	TRUE	G	5.3194637E-4	1935.0	5.597032E-4	0.928233	372.33948	0.024178743	0.9907562	0.0
SPIKE	S147:G>T	0	87903	0.0	9999.0	0.0	TRUE	G	0.0023189392	8300.0	6.8130344E-4	0.7227792	308.0062	0.024575986	0.9911563	0.0
SPIKE	S148:T>A	0	87903	0.0	9999.0	0.0	TRUE	T	4.7404437E-6	14.0	0.0014274175	0.99933654	98.78509	0.029806778	0.9949692	0.0
SPIKE	S148:T>G	0	87903	0.0	9999.0	0.0	TRUE	T	0.0036675795	13189.0	3.3000132E-4	0.5984208	807.1086	0.024452018	0.9886933	0.0
SPIKE	S148:T>C	0	87903	0.0	9999.0	0.0	TRUE	T	3.6614027E-4	903.0	0.0015856959	0.950032	170.44987	0.03569872	0.9641952	0.0
SPIKE	S149:G>A	0	87903	0.0	9999.0	0.0	TRUE	G	1.4498534E-4	396.0	0.0018342838	0.9799067	224.31625	0.032242592	0.9764903	0.0
SPIKE	S149:G>C	0	87903	0.0	9999.0	0.0	TRUE	G	0.0025060584	9116.0	5.597032E-4	0.70409065	372.33948	0.024178743	0.9907562	0.0
SPIKE	S149:G>T	0	87903	0.0	9999.0	0.0	TRUE	G	9.0662146E-4	3245.0	6.8130344E-4	0.880798	308.0062	0.024575986	0.9911563	0.0
SPIKE	S150:C>A	0	87900	0.0	9999.0	0.0	TRUE	C	1.0773199E-5	10.0	0.01285555	0.9984929	5.9253078	0.095929645	0.96597254	0.0
SPIKE	S150:C>G	0	87900	0.0	9999.0	0.0	TRUE	C	0.0012211963	4529.0	6.448678E-4	0.842849	366.70004	0.023716586	0.9921613	0.0
SPIKE	S150:C>T	0	87900	0.0	9999.0	0.0	TRUE	C	0.003423871	10752.0	0.0010175871	0.6191907	503.0721	0.028019423	0.9842354	0.0
SPIKE	S151:T>A	0	87897	0.0	9999.0	0.0	TRUE	T	3.344894E-5	8.0	0.0014274175	0.99532807	98.77834	0.029806778	0.9949692	1.0
SPIKE	S151:T>G	0	87897	0.0	9999.0	0.0	TRUE	T	0.0038688944	13912.0	3.3000132E-4	0.58179027	807.05347	0.024452018	0.9886933	0.0
SPIKE	S151:T>C	0	87897	0.0	9999.0	0.0	TRUE	T	0.0010023926	2472.0	0.0015856959	0.8690671	170.43825	0.03569872	0.9641952	0.0
SPIKE	S152:G>A	0	87879	0.0	9999.0	0.0	TRUE	G	1.534481E-4	419.0	0.0018342838	0.97874635	224.255	0.032242592	0.9764903	0.0
SPIKE	S152:G>C	0	87879	0.0	9999.0	0.0	TRUE	G	1.3749139E-5	50.0	5.597032E-4	0.998077	372.2378	0.024178743	0.9907562	0.0
SPIKE	S152:G>T	0	87879	0.0	9999.0	0.0	TRUE	G	7.0705044E-4	2530.0	6.8130344E-4	0.90575445	307.9221	0.024575986	0.9911563	0.0
SPIKE	S153:G>A	0	87751	0.0	9999.0	0.0	TRUE	G	1.503711E-4	410.0	0.0018342838	0.9791681	223.92836	0.032242592	0.9764903	0.0
SPIKE	S153:G>C	0	87751	0.0	9999.0	0.0	TRUE	G	1.1015355E-5	40.0	5.597032E-4	0.99845904	371.69562	0.024178743	0.9907562	0.0
SPIKE	S153:G>T	0	87751	0.0	9999.0	0.0	TRUE	G	1.0075472E-5	36.0	6.8130344E-4	0.9985904	307.47357	0.024575986	0.9911563	0.0
