name	A>C,T>G	A>G,T>C	A>T,T>A	C>A,G>T	C>G,G>C	C>T,G>A
Encyclo	0.0388147862308107	0.590425219497015	0.0498901524674734	0.0242775976532279	0.0115280513610667	0.285064192790407
Kappa HF	0.0248774046809469	0.100872764185757	0.0181403203785197	0.136308587059042	0.0102258513274347	0.709575072368299
SD-HS	0.0326908748152175	0.305942404640448	0.139245252805799	0.0493892690885244	0.16806152882658	0.304670669823431
SNP-detect	0.050638794627066	0.267881785404901	0.0101334518759053	0.0181926106203872	0.0125147690786597	0.640638588393081
Taq-HS	0.0328161265008797	0.557088459973345	0.0722225710792324	0.0706180142379219	0.0151732598656904	0.25208156834293
Tersus	0.0528665293198515	0.348213967832211	0.0178786942418861	0.0571012575180837	0.00695744999353328	0.516982101094435
Tersus-SNP-buffer	0.0517040072011445	0.451780602724681	0.0155576567939472	0.01581297000365	0.00810113147725137	0.457043631799326
TruSeq	0.0594310261420505	0.130903632744255	0.029021873643597	0.253337438725928	0.0250521122835231	0.502253916460646
Velox	0.0374014088085795	0.597807169303331	0.0383669562056435	0.0222166748462178	0.0115008948443039	0.292706895991925
