name	A>C	A>G	A>T	C>A	C>G	C>T	G>A	G>C	G>T	T>A	T>C	T>G
Encyclo	0.0643176733780761	0.219728747203579	0.0255872483221477	0.0996224832214765	0.0170581655480984	0.187360178970917	0.245036353467562	0.00727069351230425	0.00678131991051454	0.0112555928411633	0.10989932885906	0.00608221476510067
Kappa HF	0.0334494773519164	0.0362369337979094	0.00603948896631823	0.424854819976771	0.00952380952380952	0.226480836236934	0.160975609756098	0.00859465737514518	0.0692218350754936	0.00418118466898955	0.0195121951219512	0.000929152148664344
KTN 	0.0581663742960022	0.238112824300619	0.0258517219093343	0.076077924476041	0.0239128427661342	0.191487397285569	0.255839719324162	0.00461637891238113	0.00710922352506694	0.0140337918936386	0.0999907672421752	0.00480103406887637
Phusion	0.0231404958677686	0.028236914600551	0.0114325068870523	0.306198347107438	0.0117079889807163	0.287052341597796	0.22396694214876	0.00785123966942149	0.0413223140495868	0.00895316804407714	0.0359504132231405	0.0141873278236915
SD	0.0479348809164908	0.109586976183298	0.220229122701236	0.0780826047633404	0.0749170937594212	0.127374133252939	0.158878504672897	0.0342176665661743	0.0402472113355442	0.0431112451009949	0.0607476635514019	0.00467289719626168
SNP-detect	0.0795352993744415	0.0902591599642538	0.00268096514745308	0.0473637176050045	0.0223413762287757	0.2609472743521	0.421805183199285	0.000893655049151028	0.00983020554066131	0.00625558534405719	0.0563002680965147	0.00178731009830206
Taq-HS	0.0387556482446993	0.153806047966632	0.0775112964893987	0.240528328119569	0.0187695516162669	0.125477928397636	0.193952033368092	0.00816823079596802	0.0205074730622176	0.0446645811609315	0.0750782064650678	0.00278067431352103
Tersus-buffer1	0.0702773613193403	0.0642803598200899	0.00168665667166417	0.2797976011994	0.0140554722638681	0.177848575712144	0.319902548725637	0.00374812593703148	0.0104947526236882	0.00449775112443778	0.0515367316341829	0.00187406296851574
Tersus-buffer2	0.106727135298564	0.0944822373393802	0.00196523053665911	0.0279667422524565	0.0160241874527589	0.214965986394558	0.450642479213908	0.00755857898715042	0.0111866969009826	0.00680272108843537	0.0575963718820862	0.00408163265306122
TruSeq	0.0451206715634837	0.0293809024134313	0.0146904512067156	0.431269674711438	0.00944386149003148	0.0818467995802728	0.14900314795383	0.00944386149003148	0.203567681007345	0.00314795383001049	0.0230849947534103	0
