qual.threshold	A>C	A>G	A>T	C>A	C>G	C>T	G>A	G>C	G>T	T>A	T>C	T>G
2	0.000101392	0.000162425	9.21122E-05	0.000134981	0.000134479	0.000131677	9.92797E-05	0.00011198	0.000288819	9.71681E-05	0.00015795	0.000155303
3	6.5025E-05	0.000144884	6.57853E-05	0.000112228	9.96508E-05	0.000108176	7.40166E-05	7.51238E-05	0.00021151	7.88645E-05	0.00013843	0.000111953
4	6.5025E-05	0.000144884	6.57853E-05	0.000112228	9.96508E-05	0.000108176	7.40166E-05	7.51238E-05	0.00021151	7.88645E-05	0.00013843	0.000111953
5	6.5025E-05	0.000144884	6.57853E-05	0.000112228	9.96508E-05	0.000108176	7.40166E-05	7.51238E-05	0.00021151	7.88645E-05	0.00013843	0.000111953
6	6.2949E-05	0.000140021	6.38213E-05	0.000111948	9.8669E-05	0.000107179	7.3814E-05	7.04941E-05	0.000200873	7.79161E-05	0.000127113	0.000108837
7	5.87786E-05	0.000136801	6.28879E-05	0.000102833	9.34361E-05	0.000106652	7.14822E-05	6.00326E-05	0.000192038	7.51923E-05	0.00011871	0.000105107
8	4.06552E-05	0.000131113	5.73737E-05	8.46043E-05	7.75977E-05	9.29044E-05	6.49414E-05	5.1938E-05	0.000154299	6.92175E-05	0.000113716	9.06656E-05
9	3.01703E-05	0.000117543	4.74674E-05	7.06844E-05	6.5982E-05	8.41166E-05	6.00901E-05	4.10627E-05	0.000138891	6.26707E-05	9.70976E-05	6.87254E-05
10	2.81668E-05	0.000116362	4.45242E-05	6.10599E-05	5.48658E-05	7.40015E-05	5.42024E-05	3.94745E-05	0.000132733	5.81812E-05	9.3137E-05	5.79507E-05
11	2.32052E-05	0.000102298	3.63213E-05	5.38025E-05	4.71525E-05	6.60918E-05	4.92845E-05	3.15496E-05	0.000104105	4.80047E-05	8.342E-05	5.4505E-05
12	2.2952E-05	0.000102203	3.59948E-05	5.33109E-05	4.67443E-05	6.57334E-05	4.80766E-05	3.01183E-05	0.000102247	4.65375E-05	8.23604E-05	5.37409E-05
13	2.27841E-05	0.000100633	3.53998E-05	5.24091E-05	4.632E-05	6.48077E-05	4.78645E-05	2.95071E-05	9.93717E-05	4.59316E-05	7.76702E-05	5.32602E-05
14	1.93471E-05	0.000100378	3.51407E-05	5.2128E-05	4.57337E-05	6.42669E-05	4.76389E-05	2.89825E-05	9.82288E-05	4.59052E-05	7.76498E-05	5.31663E-05
15	1.90556E-05	9.85618E-05	3.46753E-05	5.04889E-05	4.5398E-05	6.39199E-05	4.71483E-05	2.82753E-05	9.76537E-05	4.53566E-05	7.52702E-05	5.30821E-05
16	1.7578E-05	9.61288E-05	3.33083E-05	4.92807E-05	4.29633E-05	6.13262E-05	4.36186E-05	2.52804E-05	9.29389E-05	4.3221E-05	6.72385E-05	4.54011E-05
17	1.42564E-05	7.68418E-05	2.96598E-05	4.75756E-05	4.00213E-05	5.70132E-05	4.1495E-05	2.25946E-05	8.57963E-05	4.15394E-05	6.15298E-05	3.96265E-05
18	1.21115E-05	7.56055E-05	2.86551E-05	4.59124E-05	3.37196E-05	5.51949E-05	4.07272E-05	2.24381E-05	8.20676E-05	3.65512E-05	5.93025E-05	3.87851E-05
19	1.148E-05	7.00568E-05	2.55759E-05	4.33388E-05	3.02648E-05	4.94082E-05	3.79693E-05	2.08599E-05	7.68482E-05	3.28268E-05	5.45293E-05	3.64562E-05
20	1.1181E-05	6.89199E-05	2.3603E-05	4.23575E-05	2.96402E-05	4.67863E-05	3.56734E-05	2.03848E-05	7.48058E-05	3.13988E-05	5.34591E-05	3.51263E-05
21	1.09978E-05	6.78016E-05	2.32169E-05	4.15949E-05	2.90759E-05	4.58424E-05	3.53539E-05	1.98729E-05	7.18063E-05	3.0174E-05	5.03146E-05	3.40207E-05
22	9.91319E-06	6.64394E-05	2.30472E-05	4.12206E-05	2.82635E-05	4.52861E-05	3.45936E-05	1.89719E-05	7.0503E-05	2.95084E-05	4.80718E-05	3.20172E-05
23	9.77154E-06	6.49227E-05	2.26005E-05	4.1006E-05	2.79991E-05	4.39239E-05	3.40374E-05	1.8258E-05	6.89765E-05	2.89818E-05	4.66323E-05	3.17942E-05
24	9.12339E-06	6.05301E-05	2.19152E-05	3.99125E-05	2.69747E-05	4.23652E-05	3.2229E-05	1.72225E-05	6.6047E-05	2.78296E-05	4.37435E-05	2.89833E-05
25	8.57733E-06	5.92582E-05	2.04174E-05	3.83862E-05	2.54475E-05	3.98863E-05	3.11412E-05	1.64796E-05	6.39992E-05	2.62507E-05	4.09578E-05	2.75884E-05
26	8.17088E-06	5.26314E-05	1.81868E-05	3.70724E-05	2.39073E-05	3.72995E-05	2.93391E-05	1.53134E-05	5.87108E-05	2.4566E-05	3.83718E-05	2.47272E-05
27	7.71678E-06	4.85382E-05	1.72068E-05	3.62628E-05	2.25662E-05	3.53382E-05	2.75375E-05	1.44201E-05	5.58202E-05	2.31549E-05	3.5683E-05	2.39864E-05
28	7.24196E-06	4.52455E-05	1.58263E-05	3.53433E-05	2.05799E-05	3.16322E-05	2.53014E-05	1.34923E-05	5.36905E-05	2.0638E-05	3.1696E-05	2.16295E-05
29	6.87226E-06	4.29203E-05	1.55334E-05	3.50333E-05	2.0261E-05	3.10049E-05	2.47226E-05	1.33512E-05	5.15847E-05	2.03437E-05	3.04317E-05	2.05142E-05
30	6.58825E-06	4.06363E-05	1.43448E-05	3.44707E-05	1.93012E-05	2.86997E-05	2.33086E-05	1.26701E-05	5.01358E-05	1.89854E-05	2.7881E-05	1.9501E-05
31	6.34843E-06	3.67725E-05	1.33338E-05	3.3622E-05	1.79261E-05	2.63064E-05	2.13069E-05	1.14314E-05	4.69117E-05	1.78394E-05	2.58763E-05	1.72903E-05
32	5.92447E-06	3.10222E-05	1.18519E-05	3.29486E-05	1.66097E-05	2.38723E-05	1.92793E-05	1.04761E-05	4.48415E-05	1.60616E-05	2.11893E-05	1.48364E-05
33	5.71713E-06	2.82097E-05	1.08087E-05	3.18441E-05	1.51602E-05	2.18021E-05	1.79496E-05	9.82948E-06	4.28324E-05	1.45363E-05	1.90813E-05	1.22336E-05
34	5.44081E-06	2.51826E-05	9.99377E-06	3.10384E-05	1.40181E-05	1.9082E-05	1.62446E-05	8.9811E-06	4.08093E-05	1.31588E-05	1.50281E-05	1.19145E-05
35	5.32908E-06	2.232E-05	8.82731E-06	2.96164E-05	1.27251E-05	1.69568E-05	1.53138E-05	8.62294E-06	3.98805E-05	1.19563E-05	1.3751E-05	1.20569E-05
36	5.64219E-06	2.57128E-05	1.06736E-05	3.41811E-05	1.40906E-05	1.60471E-05	1.65063E-05	8.61125E-06	4.6478E-05	1.86395E-05	1.895E-05	1.03398E-05
37	5.90244E-06	2.48665E-05	1.04695E-05	3.2456E-05	1.33586E-05	1.39696E-05	1.44463E-05	7.63292E-06	4.45007E-05	1.49092E-05	1.62535E-05	9.55752E-06
38	5.66936E-06	2.31317E-05	9.52162E-06	2.92932E-05	1.26562E-05	1.33095E-05	1.38734E-05	6.96998E-06	4.66872E-05	1.48881E-05	1.47628E-05	8.05578E-06
39	4.95435E-06	1.73562E-05	7.80006E-06	2.73789E-05	1.0525E-05	1.02744E-05	1.1228E-05	5.6619E-06	4.24686E-05	1.17152E-05	1.06945E-05	7.07554E-06
40	4.46178E-06	1.69495E-05	7.12839E-06	2.51914E-05	8.55376E-06	8.53303E-06	1.00848E-05	5.33868E-06	4.19193E-05	1.10753E-05	1.02714E-05	5.78994E-06
41	3.10286E-06	1.06864E-05	4.69769E-06	1.95403E-05	6.43186E-06	5.25859E-06	6.41375E-06	4.00153E-06	3.42109E-05	6.69861E-06	6.62724E-06	4.46574E-06